8592
8586
8560
8546
8532
8519
8505
8476
8476
8447
8418
8415
8381
8379
8375
8361
8348
8312
8300
8285
8252
8219
8208
8192
8186
8163
8153
8135
8109
8091
8082
8057
8037
8035
8004
7980
7974
7964
7948
7938
7906
7899
7899
7894
7883
7852
7816
7780
7776
7766
7755
7746
7714
7678
7666
7663
7642
7642
7636
7614
7598
7574
7565
7531
7501
7483
7462
7435
7403
7393
7381
7374
7372
7357
7347
7318
7292
7269
7268
7253
7245
7215
7213
7180
7173
7147
7116
7097
7074
7041
7024
7016
7012
6997
6969
6951
6943
6933
6900
6891
6862
6854
6843
6827
6815
6808
6782
6765
6730
6705
6671
6661
6643
6635
6601
6593
6579
6568
6558
6554
6535
6528
6509
6497
6491
6459
6428
6406
6384
6365
6357
6340
6307
6274
6268
6255
6249
6242
6218
6202
6199
6187
6168
6140
6140
6110
6075
6042
6021
5994
5989
5984
5964
5962
5955
5941
5927
5897
5883
5879
5869
5858
5856
5825
5810
5775
5767
5735
5708
5706
5698
5671
5654
5624
5622
5601
5588
5571
5532
5510
5489
5464
5433
5410
5392
5358
5352
5348
5321
5289
5280
5259
5240
5213
5178
5170
5141
5107
5082
5073
5069
5041
5027
5005
4980
4943
4941
4928
4921
4889
4886
4870
4863
4854
4833
4806
4776
4776
4745
4738
4723
4694
4688
4680
4648
4645
4627
4618
4611
4580
4548
4527
4507
4491
4483
4475
4469
4469
4458
4449
4422
4388
4369
4363
4353
4347
4335
4306
4293
4274
4250
4217
4187
4175
4140
4124
4118
4112
4106
4096
4089
4062
4049
4011
4009
3989
3977
3971
3965
3933
3904
3870
3853
3839
3808
3789
3766
3744
3714
3686
3670
3666
3662
3643
3631
3614
3585
3555
3536
3507
3498
3467
3457
3430
3412
3401
3392
3371
3369
3355
3334
3331
3297
3281
3263
3247
3220
3208
3202
3202
3185
3171
3159
3152
3134
3101
3080
3043
3032
3024
3001
2973
2957
2949
2930
2930
2929
2918
2904
2878
2870
2868
2850
2829
2814
2814
2789
2754
2735
2701
2697
2681
2651
2619
2586
2578
2554
2542
2540
2540
2517
2492
2461
2427
2422
2394
2387
2383
2370
2339
2321
2310
2303
2294
2283
2251
2227
2200
2176
2176
2173
2139
2104
2092
2061
2031
2017
2006
2006
1969
1955
1928
1910
1884
1864
1839
1833
1815
1790
1772
1743
1740
1730
1700
1670
1641
1610
1588
1557
1524
1497
1493
1481
1481
1471
1432
1395
1366
1353
1351
1314
1292
1285
1265
1245
1226
1203
1199
1170
1154
1148
1117
1082
1051
1039
1006
970
960
942
932
923
907
905
905
895
879
859
854
836
812
791
780
743
721
690
675
673
671
645
625
605
603
589
573
545
544
524
517
517
515
507
477
472
465
427
401
381
376
338
322
312
300
292
259
257
243
233
206
202
183
170
138
129
99
85
66
46
27
27
22
22
22
22
22
22
22
22
22
22
22