3487
3486
3479
3470
3464
3456
3433
3425
3392
3390
3388
3378
3354
3325
3301
3272
3248
3221
3217
3189
3187
3178
3154
3138
3130
3113
3080
3069
3042
3024
3020
3010
2994
2984
2967
2942
2939
2933
2906
2894
2870
2846
2815
2813
2811
2797
2779
2766
2733
2717
2693
2677
2657
2645
2615
2580
2568
2534
2504
2468
2454
2435
2421
2420
2394
2365
2351
2321
2303
2284
2274
2269
2258
2256
2223
2191
2189
2161
2156
2126
2112
2084
2049
2013
2001
1997
1972
1944
1920
1901
1878
1862
1832
1809
1787
1765
1757
1735
1727
1699
1687
1674
1651
1649
1643
1628
1613
1584
1568
1544
1532
1528
1494
1459
1451
1422
1407
1389
1368
1362
1360
1341
1312
1290
1277
1263
1233
1202
1180
1165
1146
1128
1099
1072
1051
1028
997
985
967
942
927
920
901
901
425
401
372
351
348
328
309
286
260
248
221
207
191
171
171