114008
88759
58049
350893
51255
71007
67343
64560
64237
12072
55565
24135
24627
108335
84904
81349
6823
110742
43481
31426
51131
24199
99582
23677
23935
87781
16014
17043
10408
320302
132540
118815
20343
100696
61399
301304
21982
116781
23739
325964
178049
46947
5537
29358
65848
136239
143534
62419
105731
42038
26809
10162
148365
24894
43706
44987
160593
18741
19306
57463
9741
21690
30745
37867
7496
272788
144708
27283
177448
39225
179166
20295
11965
33868
39505
52873
20504
54946
36196
7771
94441
81722
19883
18303
139605
23890
177797
30617
53103
317821
35488
267569
42093
58066
6675
30610
99339
26937
61508
26762
34627
47851
175903
129580
13644
27660
120787
177644
10554
97336
79705
58041
36257
5014
95301
133803
161810
166082
9150
8118
57476
176363
108521
21922
34946
21687
21478
15733
65746
456233
152224
58537
111504
93216
19458
28234
108157
44456
27019
15494
107724
45256
95138
41047
80270
197659
122240
37778
184083
35510
101957
24418
183742
29435
166393
23896
31610
10429
21271
43564
14912
23102
98127
194470
120056
73731
23087
77234
85820
58506
42220
61474
18255
108439
61531
12419
9775
27921
160812
108755
3779
59787
53938
36859
108052
199039
103153
72800
116024
46944
209662
95987
6918
88276
85180
92208
108667
20570
97022
99459
162166
136176
18055
11270
14343
120431
51345
63170
106173
139967
19851
76790
50558
268459
119676
52083
110499
17117
19062
43807
130347
156650
5714
25546
25410
78414
17401
35216
53947
51381
13008
92671
3554
147724
49075
118095
29113
66956
49704
123960
109258
126128
51144
85914
7926
219355
19315
32272
59519
56608
47734
58520
12324
14812
49270
10430
10040
84075
436524
114111
36849
96458
47698
59989
35965
3233
16308
45931
92329
10178
26782
94153
9658
32456
14603
52140
233507
43980
182283
93250
72129
13613
33710
67941
36679
201379
17335
11509
123466
13392
268545
125225
7362
60366
23897
8597
14496
33616
14243
28733
57960
15457
28410
17636
36946
15616
7329
6549
5109
33334
87828
56627
74190
133534
53001
100098
55966
64719
174496
38519
18393
227562
82501
189575
151179
19510
98677
114401
73702
28493
128499
52653
69402
111681
5549
4975
109429
119158
155294
13337
11864
126924
52739
6716
79970
52060
23960
24956
151193
90660
140855
1218
45182
3878
71355
64675
72037
156428
6316
7944
83445
89993
35822
134744
65064
42028
449054
141215
3816
13196
442110
86296
86800
29392
86672
50428
50596
108928
102716
48438
85350
22057
131518
46927
53298
34149
53137
27499
13433
42782
65488
12337
37816
71270
48683
111293
89914
14621
24976
7309
60018
88147
31725
20574
90917
8884
35134
19989
24595
33868
57692
102814
108735
4175
17977
78431
65474
204427
220233
36087
115941
6657
122681
194770
13762
12216
4235
59046
15585
28818
163217
61229
73653
6473
348840
6636
89774
41354
30961
21581
74518
57343
7209
58340
192541
54121
11612
204420
259172
25536
42669
104732
212674
20588
70019
17762
18488
34594
35334
117339
115512
37055
37367
45816
37261
187422
20027
19388
41940
39670
15398
54061
23426
189883
48288
81594
73985
91322
64879
9872
185140
17828
110015
35910
57134
21073
44754
38306
58493
47151
93480
260958
51716
31510
54214
28594
13989
120233
221295
53987
50362
16562
31985
25927
32011
110619
25584
103450
41428
49338
13287
17046
11699
132314
66441
1941
44414
16069
87250
39903
15640
22118
14737
74805
22467
61687
55623
90603
61104
252452
140584
56998
37834
96208
61215
63007
218900
147388
72372
70528
162151
33942
258819
23358
16887
17984
42339
26860
7790
66936
83909
55777
120448
31933
23313
56426
59434
104786
76534
55037
12098
29227
12705
46309
16212
25560
59488
25789
17340
251052
75143
118062
218011
91269
91372
87313
76256
70361
10541
209948
94950
89525
56001
24616
130817
20193
74695
90044
36557
85343
33860
15740
48869
57249
132675
10033
34360
48154
10873
30193
53817
74859
111010
27477
17353
21847
29071
12576
22733
58024
66344
67852
39152
68627
50088
32021
52303
12030
206196
62713
30232
29600
41530
31880
37085
122235
218498
83645
43148
168366
48479
14597
30393
31536
7372
57566
29209
13865
59806
15598
56885
70250
193549
89693
158387
10530
26310
26034
19463
52986
63226
47795
47722
150339
23426
7645
44380
48974
21497
121642
69360
80207
7379
178111
11595
30437
59597
226726
64217
14749
14356
44093
9830
104936
7481
176949
123604
55973
164041
34098
106519
16929
16284
61742
40170
3655
65123
36449
135773
52608
96611
104643
37892
135132
316896
61797
60257
53496
7297
88415
10938
26845
11487
90507
192286
17259
58382
141987
47703
25829
7675
83172
38707
12247
8320
76108
43911
76204
46119
287262
139548
59449
81319
31224
168076
33164
254183
82363
116606
44602
87632
43146
21625
73278
27398
26481
96931
26928
249202
31247
8907
148779
43474
27443
61024
47184
16722
117530
28610
92649
215860
90353
31511
54207
132642
12733
101488
9969
54338
137647
16985
55857
148815
106250
49571
40887
153293
4488
25973
23241
19035
69192
38348
143842
9260
12989
8586
31483
3629
39713
86949
34075
29805
27347
172638
14353
82727
136713
11567
65573
83776
94154
36396
46725
47991
94002
158231
67010
37111
10299
63185
39490
6558
5680
181832
16267
363049
21971
94743
54014
8541
155427
41024
56839
104778
41697
46439
109339
42572
29329
23075
20553
36987
242082
54422
50678
61864
132830
56022
95840
35889
180011
745964
10954
115589
173774
10302
34204
34238
21588
102787
73035
2475
198641
154619
150668
50415
26868
13098
13731
153577
90804
22572
9467
81902
81221
36202
199380
15959
27352
66837
28124
165768
24058
71488
174369
83418
46974
6016
144304
263356
20884
43162
25649
18991
51161
20387
169992
45827
31693
23279
51977
65735
30600
82163
141111
96567
41132
187668
38425
39375
11810
81158
34325
12650
50713
6487
25118
426119
118322
20907
17871
34387
24195
67034
9108
159769
4846
78997
128571
65191
25620
48277
26746
90398
24214
74068
52004
50330
58179
10138
21284
51124
53676
57846
164774
30241
171614
110726
44882
42273
16495
23240
64596
109880
47217
79603
148626
73779
186130
155437
23293
41448
84624
55033
6633
15469
142192
157985
126038
98469
12422
8630
59447
53448
90457
53489
16865
53171
17859
37826
66662
191212
45820
191412
10313
63214
47346
81425
53985
82662
28380
76457
59900
41382
29265
17688
32854
67090
245171
157020
14632
149951
91073
169544
78578
292441
140086
62448
62910
71067
39183
54030
39336
10707
6460
116209
20598
11880
37467
105374
120100
31349
22384
17625
36641
81491
67336
38469
36595
8166
147200
165689
18343
28638
65947
30594
24267
18197
21538
151410
158975
138141
21436
85318
26016
34457
13665
103556
10725
83953
179515
60411
52436
39954
9984
33519
34357
21294
13439
27234
23935
21291
37247
204214
48955
127566
113828
64146
131280
10420
32469
90499
105501
65040
22182
106119
23334
256566
23893
137681
121608
134138
238852
23592
20540
80358
88260
34220
29106
83413
54274
32309
24630
39004
18154
29679
66256
15012
95860
35644
78363
67698
95790
21511
40198
61114
55176
99621
12299
62610
79665
88282
26530
33480
36738
8474
50894
6747
4357
39980
62230
25958
68124
108287
37992
27678
68593
59109
18946
25694
19199
80729
99071
22408
133538
5163
10597
5528
18277
72238
83185
2470
139410
94059
17479
111534
239724
398689
100179
144414
44778
62782
22213
87270
39993
47246
44353
227088
56883
98119
107948
156746
119921
16212
180678
124082
58270
97853
159360
126846
120145
82142
133624
13637
103704
39355
57417
84495
80515
66260
55842
3448
26209
124210
45716
23853
18022
55579
8930
25055
3965
59341
8620
66700
32944
4398
31267
3292
56432
184010
13199
73814
226045
38149
52599
27386
17066
105169
51459
45630
68461
79313
82059
119593
66325
115254
17016
8647
23440
30749
45291
127746
71969
46890
53448
54278
168898
120972
20388
54410
7596
24598
33139
53746
13238
97697
240690
56882
16142
236377
83493
21703
8112
56133
143723
55896
20815
23521
60813
6876
13461
44881
25563
80930
66796
25758
68438
4825
138726
83617
17683
81483
29203
71446
11234
51934
71677
97610
10823
144678
148732
22100
68772
138117
171466
103907
96653
72116
20445
56595
27769
28846
56594
28591
113251
20365
48659
123456
48215
43595
36576
35698
97684
143199
51408
78678
68847
8735
4315
50262
113604
127485
5063
89487
125226
5204
53747
84859
24359
162183
50740
19520
120947
6790
111699
95762
94446
104860
15927
21681
124950
53001
176104
50531
11186
119379
59022
25749
124796
22831
14344
299890
154874
69785
7495
27603
16056
65068
53034
108754
31593
59521
147523
11920
142242
11233
137969
72048
134086
16818
159324
5250
19139
30838
40333
5408
132185
96810
10554
18334
94843
27506
162078
270944
17876
51588
172294
112895
3945
57806
14782
95510
83018
27504
73301
34063
124957
39980
127908
7841
46227
10756
24931
47084
67503
270043
196355
19172
103114
53374
148948
72233
19900
22152
71091
39218
6312
27907
63540
241588
67732
20731
167563
36635
26823
54934
101890
16063
268563
13462
6713
78689
49034
143156
35568
72054
240421
33321
21700
35712
109857
17630
115226
11152
121955
101068
134316
62251
38191
35763
93360
125567
10264
23600
17713
239426
20388
41528
5697
105542
130273
55905
9684
99704
28277
47222
45655
7576
19839
58507
54286
5005
77067
62408
57901
31825
14916
129775
142436
72442
24382
134930
56948
65546
9597
75018
99828
6440
69292
224866
108242
19573
190874
170539
7683
97503
58119
117223
76146
60495
76491
98089
41639
81377
13010
56572
42526
103007
25720
50229
52639
5973
56456
56780
96258
35601
60112
17981
20221
28444
39825
37109
50069
150129
61697
47214
162137
18113
37653
9817
217879
14706
3394
95310
16260
79465
13045
57208
10047
166697
72473
277340
13699
121768
71832
136157
101733
215650
24344
60521
142983
11941
116064
36050
48983
213384
38853
57419
50098
34923
15439
42985
56518
38474
136647
12553
3681
50301
8561
63356
90958
45100
76536
162121
75948
34433
119701
99076
28999
22605
10158
93954
2210
16408
6081
10544
30876
5083
158609
194607
30013
159428
112013
30742
131934
42598
40125
4821
73034
9524
245173
18448
29093
75931
105360
12991
46920
119709
26666
11642
260970
27649
13606
48116
18724
78818
78912
109963
140127
34561
98123
58169
11809
66109
19779
122763
33192
43087
5311
73510
25545
9286
68916
157425
13634
74267
24515
39453
28976
26540
63420
100358
24046
30882
66769
42138
101950
339382
42976
28122
39502
41437
96972
115315
124943
42690
221622
50342
110754
63427
36604
74356
11681
92190
287066
44516
55080
42736
10535
180444
13907
119760
288428
51577
129929
44602
202200
44221
36410
25157
42097
43647
28726
46067
68169
11549
24109
41359
32197
224879
10065
8422
22762
37661
54397
152618
35721
60870
84623
8794
64766
65352
33135
69568
14555
150314
12361
257894
158313
12779
20598
10891
35508
86134
4134
194175
31800
42662
26875
24094
221233
112746
50957
95128
20479
211379
51231
251341
54449
3998
50928
190778
23228
75194
11529
219570
253115
6739
99326
87786
7459
313813
15833
202287
25494
68968
82821
10698
19972
5378
68371
16241
77000
45024
61006
119341
42174
214271
316565
98884
101331
21395
165230
188822
163615
31839
7296
54267
185076
56018
63657
316443
131598
8446
26566
20442
5587
70848
27485
19248
49785
169761
152228
56687
73753
64316
135386
27112
62335
4068
5306
140523
115495
134772
46023
18762
15581
27337
2423
15322
9517
78784
77146
17791
36337
80681
46812
33680
197597
93684
13704
223626
158976
5048
123394
125678
54493
185348
91366
30677
52922
7797
124001
40245
21417
14232
8364
115984
12343
109711
130266
15352
63811
4159
69219
84837
3962
53274
32726
12922
324583
42898
145956
17723
20776
26240
48469
8728
57714
50941
3175
99070
10446
14636
5706
16444
28816
18536
71220
18513
155058
32795
236117
98941
19577
17755
34586
41517
72708
98453
23181
106866
75416
72040
25340
48008
43520
15157
194423
88950
89144
9106
47793
63568
68835
177867
107843
35854
41081
54198
48697
32753
150374
47402
82685
92545
50588
349955
136675
15397
51410
230876
3980
325140
88837
24038
30505
45437
15930
33646
270333
76874
177174
102967
211917
34787
184031
37489
5322
315108
23098
3055
9817
81186
215119
41134
100150
33246
8573
43077
166974
99424
13833
27749
36254
50342
186942
155872
40546
97064
87379
68621
154919
184044
129449
10059
171309
59013
21798
216987
45343
23916
156182
26130
57630
68643
55730
3274
38928
26375
53527
51850
73201
17723
251398
30521
33341
279227
154067
11140
210115
136955
41298
72826
27495
963
112933
299680
50826
137189
18967
33615
14210
31089
64486
81800
15962
117861
26453
7999
19181
71439
112013
154186
20845
160908
191174
74909
156034
120312
198551
92184
72443
33135
5852
15193
105129
28156
27925
17005
19082
10605
68820
96683
87297
14632
78471
79100
170444
78265
133440
25676
22096
101345
4886
87174
48080
132314
43470
4634
58671
86168
9875
60543
93548
101805
19610
62975
84811
67849
79255
79970
8113
17476
83964
281552
39454
50953
8251
135676
53379
32620
38627
58916
162189
6278
213775
70138
10575
80038
82039
51786
25440
4178
52369
17689
91568
24520
11722
72958
1381
6009
61871
134143
52276
15265
28581
47537
6951
32152
140680
122802
13012
28556
7082
11267
7530
7186
101714
27447
27050
4114
89481
129015
87440
64666
66655
63328
68456
111377
290279
66231
52010
107288
56414
51739
27924
99431
13891
154883
4035
164845
37287
8703
33114
147701
27717
54945
49964
99294
48343
141343
31219
94554
48640
7697
23806
11611
202355
55951
78514
193609
44608
19984
24160
64045
88837
63144
21471
8061
62898
10475
22528
52133
24729
2048
44046
29987
106400
35837
219635
49182
7935
68787
74233
64786
23908
136397
106124
27754
55103
39939
65693
65950
228422
28600
59781
24985
20297
134339
82432
121390
41959
166112
3162
9215
10709
83343
41668
12264
94720
28350
28940
147752
43791
159377
107486
219774
111948
16891
53183
22190
38575
29890
16833
43178
154425
8786
6950
301266
79099
76415
5278
112910
32194
15086
199160
18429
6710
43819
261840
28943
91425
38672
22054
30313
108252
8774
6740
33427
10798
26499
7818
40717
38852
42051
111855
31911
52270
5844
171395
29515
10519
101986
102524
75066
40625
21307
37519
71116
46756
145206
123953
22149
46301
60468
49963
87096
13412
13077
107210
165563
133981
56172
26165
24389
38256
83025
45921
19824
87904
9212
33399
53642
141635
95944
103353
227929
57720
83429
38078
27587
110858
66015
53920
60278
11277
11608
99721
43997
54823
7733
33687
97287
169592
88139
203594
97916
45416
123344
143593
65261
42614
279408
213765
160555
273214
16840
70870
45288
13055
246410
16788
89056
37000
62467
46051
19019
110189
95956
24257
101512
34844
49289
16611
40229
15368
13798
50973
39632
60014
241724
231128
67967
34921
60897
73944
79061
221510
104418
19341
12455
54019
140530
89947
98599
36225
68678
27117
72966
17094
44966
30343
97554
56956
100342
33761
77355
22169
10118
41837
20248
22331
126177
9687
96139
18445
84706
13956
67817
95663
21262
39474
51078
137389
68114
59313
22648
38071
87814
18905
150642
140436
30224
157071
31997
118545
115937
135708
48939
19402
37947
27952
18705
77954
48854
36156
53322
51019
153066
222779
44780
31840
50260
47987
17634
9986
78473
18667
32051
40544
46883
4022
44089
48958
159117
27484
132666
84825
26006
10358
46211
10795
117611
13735
100015
36788
34263
11052
11806
19718
16041
4601
70167
15780
26208
76361
119726
102331
22882
15884
37506
36269
67232
13173
4721
37749
52146
117191
44838
25362
22780
68649
141790
10666
7996
12652
10675
40725
180967
77738
10648
87927
18466
30196
40078
56406
131572
9055
180403
9595
52600
268803
163383
31992
148297
32491
50288
29627
6432
18653
62072
32604
48255
12447
42478
29626
47221
82817
16965
29038
68543
7703
13188
32678
18177
65573
41984
58923
71818
70882
45735
65870
17109
16028
121191
9698
15431
74498
65166
26876
102546
103801
84823
18646
17289
9699
63695
112229
241681
57700
54853
87383
43545
37968
76340
30997
39225
3554
75057
13176
166776
32755
30067
43058
33609
6058
17946
54239
40392
11156
41604
62299
67037
108465
18868
99634
92179
56668
71128
148549
158762
13848
26355
33818
47815
4995
70641
72844
10217
171687
76043
108187
17719
57822
7699
112175
37023
191358
34474
96717
27851
31541
38783
45036
235752
20971
23018
5782
30356
36382
42629
26024
101562
13844
58373
8711
15251
21184
23547
386040
111824
101331
330417
10191
112739
158652
51477
143867
88574
43857
48216
14901
54123
87022
88934
49488
131924
176736
28064
153286
57778
70106
10146
47217
28581
33888
104337
118157
21627
120568
201416
69731
60726
39071
102550
81720
16040
244640
199336
29298
46960
18953
19109
214738
19350
114027
247679
53459
34831
24308
4497
49497
79027
17918
8067
12048
53542
10938
86950
61605
47730
92802
117559
78381
214810
24314
80061
19116
136045
95396
13866
29592
107418
199577
27038
98534
133569
34964
42596
44106
24923
78701
240619
93353
11409
116231
48088
76563
231721
93492
43711
92951
263422
40210
179917
155426
90741
45071
91814
84018
32810
223667
34775
19903
112833
10923
77262
31095
191492
151122
33369
80106
24517
92297
42625
55314
71343
47778
107420
6796
59536
14476
30021
123852
143148
36450
110871
15058
10854
2233
20891
142904
146073
94084
43003
71104
69274
10396
112620
7312
49117
29096
239082
97468
24700
43685
32608
113000
10879
182231
8155
144718
83115
23499
57625
67912
11130
95366
7317
108427
57724
75847
187282
11503
92722
23338
7220
100858
41480
135395
88448
17578
47570
24836
156681
3005
35803
152785
11826
15479
13099
10378
144079
28361
26648
73845
139152
165502
148786
114577
113642
17496
88671
32165
37830
109007
221852
15493
40843
21643
7162
74758
82454
40053
20079
96425
16025
115247
35746
68945
50654
41245
100801
32254
36943
5321
125567
8559
112383
47373
17704
98894
63492
8936
158834
6284
67946
26159
75286
142120
9321
101540
39801
7254
46738
33184
43124
69259
119401
58136
114156
26659
6830
14484
19383
23657
60521
6431
22915
123718
150241
6190
11702
14646
37822
27622
19478
54709
14471
19165
210247
94287
15918
23227
28719
83957
200115
51817
8282
4866
175774
7493
384253
286591
141707
29696
144576
10546
8946
5643
23906
12215
33167
49035
86696
19038
7874
9650
56780
35393
45787
63979
25540
117131
40405
67576
140898
16678
91803
108253
92498
68686
6225
38178
98564
2120
22888
56909
16473
25979
45627
153202
197189
26397
32486
26550
22130
34153
37238
16002
113683
8596
53954
7180
292792
83494
144596
5256
7052
209507
101257
10223
129187
25273
24800
32492
154607
64703
46529
18322
64933
172545
148164
24157
64585
180401
55458
70429
85441
16020
65627
17240
69202
14245
10487
56683
38680
44289
23098
28218
72063
81935
134464
39446
272164
59363
104553
171599
5423
112921
89247
16063
64429
128181
122362
175303
210013
31539
12921
140808
104433
10839
63484
33547
27142
31425
73584
16373
39116
5936
33417
15607
30079
66917
36948
19339
75494
5495
6652
98062
43567
37804
102016
191824
120418
107152
27997
32209
22231
48092
115838
78038
36969
23749
65797
94087
187821
71005
11656
72446
10048
93868
11073
127835
12994
34817
3113
11823
118121
4140
11802
137469
94060
17152
19305
29493
209618
32553
126936
46082
44383
53178
81660
96174
35678
29850
236745
94843
184554
46266
116814
140003
71198
17243
140148
3969
36030
8310
2849
48982
5232
171763
184165
112874
192734
209993
61381
11584
64441
70634
27641
25680
37268
173546
98618
7810
58410
22976
62584
46683
40740
3737
48836
101950
14940
35714
71949
58651
17288
68277
32738
78881
101159
92209
12787
49882
111548
6061
5853
5542
76976
265175
99269
65159
164699
186951
25119
47086
9991
153149
139725
82989
217736
107304
134855
55997
15771
100867
33812
12201
28800
36173
30267
34222
67751
9775
163291
23687
11718
87975
6588
285527
185291
113058
176413
182057
260152
272791
34311
25984
42237
158114
11188
87160
4655
59810
65673
189228
162091
36256
44085
7953
94945
228544
19634
2746
30721
56311
241053
80630
64052
12540
67701
85679
4016
50325
387785
10663
208077
25286
9806
9044
211316
195394
8059
190862
38130
139376
148030
286374
71062
25061
14282
13347
33969
27214
41724
185183
24943
64680
95951
45927
3476
124838
17218
150251
22145
119805
10054
28694
22370
93360
73403
212743
14545
33017
148399
22371
111161
40455
32209
91671
5027
17935
100889
115936
103308
115332
22723
39279
37840
19128
67979
111390
265412
31459
19091
41643
63474
25534
22575
157112
178577
211474
64300
124751
41600
59306
189750
21263
139255
13217
86073
67282
32314
99432
123920
16614
10666
284651
46487
96606
271241
95440
15720
66193
20432
94123
65720
7409
31714
58496
22923
3252
15570
35259
28948
167904
195597
12707
27112
35264
132280
14803
78117
34687
136213
62426
23814
231777
18081
45629
165187
58493
70866
32031
39638
17169
27761
12412
44674
74829
28055
41626
76103
5878
14024
126145
16351
3022
45816
19770
11236
66992
127066
5899
64436
20167
15276
61295
71280
53762
17868
8485
64280
15705
107968
62861
101915
22877
29322
28243
85329
106039
20656
133369
116637
70870
362182
49761
108002
264951
73737
36101
152806
26039
70934
142547
23663
16151
100839
11374
58351
6364
118700
4840
111974
66805
139697
9127
27893
14205
30012
7598
91342
18542
272196
81594
79874
21943
22753
164158
36471
40352
20914
14149
75481
237587
23844
7728
278655
63502
95542
260694
43047
126936
6398
68864
43369
62202
7125
20770
86907
127439
37570
97501
21997
44330
225688
68786
55603
25311
108972
27237
11781
11357
69754
107734
191679
37900
65080
37482
16658
80308
11631
7456
18982
3392
5637
96201
128495
14327
81406
125349
40571
4907
163993
12403
67477
31121
154170
57277
65121
25897
34990
10155
16650
64525
97919
28318
6828
129812
277413
33085
7750
3246
38861
24072
98442
174595
186995
34783
212521
17359
179807
36558
76518
231815
44456
39086
91644
79130
51978
17489
11446
26217
14015
43663
16553
121790
12747
34490
54450
126223
249067
22633
63295
7246
24253
51521
18943
35484
124895
12553
27067
32632
77153
10013
37309
28746
115933
60095
45220
6066
84077
101116
67693
61834
39093
10709
44437
19934
31053
86314
137685
72019
116249
4172
238925
5558
57967
188695
60875
50068
104249
44819
147266
63429
44058
50201
25121
154259
30246
93601
234116
12637
46096
25668
14249
46449
28012
150828
56535
153390
98579
46864
26674
92856
25856
23630
3724
39663
11011
22615
74407
31108
77287
49487
37883
16049
18635
52885
119813
64093
75747
19719
67234
28788
9067
87303
62893
13398
74471
50837
273935
259925
30901
107505
28618
10786
10630
493990
63502
100899
58334
143826
94556
38162
84941
47525
82649
36815
37489
120494
10496
17552
283432
27332
120585
127084
46732
114016
88756
39759
44960
6214
242532
77586
84224
301464
40264
35015
21929
53804
36884
77014
174168
18150
10084
75423
59885
12450
19132
112629
5523
4840
5162
164149
368019
69812
19901
34069
191673
9342
8243
89849
25465
24021
11489
22716
90574
46052
3478
5997
101412
33644
32543
28730
4767
10738
109881
53231
103261
45604
248648
12536
140603
10893
96131
13114
8252
22301
81764
80389
236412
97834
20819
84318
36286
29369
129448
27796
36806
33357
20825
28011
249163
23237
11837
46359
32185
141216
12210
312399
208484
82900
97715
65589
13368
404766
4503
226602
61006
181392
54941
45367
6822
20708
6124
52370
37152
150004
22132
229121
54073
67799
47460
62382
20491
25425
147457
170991
8365
27758
87668
100718
9559
48517
20608
53128
82087
58170
23498
16076
24380
12531
67239
60826
89818
13144
28116
34013
124927
119489
102495
101751
13449
25287
15287
8721
83775
213738
25720
84178
50027
14237
16029
25500
38313
117999
18518
73535
12004
33932
19526
49235
26853
10628
42490
29596
10602
118627
191348
77596
70336
149734
14823
4384
27496
59222
134006
27005
94304
25259
128923
17876
23898
33078
134219
24304
48603
79280
80437
63598
9621
39309
29247
80654
49529
32620
197622
30928
83471
354455
26176
13067
77077
39355
20248
28413
31606
74583
10589
32460
77851
6878
16739
18598
75315
10918
51349
52925
49548
44901
23266
89928
37465
83886
288898
72321
110878
29254
22180
24670
27921
34588
228739
4545
32131
51833
118142
9858
31110
178640
53355
153129
218047
172366
9719
146093
55448
5683
51965
70433
7774
44928
44859
17561
22527
83701
9095
177806
13798
109266
111818
16128
135554
14429
17519
3306
100785
194863
116121
40696
18889
15817
33422
21311
27749
91092
21496
131322
52804
12180
41749
20867
49976
249792
60365
245735
21767
85139
23730
173785
20985
29449
77787
23765
67516
204313
34885
59994
20784
143291
22175
25091
74708
8571
72596
108885
124798
67259
24305
9283
25277
68297
68856
82629
32515
129322
69640
4037
12928
8230
18778
13393
35801
90376
24116
3489
19580
63620
11871
172823
135796
18186
26594
22719
122850
6774
44679
36294
62001
14563
252045
38790
34293
132933
59466
30583
74961
11649
2458
27918
207127
132891
94573
13222
90403
90776
29633
64100
51316
120858
26621
62511
14377
15307
22652
159904
67617
103940
124667
19251
38948
87904
12886
38625
12232
35507
44348
76942
40794
116961
113008
7837
114504
206081
58395
129041
134798
46208
14622
69612
106925
14487
8626
153939
14952
151171
76060
37865
11585
70326
59640
7733
4976
65061
6225
44693
105230
124806
38425
14290
20392
62282
71537
105892
262282
127651
288361
126587
86662
14249
185478
37643
6734
42486
18304
64960
166301
168606
133230
10138
42032
33594
11882
14341
35541
25306
17969
169401
7728
112949
70468
59059
9147
401889
9745
9335
13300
12687
12354
54319
51866
90269
63432
58362
18225
111201
110884
53573
155473
87942
303337
66213
30233
19172
72983
49898
85846
11038
182809
146127
234358
122316
12517
40452
81963
108284
88042
86258
104597
16291
26498
239255
45103
133876
45354
51774
88398
89196
45432
59887
9491
85990
32450
273977
52056
11157
81041
39922
28619
5983
147215
10701
37672
22179
7455
33594
94680
206459
112648
48732
133429
106396
48450
74087
25635
14771
33206
55881
103496
27442
39580
22025
4933
24511
31400
44748
21177
60472
31290
20911
41110
146783
129145
182395
24420
7987
91135
49699
37655
34110
146622
42741
128339
27762
81457
82605
49188
156045
24044
6190
69921
58723
161739
48101
42779
55454
13092
33461
11731
20175
269989
35193
21807
18055
147517
76864
22826
9892
85398
9451
55849
207645
11590
10248
23492
455607
93553
43873
7547
30258
25895
69064
209585
42198
19744
45059
26948
154026
76906
41325
34861
75636
11032
129860
149174
50327
10291
23925
18169
26656
14680
56805
57237
108381
20559
4661
25630
9050
65039
35462
146478
110210
43763
26509
7732
12969
38252
62951
59758
179197
13949
13849
61922
20556
40399
40762
183255
45906
133544
114563
74369
91522
76614
55129
9812
183841
18067
65948
45651
20619
32179
224524
50714
10916
115308
38922
35033
36889
59022
48490
7816
97399
45699
35593
14487
72360
61783
75722
8363
58224
143380
50874
53524
30470
126087
177345
125835
80931
26946
21452
6405
74105
47493
69459
53400
11441
15595
95282
41772
6260
163550
41473
251204
26704
61371
22941
56045
17876
201427
9378
24136
33983
22845
28579
10527
167934
60436
11671
11260
6410
25117
211728
16555
27966
40924
16033
73307
14088
55938
48552
34031
200805
60434
11553
20166
71621
82636
85999
67950
33713
57059
7797
15680
12906
8985
61989
83901
108548
40057
31038
139926
9954
19852
63939
183111
16518
56357
22912
72395
38580
106271
22053
37350
7818
6248
25120
29258
22919
86560
12840
50760
162792
27146
38534
117565
45792
70667
12939
163599
6871
13391
382564
66362
14586
69293
49922
228001
9200
169359
40628
52684
32223
47147
119182
75907
8993
69156
5128
14867
156026
66475
136510
70049
32954
54509
43994
15638
40695
105201
135391
12537
62971
113104
114758
42907
55072
25641
57576
43225
235662
39182
61349
216871
90601
28857
27010
138879
192913
133062
83255
9348
64851
16384
15177
14376
42635
162823
94751
58057
169312
25513
47829
87226
133330
11447
72404
63602
49572
22355
32907
44797
41285
51856
79828
30110
129282
77628
70103
13736
25790
66618
126040
60525
235821
5850
181832
8375
14680
58606
113500
111115
204982
237798
109770
8930
37160
19339
19693
77937
85793
42980
26219
34008
66459
56547
27494
20229
7551
48897
34656
91693
59340
78818
153420
10004
69311
72728
90889
61941
29207
65426
23936
182388
46260
120749
52423
167090
208162
97410
7749
365708
13494
29103
52079
44352
70057
30896
33224
52539
3550
69329
70228
28376
22240
7325
153433
32062
20119
200651
68246
98379
57815
123608
31059
140706
30749
226721
110443
90407
72043
179226
10861
69526
15042
28517
13692
34760
11345
17945
41249
8078
4419
294006
131916
20591
69733
107342
227885
23447
17108
81450
63548
121166
21304
125380
48807
73283
194707
44237
99404
48418
60779
24576
20138
26801
81868
33783
56690
33956
23047
8006
59595
25353
23243
1525
94367
76988
143005
17690
107435
16883
50613
16706
76039
10127
80938
74312
48418
100358
52808
95338
82173
129275
92718
13226
29313
21524
157006
87037
13305
39042
20691
47305
74472
31796
143523
87709
75946
39477
19391
174987
37872
165693
47480
45652
7100
72783
12925
4348
24941
92032
4321
29051
50391
42065
78278
41292
13123
118541
33233
65317
18904
13454
24680
203569
154531
52503
70670
12948
154490
15859
178559
307251
218033
48499
35272
113518
133099
35145
5530
79703
42576
35749
192994
103198
44769
11874
10545
43897
72693
144273
103454
33168
52496
114016
96313
31154
57194
139958
81584
47118
33767
26524
127549
76192
21715
21588
22039
146340
118345
39742
21156
19091
9317
285443
9810
106758
18898
36657
140062
117694
22753
117651
15737
36065
18662
76246
34989
70288
103004
12996
29144
30085
48952
46493
93915
276960
15328
157632
208600
170534
82318
20920
29539
49979
9474
63999
10760
79608
13624
105084
159511
43392
170841
16447
27190
11503
81161
241718
70101
23393
22226
47287
19785
117483
48145
21324
45913
15702
13691
52732
151265
49531
20932
115491
116954
106013
9963
25803
4735
62818
19368
172513
365715
56029
21699
15178
32343
13092
27351
28951
34690
87621
36463
65426
84885
15542
134512
141377
34785
5548
117618
16590
38613
36856
22661
35867
46432
41264
43239
203206
20186
29419
19288
126943
28505
73682
6766
8534
67247
47631
24545
113100
254027
74351
67395
25576
7929
79994
29520
110065
76276
59451
5979
118354
47233
184388
36362
9098
182987
14238
8743
29112
12125
18343
6181
25032
164498
36436
316298
35787
27437
83586
5001
17557
163384
34565
64560
82702
39657
8450
5347
6711
11191
115933
189511
70034
96550
72101
30551
30505
33528
19778
159810
33254
42105
92664
418785
53374
55294
20468
112581
156415
75764
54108
15019
179276
102598
32937
152066
32726
34047
158540
9077
33746
51944
7961
16230
63749
81333
197599
249128
45037
65740
26912
11231
26296
10841
154759
211281
10546
91615
76715
31850
26806
232083
5888
67200
2055
19978
226427
71222
110916
48887
20743
11548
32234
59251
50476
10036
55389
78374
99490
35694
8906
7003
159474
70874
92818
97637
85529
18359
47474
47096
36309
22151
105789
63522
262646
20024
97707
9560
96455
19230
172040
11170
143663
66656
142419
4452
37760
8636
67905
150848
39243
94341
19834
33824
81539
17473
142594
46289
110385
8513
9578
208853
15526
136146
67094
16876
66975
8396
253507
192799
40200
41032
17928
14574
60857
90528
20255
26314
68550
58663
61970
7571
115454
59339
46199
102955
115292
32768
37026
174297
24131
119646
147041
155640
136683
52789
49114
23438
63080
29024
13278
26106
189777
64997
140343
96278
30113
15092
19919
63657
28402
116350
11078
6177
84885
29177
29681
109869
107432
191394
13576
26479
36144
64667
43549
67408
14294
206080
25931
20753
225132
9279
353699
66311
225435
62205
14416
143536
87727
38657
61297
42912
62065
77749
13752
78743
161255
45745
113331
42622
37556
97680
106473
158375
43284
48748
51256
64175
115706
19303
70817
3246
91740
41799
24866
6750
69376
19576
246744
18939
61542
63112
47632
116170
42087
107288
9274
72819
23691
62584
16424
62712
67132
57330
62328
97251
58762
106137
107504
143599
140889
11365
6506
20452
74427
160488
22501
67605
26928
101209
172125
13031
12171
28969
20168
48737
25569
91368
22895
35269
145850
137409
134765
18734
18421
19931
28406
45140
21423
17079
68499
26928
40266
45560
70617
110596
22832
68775
200527
22139
60585
11913
28503
181143
12088
113455
140278
138275
68861
80937
4325
87034
50685
237253
22381
114226
9017
82938
22187
31217
10022
86133
29567
108570
48618
44755
88157
60504
80986
125546
27596
103003
49634
28988
100141
57687
46386
20878
338576
163993
139912
48819
101877
64007
172466
3973
98199
5798
27294
2921
39004
13496
20914
13693
180195
34660
41530
49630
62618
320732
75072
74914
344203
14711
54081
53008
83741
65227
82858
109274
156053
36645
23932
83065
18093
67462
68665
146376
23799
14036
12107
18633
240031
15956
162439
2483
142623
106271
159475
51415
33390
7251
8288
45100
96589
23408
31474
141156
7853
16281
34201
127178
156813
21852
38275
51132
81244
17378
51827
68158
46782
179818
260629
77487
18950
15701
26347
85616
259667
102254
161877
18600
50167
92526
38616
20744
133615
69150
160018
29571
85419
39468
13358
58317
8059
32584
101060
87275
68813
128947
178496
58020
51801
1046
103750
70787
23526
14799
3174
3554
44831
87059
20876
13722
5289
125150
132762
10207
48835
10745
45756
332890
77894
192604
31012
71617
11166
47848
194514
116365
41322
54136
22514
144766
93084
4913
63659
39235
15952
8473
41678
2004
21561
24520
26951
4796
134997
56181
127138
154927
29888
24552
23308
266376
40157
70213
36327
5955
36923
44120
17763
8689
90100
58512
123804
171170
40753
7781
46825
14426
122171
76453
97671
16097
83662
32008
8962
1617
56170
268464
25106
18182
26067
22469
71875
303083
30173
108648
40108
54732
106620
149771
26484
39337
101503
15994
68635
132157
122614
124071
8077
133045
102386
102826
102061
8212
113722
36981
81121
42660
167968
6353
68485
60506
103188
33204
22271
87928
47394
73561
47557
26293
7173
23556
78224
5502
2149
279438
11026
14037
82934
146851
66293
48277
47106
232277
44927
136066
150550
54561
225832
64060
35827
45115
117159
61276
2165
44168
22811
35708
55022
41939
56996
103027
104697
13979
116299
32630
16975
22950
43092
18548
14017
21287
141296
97505
67956
4038
154073
27245
34920
58286
111222
111473
35639
39639
71839
106858
32096
30568
29918
11574
40060
134627
13292
77469
182198
26825
19436
107490
45154
31159
23886
94900
84993
17364
59948
219268
110936
177216
105488
123947
74404
46352
103046
101739
117290
11549
59481
11665
63483
76014
7248
57864
114235
84940
128288
105963
42157
57700
87136
55771
6582
6919
40382
33004
172352
150353
13913
17934
9303
15964
73445
101064
53213
27353
152252
91159
98866
56181
50716
20795
26100
7202
42320
69253
52804
100924
17307
9479
7060
15315
58419
37346
11458
61923
263001
104364
86094
6838
39653
103370
192366
32407
26673
62229
17104
40378
12129
107887
133796
115879
113153
94344
132579
3492
53784
42958
72760
20510
129721
38996
33470
108235
82108
30315
95259
23118
47009
61754
52397
233339
96608
50362
17745
17070
63118
73684
268804
18917
15037
48658
56015
9106
144438
69010
32119
18848
416739
154107
192305
14472
19703
264503
119895
27976
15696
9075
308485
5086
82521
107172
79294
26546
19957
108536
229975
72887
96977
48074
47322
17463
17998
115883
25629
18103
16733
8129
39647
11882
19112
16519
64006
26578
14096
281178
22459
180731
84195
121970
78240
220548
52855
123109
37798
61030
148455
62829
20712
12827
95753
41702
26836
25812
12722
41274
50068
78137
51797
75703
196302
43912
16726
19579
69753
11998
72398
89914
97935
37846
67462
72627
22998
209506
194575
38762
63631
22408
34314
7746
198726
45818
32432
5250
29406
67710
127266
32030
38205
10639
62044
52520
6951
139992
43814
73639
3890
18509
212765
55859
104198
19656
38964
118052
92638
4380
41614
43359
35315
13477
115275
6024
105741
8023
17138
30709
37937
58104
40100
58274
80983
106579
225371
151694
25210
14928
47279
183640
62669
55067
13518
43785
18277
10459
9655
141738
105919
16639
257149
62149
40458
20537
5956
83832
32586
74417
29917
119193
53797
71493
102340
68170
34183
26729
91374
10588
154182
87568
10552
11134
71844
79422
33599
106251
78017
130830
120588
405625
49777
35001
24372
37535
57955
18750
101721
77825
14872
111777
258809
42155
13218
12559
62896
11888
58241
53835
17994
14136
71691
36921
102240
176282
76913
11722
48895
103438
15278
20308
118708
75227
39579
31349
136186
76192
50842
110534
87194
13448
159724
134640
123058
54969
11252
16971
86555
41067
42265
23923
69964
16324
84007
8566
346290
8089
53534
5782
252683
101344
24645
159485
99748
98931
39706
11858
88648
12789
102201
360818
74587
24125
15005
241664
15481
62652
171495
239815
44057
103367
13339
20474
26964
96736
33980
23405
45092
201025
7224
93938
131522
14715
9163
10626
121814
18420
242161
192683
99659
99422
12770
83604
33602
14523
47947
240669
39526
63099
145591
31973
117360
14650
53132
41114
101614
9173
84430
182706
19636
54773
120756
30128
48283
54122
175231
77432
58795
30463
76581
16513
4792
68344
13888
204611
91540
21312
71557
72669
176226
16116
13726
119316
58990
37203
44747
92488
18692
115962
152730
183344
23150
130301
37126
51887
20879
59868
16229
114913
24435
10279
94945
94762
55750
17976
15130
46729
8892
108164
89399
70389
157164
64590
130426
43990
33335
133576
136456
36832
50449
7665
69954
55370
105716
23213
28472
148215
87181
34565
131596
177607
11517
51744
43839
12399
23239
141087
68528
43918
34506
33628
9823
26045
211531
9108
30039
4534
42605
149245
140371
276803
127809
44187
7567
49746
75635
50612
72044
39583
288359
21598
26867
57168
14836
11374
76134
9576
17450
53124
87914
54986
15481
46544
18754
76700
39464
88352
42567
12898
229933
63100
107955
134643
19567
121761
199277
39260
35063
30079
38752
28040
25938
11218
81585
21173
13570
38053
19787
276249
60921
120509
17597
51778
16394
16609
57857
7408
36245
12403
167539
26586
327358
164180
105774
157618
3479
61993
113270
77848
50327
35321
180748
6835
44675
24587
126708
22804
209367
26616
49909
307736
8316
16156
128473
28123
187217
13725
19696
87121
56141
156668
103036
308617
75932
27070
18854
108254
10231
18311
53214
23950
33024
20677
43303
62230
106440
25226
28653
113332
10111
49166
31768
52482
13820
58935
79219
18774
8843
66673
22972
20560
11041
26132
14603
5596
30671
25913
33979
31714
39123
8213
29701
34795
119306
36488
131215
38866
30822
102137
94991
8055
30794
56135
16867
7875
21325
19490
25381
27624
78327
73526
9343
42174
8357
84172
25094
127689
72939
249930
59119
150225
27298
89280
19073
28897
14747
66456
31450
17481
6543
12493
30240
84272
20841
54625
119056
98609
5473
12442
361150
177042
5805
22267
84052
54220
137593
42418
137095
13329
24877
84211
107162
54706
30255
37413
49190
7244
71146
7113
233160
43167
488554
99112
49322
59731
42654
30447
13439
15958
29893
43217
47627
17098
27950
60800
38365
11014
30180
122097
34057
19943
48999
83328
149752
199790
19579
27630
10661
99371
21235
68488
255469
85450
5424
34109
42669
81340
13376
161831
35212
90061
103583
54786
150650
19666
178002
4923
25285
56926
6287
65944
122326
28374
12655
21646
65218
48198
68765
73116
176207
32603
196452
124415
11843
69436
110392
12830
40612
57016
51013
20769
20786
27505
107737
29327
11839
103496
88784
84214
28819
32256
27701
63429
29152
116542
67782
9103
18931
223558
24627
66181
7318
49315
64849
120322
53353
93142
100578
365483
127725
148403
34154
149227
95855
106863
34314
12494
100164
38798
39298
371161
7959
82615
25708
208589
97358
29196
24751
49145
26559
75963
52701
111901
120402
33854
105209
25797
25552
77013
13828
66854
61042
14913
56399
83247
47165
11992
8277
15300
53106
9890
154967
11283
74745
78283
140957
114698
257861
92575
58547
207671
55654
68703
77110
34710
58327
9164
223381
80987
125054
92977
40891
52350
82184
16131
36413
72935
215280
100053
122138
70905
74027
40356
17325
87476
177135
39525
5301
14474
35947
95954
10749
54095
51651
13721
21646
109735
73985
51668
28856
380647
42247
123064
27391
71668
29945
24985
6534
21470
67572
6432
82708
43484
35906
44870
85168
92933
169422
12426
33962
56828
26900
186126
13570
12749
32827
93253
67742
16256
110008
39185
112957
27124
231371
53372
44640
61916
26847
55740
24626
348061
14642
34847
13317
38036
87395
28638
3931
22236
110260
19312
22196
99731
47902
9415
5804
28916
226447
28039
48674
90951
84255
130565
44595
25418
13594
105391
60366
26618
47995
11358
62046
31077
288978
33985
32123
56358
266751
8360
168405
13342
14489
17526
57386
34230
165562
71591
63318
45208
52158
8992
64055
64349
101442
112047
13600
62955
62695
59912
78589
38295
64152
33730
37023
11340
44541
3098
58319
111892
50326
137788
125411
57271
114365
376430
20067
12357
48758
39284
90607
145848
25531
29684
27630
61227
30655
113798
193045
74125
90160
57951
60345
7767
64169
20412
108819
9848
176842
12944
52838
7897
50816
7249
114316
12171
105407
73768
71561
30626
110142
11601
23231
90391
99570
7284
93487
27539
15525
26445
84651
10146
79759
48976
49125
29129
61719
10163
9511
67741
24121
31254
71255
25052
26493
50857
42058
43324
60384
20111
95027
75170
32900
107730
9823
51291
105989
8856
117810
70800
35391
13611
32045
256291
178598
34409
7667
3329
42391
33247
37835
65717
45258
170027
48086
5297
20706
42125
50061
99811
59892
99698
14785
148836
170526
48508
68989
107996
26765
10927
48980
5177
20692
3840
191734
44523
34513
93790
11946
34199
31883
27061
26379
49914
76921
75460
35654
177865
21137
88689
88846
106579
7706
199313
8744
30618
7584
9359
21964
91629
28181
116473
18438
10819
11366
44624
189957
4282
164694
48463
139625
103640
34445
35668
5692
108901
4968
92010
10009
132332
9009
38911
7926
126259
70695
8387
6554
86826
174977
96778
31546
76139
227144
87754
3727
23765
225328
79967
38138
30412
86597
97503
105537
51171
28280
6846
125066
5176
70078
140477
96170
10279
28209
181867
16749
21031
368587
104061
52772
72868
16587
4090
143578
206381
23541
33340
39084
15685
14267
59839
105849
106524
52233
18628
90084
59317
25991
45173
86532
51490
17144
50228
35853
27462
80609
65461
99360
32985
182395
237747
26977
33985
177221
255588
58293
62834
84561
43558
296459
90107
87818
75240
81560
105619
12567
22906
122915
13918
101765
18103
52761
55094
110845
53114
38993
97394
7311
135144
9256
30957
52601
232916
65386
37922
19498
32533
32691
5541
19209
7631
132661
38514
58798
216394
67719
128332
6186
56092
240107
22139
35702
122430
67365
32521
79281
83613
176900
43375
43699
74398
12077
12726
88276
54828
6665
58064
40850
45373
60213
83303
107340
7421
116993
69273
32357
8060
196337
44355
85681
69071
6853
112794
34727
57044
158228
126534
66662
71993
52872
8197
34967
57602
26388
91284
15869
135493
18418
50615
4894
129719
102383
7037
124036
57885
109446
16130
56906
18245
57829
77663
68419
81018
104319
64136
5255
63468
106171
59030
49285
171587
56784
45466
244916
52113
243682
31941
11435
6522
88934
30195
8197
10431
43964
11741
87253
25191
65031
78189
30465
139313
86675
12487
49660
13808
71987
148098
22591
29722
82400
53116
81080
39596
15256
6315
31759
15927
16005
92013
23398
21442
50670
46833
14614
21586
36988
33283
31867
72469
27000
74703
199890
27575
63271
78280
36237
123355
115143
147439
123320
42482
20338
61946
30642
24240
113349
11487
338045
103643
84783
10901
112373
6395
30311
62614
61203
117244
103876
76486
64275
17865
14808
91654
82268
16888
72283
123312
31328
25812
66694
64862
58231
37043
65745
57910
36710
8904
49965
15976
22052
80547
234257
80616
68013
48296
95054
68073
38640
97280
53051
155836
12112
216719
7503
79000
41618
117202
91110
125897
39681
2333
59209
39038
105816
41554
5972
32771
13577
24139
122079
9331
174548
83494
45882
40736
213438
73771
206502
46837
142474
29617
26290
27254
162237
24687
75868
2966
113020
107194
27131
89583
276778
232168
61087
47211
42124
38764
233321
56825
62513
48810
309316
41371
85261
64097
128299
26460
25151
53077
43685
85938
126215
6670
11136
69349
77820
6559
33742
38882
22223
9693
124639
46726
79399
165433
22166
31408
182763
46676
30294
313026
6830
17829
13335
48648
53348
14856
34607
48280
166185
34224
38497
13181
74687
40373
91681
14945
137628
19972
8573
138764
46461
21151
107934
104153
134562
112205
47400
50743
101315
34648
62837
136618
17168
11215
66471
69886
89301
25586
24357
124283
38771
43214
4442
71476
75603
57998
4414
130245
16383
22337
22391
150965
197479
62065
125653
4207
70733
197344
59553
128502
323899
9215
192326
74665
14501
8448
49411
298173
12037
17476
35450
31979
131915
4089
45645
22958
51295
45297
38772
120846
24390
8182
135837
27803
20655
116223
77931
337538
110704
55460
20314
37857
31747
58256
13866
7394
17672
15601
89866
61806
11815
78222
25312
22079
88383
62231
37039
7556
85991
43627
112339
14994
102925
26745
40321
33246
148069
173172
79744
9605
12241
29862
79599
16372
114711
39615
53492
3739
10222
27827
54575
4964
99974
41255
72595
41967
43583
434099
28034
105273
62773
46660
71398
12201
30705
1750
46066
54137
108482
19813
116071
8313
122001
16152
295764
106397
18093
31359
52145
48126
32843
97676
48915
4639
14971
44958
7788
162932
112046
147077
131367
32345
55697
112349
45426
21545
118442
11239
171159
62719
58733
38161
4728
4247
139780
121874
98280
70195
46538
97305
163720
18874
76706
76200
12108
42108
14896
171712
104865
48960
70776
329440
199898
41171
17465
41288
151787
61969
15521
3567
98252
70775
96715
25114
54993
12737
23601
85484
95970
22605
24426
61183
13062
96047
62158
15166
138733
37968
39808
18484
29182
18945
51376
149638
46908
8808
20602
92854
231559
129487
27818
15016
229277
53955
30124
14006
40036
4927
82458
13918
91238
160501
21251
14634
10110
28111
13246
22716
143260
12095
132437
15666
36460
60199
34367
60615
33704
16164
57773
48872
80323
127215
118359
21291
41778
6025
67710
184756
34298
150755
86010
46508
88828
15561
93962
18622
27185
25277
73695
20088
45004
40575
27416
37135
179874
51225
8735
24483
60870
70193
144002
43693
251428
116130
32535
20980
139786
8996
59316
100597
55751
106151
18669
42909
395698
64843
49254
15520
28080
22693
15427
55953
9400
25580
32300
27509
199536
190155
114554
10582
39611
101870
68008
16834
135719
48193
30265
9508
61643
94814
21280
35939
85426
116934
50620
136726
72845
64637
16072
116557
37982
8414
138525
18758
146966
84198
71132
67358
10252
207917
244243
29790
71261
70119
38877
53733
30068
50641
31499
14349
104961
19059
271476
18853
7793
102065
33353
6850
114859
71786
13190
15309
14375
12128
80439
126467
19932
90376
35694
135488
60347
151445
35353
120346
7091
159656
25428
21183
26313
5074
342210
66785
11305
36085
20276
175243
44386
107960
61789
22173
11397
57505
53918
16182
36421
41024
46049
30893
21573
26962
73269
37767
41194
80833
14460
84831
32474
58292
76058
27944
4371
45175
26183
5757
34072
7422
24868
112179
11199
72221
2296
409938
42366
36286
60897
13321
15828
20648
85689
12846
98072
29309
40680
28611
74460
420730
77219
140775
53049
159826
62479
129100
16765
13336
47458
59493
15779
94141
130662
16510
10330
31469
111573
8398
76073
178732
29331
22940
50766
17657
12426
33873
47931
16296
20730
84346
25240
97814
43314
64112
70344
218786
47852
113429
110989
171423
36437
67066
104473
59973
18686
71613
47574
26346
72767
22491
44129
135295
38994
52155
8557
9239
15288
20847
105158
59655
57283
4839
24602
198932
19869
106256
103697
60664
64434
18694
81366
80535
78990
121938
77475
37991
225373
5988
62045
27775
51538
26465
5382
8617
59672
82244
161603
17195
39378
103596
19148
192332
142205
50383
159395
169875
450348
47551
39066
45894
95233
140126
133743
161587
14534
52728
16330
33232
65617
130247
153076
43615
245341
98401
55090
20920
53460
62745
114828
5627
20142
14513
35659
39473
41589
147147
85144
59968
111574
309486
134931
14247
34512
108653
188945
88393
36680
82395
16688
123214
23990
21797
84254
99802
34218
29165
23168
300198
8607
36673
17117
167390
71069
123294
94450
51847
55901
104659
39489
10887
96888
48642
42419
39163
40942
19074
50589
17196
35220
7078
63827
38389
148158
14310
53761
72144
18365
103074
19444
14324
19234
26206
6286
89868
45681
48172
38471
58030
47250
198478
74661
12688
13917
27328
60428
128397
71092
49595
103968
95233
132180
90866
52262
17405
68576
44662
116260
39727
94348
113479
27201
19709
10936
10316
74142
23792
76888
40614
19979
118333
25503
90588
53086
36777
42813
46313
46829
11100
17599
17560
15215
87679
63508
74726
72229
2406
77005
88542
69042
48271
65814
6571
136190
2664
69748
31685
17767
40128
16251
9852
69096
13694
50114
305196
38047
47597
14969
17412
13860
63118
39717
50755
106695
57687
14802
58225
22536
25808
27340
137577
56352
22186
49971
47632
6113
70195
18893
111840
46012
7044
98670
143657
25309
28704
216188
86506
97617
25248
115977
39038
157098
55833
61293
26720
26222
184115
16598
42875
100145
8215
23953
147801
62256
177807
41117
64855
17021
174133
19700
14992
73407
38705
149947
165389
146054
33301
9277
112440
64525
53236
22657
177770
69477
46947
127947
14094
8135
21255
4238
21425
195435
5373
12713
37277
89129
11360
4646
76725
21951
48075
64553
291649
136100
129098
96719
162044
32222
114368
81294
14702
25860
73061
21291
140853
339914
9378
47520
44958
4433
35740
23903
53314
31954
256494
57308
54024
36006
52078
49281
15178
109397
48951
15758
179925
120479
15340
19240
126724
55375
21098
10435
32510
119803
106277
39403
49217
59414
50045
20140
24189
13115
52592
16386
139671
19612
12438
161084
20325
285945
48312
67300
75953
97365
124334
97746
46491
49229
122592
107064
14722
40697
91300
55664
98208
120369
85243
47208
79249
23131
62217
18809
41354
24519
163323
11086
22294
16751
309200
14196
64851
42128
21849
73762
57659
128334
14478
172677
160994
136103
163670
60674
22153
42022
84459
55908
31693
35869
79279
130555
98577
27695
73594
47187
153379
99476
37071
11320
8466
101140
31108
25490
205433
55476
28310
47259
115839
3978
28909
81039
38460
52689
95560
3101
112785
41757
33276
4384
7458
87816
37054
73978
44985
10115
164487
24049
63747
31582
25487
59649
34348
38490
26114
87982
22890
54837
91267
36590
20949
164064
21324
55451
24776
76338
47531
115179
14449
12933
5179
51063
8202
12478
3133
62071
161696
205620
35292
83100
80886
9266
28480
96791
51660
39984
20066
28440
156647
65652
173040
160995
94189
114898
160351
115090
173118
61398
40184
81663
13065
11728
41695
16599
83871
64384
36534
83680
19168
74795
10276
11622
26544
228872
107390
133448
80355
15752
426288
39539
33508
38369
59732
47376
124934
185627
139734
18053
5222
34379
2509
77995
9788
19645
155738
143674
49574
8235
62434
81839
196477
53357
9836
5616
27795
116343
34553
115040
42686
32659
13965
81049
10002
94748
28979
12000
31747
26657
219895
425723
6575
67291
25079
24796
7332
56180
14076
42579
164772
132922
6157
19908
64564
18858
119767
342083
66602
59344
123873
14141
82968
129252
29271
13047
9791
28244
78998
26420
12152
142080
73195
4516
59788
69424
47116
21709
21891
13761
75267
23546
73774
41358
54254
22906
74594
99479
52005
152728
3783
15493
15464
95213
16667
22303
62489
36937
53105
36025
12158
23106
23546
14967
116990
216955
21927
45573
13558
82405
46900
16562
63806
72668
138257
25121
171115
8154
141370
6930
25039
19624
11910
151217
88533
173381
63639
146746
66081
15074
140495
59407
94910
150570
13622
66210
104072
183643
13934
5696
131209
253500
29350
91047
278937
36331
114365
60998
27099
47008
61748
84539
27171
45849
10815
11892
51502
86987
31736
50738
96798
44723
21578
17590
124141
85427
35601
80078
20386
39996
155465
67706
155295
75501
25782
59016
158876
93329
99317
34338
67670
101541
86781
32798
195021
38386
44919
47438
7056
126185
5789
204541
80868
136662
226551
3425
47201
59830
42333
9627
29027
17466
148589
56635
71849
103363
52457
44756
218598
54015
47257
108652
61949
64725
202038
9073
77817
24523
39777
70866
18011
107153
226289
234777
4636
85206
191591
9463
42503
23729
75629
80988
15074
248429
26814
3070
20482
200576
41400
67398
21739
57883
36569
281111
29129
149707
69768
137574
120627
3875
74492
10688
76200
37983
3338
16534
85399
49944
70310
21382
78249
59290
128433
34530
5109
25749
131208
116394
9753
435052
144165
168205
78619
28498
71875
41210
88592
239765
84225
40582
71053
31424
13441
181398
11698
134305
11087
73729
52125
5172
9348
117004
184992
62722
71346
13933
56020
4915
45191
63096
31469
157631
40854
32500
55016
215758
254178
19786
30425
9834
75230
24326
142379
45568
41585
70080
30311
129738
41482
30510
8298
207324
33887
31024
125622
31108
33174
26257
102218
31181
169279
95349
42267
7105
126110
31275
183174
25139
9053
214523
219341
3501
54407
84151
107160
39495
59489
57385
19460
11182
14997
7303
44404
291989
71997
34902
228916
13908
48141
82143
73680
217172
57896
25632
74857
11283
43291
17820
12146
36567
24133
52905
30103
129339
13038
95499
8343
81536
30421
55534
46524
142439
124980
44147
10466
133608
201105
58971
55070
31827
32449
53281
40178
81142
11615
325059
89002
254674
149514
106890
151958
79353
73512
68120
85345
25858
147939
112494
6356
82832
47704
211314
125937
22689
9398
49773
274327
44609
4157
14279
51954
52371
103059
149064
50771
39086
32885
37658
48128
23235
269354
35298
26559
43564
10465
8428
15079
65299
47455
35102
48617
58890
118488
61686
49458
19682
107992
170686
39673
32175
125579
73022
58642
35668
289971
46919
139056
378395
117595
77420
9835
41408
118029
75916
31005
31992
79392
203688
47414
20486
10103
14599
65379
148608
39942
83510
12253
54155
55804
145964
50363
103329
6330
52201
45948
63450
2597
66032
31392
15781
91921
15687
215506
64232
55014
13503
29022
18697
102421
27229
80837
98950
118560
37699
68354
36900
44548
58723
7146
284892
138846
88670
37112
69222
38420
147525
29990
72932
90637
88659
67817
19001
241355
26691
21071
56825
40773
113495
20805
261662
29872
137838
18561
20221
45459
37464
171178
28604
26417
113916
120358
64075
20188
147827
213979
90265
67432
32825
73412
25081
28483
61847
84508
70187
53171
130038
242196
54100
29827
331085
33633
30253
56064
77118
74498
121671
209755
319007
33580
59316
45578
29264
37866
86493
13083
25070
25705
38427
96258
62149
6827
50158
44394
83421
25243
12818
8440
11235
179662
18313
10813
59657
39052
75141
14718
240283
478809
20132
80125
8787
73035
134110
13693
61354
39193
141796
45028
138692
21978
151440
58032
9083
47075
6046
18564
108585
31204
1523
37693
121003
35833
22531
83038
81030
23476
83725
159512
23218
103357
7353
9831
176036
132089
4438
38599
45496
134021
178763
68053
30180
94161
124549
62343
23418
20411
89715
23257
68794
140075
320508
127974
127495
150062
48664
11942
72732
232262
44053
167081
23644
54034
1946
29721
51521
34722
183530
162920
245019
133652
119202
166984
12743
34240
44915
89920
75042
53366
227547
157899
17731
77128
7802
88880
36757
39623
4321
50623
138069
52303
29004
137554
11966
19751
33913
23997
25967
34051
10808
45899
27679
14334
74833
44248
18241
13916
84221
25345
48511
1747
49162
18497
94623
22729
113330
185271
6891
38398
73371
37069
24787
11943
60112
28386
197774
60526
74566
29954
38920
34852
67856
40010
8910
14121
60049
6004
18561
238940
10346
34119
52538
42188
98838
67169
33472
271566
75235
159314
33605
43443
85043
40715
38003
104880
43706
20559
18459
80900
46713
66353
2836
8449
16460
12650
51440
105070
21272
119542
128412
90363
239964
88181
91751
20614
73689
22745
89939
12618
60996
44205
107209
44917
69514
54506
58209
50251
201874
60090
103320
41192
22808
18797
15188
58440
82318
176721
13906
166855
81614
291460
46266
14776
66217
138805
38187
328123
29161
50627
167513
53976
61843
4874
34325
124479
25140
28550
41419
25791
62531
116444
33388
74027
19412
131255
149758
7353
39593
54384
26680
9082
53478
10678
47350
122184
69604
32010
42599
18622
26870
49841
64356
32784
136891
38599
98279
21459
23083
23027
68185
16096
13818
20049
87429
44489
38282
41743
16275
28866
7107
145299
247647
11270
75191
26717
196395
57735
18794
58143
17347
259294
143607
73817
55038
45948
5801
105104
2907
81386
49249
39227
191411
20762
99107
44182
217318
114412
49522
51417
16244
12298
14516
188712
15330
162230
51168
72974
113452
133852
6552
90005
142712
32986
111383
28004
248900
92579
43619
34733
288696
27862
42377
113410
145031
80543
103754
79675
17586
84315
13365
15087
22387
89968
75102
35142
136604
14881
45140
52978
20289
119814
12548
38409
49941
54091
49909
35690
64187
186873
26379
75748
77840
152286
8986
32387
19297
11603
67334
11688
232019
21483
82055
2160
43013
132821
189321
20913
107036
6154
81753
167146
215367
27128
32859
66594
174823
48336
37777
43685
17715
12027
23620
36285
173450
75898
36509
4897
60660
23108
43343
69043
82611
106317
64078
35476
89870
107340
4003
37012
18137
40443
129963
213074
195114
101299
143314
255299
13068
9269
67971
82924
77220
13265
15676
16513
47386
76809
108088
24068
86023
23612
378048
33165
66379
38336
14654
23866
235330
23282
123737
4488
215457
61620
79942
210911
13535
12569
64567
149959
137293
84834
96563
70993
107468
4090
17994
88696
70660
115901
49286
50783
60542
151783
223342
27687
6591
89345
88689
83273
98614
6352
20275
62036
26406
216230
5717
34801
185267
9746
195862
18596
14513
58090
62019
14318
24464
269495
109440
113586
76202
49315
39072
20024
15913
87004
80438
53718
21292
97741
82720
18802
27271
97013
1647
50106
37924
462096
48815
86171
145737
192256
26647
17577
49020
3963
69387
90887
12969
34312
60584
15097
273493
19629
7734
25605
63654
135236
150082
63655
57166
94287
61167
26369
9247
71852
22481
98488
1932
65461
91478
83839
29075
33732
37927
41006
12236
50020
62347
6619
47157
58031
136464
23838
15461
49341
97727
50122
39678
10029
38108
137727
79073
37393
163223
44195
22484
88329
68765
35104
30595
14076
185920
75845
114428
29739
51930
27555
10329
11035
24939
13784
11577
65514
20262
95455
31883
18254
53865
19902
205316
69500
66438
24911
95024
43954
159646
83087
1587
31821
103708
135742
9801
16908
22032
39679
60966
23099
11296
8519
49601
78271
33656
21536
168116
131955
100162
51453
65420
16290
95113
49639
5828
20584
134474
27236
28955
39557
98221
53354
8920
45330
15909
18097
193400
3903
40441
11284
121290
43474
93511
71439
17081
258426
10162
81678
59000
21662
51687
119272
66493
28563
40589
40201
126429
23087
45467
207320
160940
226881
12418
143327
46009
111366
93014
28998
19758
102943
40796
35458
49147
7277
69662
418232
15218
72298
214993
81953
193104
162522
39556
10042
192929
12059
92487
46752
46129
79632
87486
70735
77020
40320
11554
26833
65532
117528
71204
56485
29966
30271
115442
80809
34600
72213
43247
83189
36686
253764
328584
167450
18870
16847
25700
10851
64127
26250
49204
92971
187437
63069
27403
21996
16512
28076
32380
34194
4388
19221
123778
163287
45976
44890
259424
127375
94467
57923
18199
332453
172976
132304
22100
52591
10800
299766
65653
43517
119915
51159
115290
9433
26648
73739
55237
44463
61273
41441
60843
18877
235589
49253
54659
66425
36624
39755
56905
55275
87704
23484
15076
175351
24139
169951
27362
9552
74304
142569
38326
41127
116141
33687
44119
51605
9102
25691
47845
43954
20505
200907
63577
22279
33333
41405
65936
97426
38716
14414
72268
15597
134034
47117
24431
124995
49816
96236
17284
27919
24529
76419
273793
229066
20136
140638
7029
84457
12830
112380
58054
28943
20412
152966
102375
36439
13696
211442
7423
57941
16422
56286
22606
28959
13442
13860
155961
26905
66865
28618
47625
9916
77390
47756
10133
42277
34535
46796
17018
3066
253760
41185
318618
64591
33725
97077
127418
142975
239900
160819
185309
71381
7015
60592
112265
10451
4648
14108
139903
257532
18432
31338
9923
134348
249909
14282
89740
28857
57411
13999
292927
159017
45453
136112
40311
47075
40719
40146
134568
26208
125162
31628
108787
33660
41316
9246
142013
95363
4907
8863
94020
27899
50491
33020
79013
345515
101130
18453
47490
165588
4975
58925
42735
28564
17669
84254
137752
59001
183822
114193
24086
42305
31648
8256
13315
48529
73684
98648
27434
37348
63882
6023
54511
135802
40832
9722
61501
11928
29658
104413
18191
103205
113025
7518
26083
86406
7072
4259
80542
128606
46069
24527
99213
137652
32857
15226
60197
27296
43496
51492
17025
12873
14951
24760
22470
7868
25677
128098
6955
100793
12301
11801
36282
5916
88810
96045
25005
52636
40387
57873
34079
99406
9721
41051
49798
10815
51128
136739
88281
13130
137953
19483
29770
9391
71742
84723
278865
19132
59439
25215
212970
16880
32981
20102
9646
70665
8377
222132
355251
62403
15007
33068
5506
5978
63804
39630
40817
101465
31588
91452
78953
111667
30234
54055
40644
93587
50617
23513
57056
57387
94163
10197
43722
39169
18207
19635
123700
112606
239468
16626
27873
31353
56259
49316
97660
15131
37245
5387
55288
82906
66919
30473
19619
32773
350420
19985
77965
53349
22405
72088
47158
32094
51074
60760
97425
59840
12445
160569
390592
28226
18898
7932
40295
48373
23608
21032
70457
206002
5914
33845
141083
27593
153348
81902
19979
16090
70497
17455
12696
193709
13292
33503
50036
166172
115501
90407
24280
30676
139155
41317
46246
2445
31894
252230
67726
30670
11427
90914
226588
15975
10967
34789
31086
36646
215873
38143
144842
23152
82651
66285
22450
41406
21873
35761
42265
185429
112458
6782
56339
28942
16795
117419
40840
35969
89993
92294
130046
114618
59455
32577
31841
144878
22215
96009
10222
11033
5407
15742
136799
27323
31042
99369
236906
50653
49034
109947
67726
48543
24598
37829
28261
159183
61588
31308
56592
38880
8336
76885
144686
39334
12041
90658
8841
91598
72281
11094
46775
9269
21620
53671
47800
40472
123647
186843
40260
14178
72734
22835
16233
263217
99497
107718
9938
155004
14400
22062
27819
92353
4306
116569
78801
111196
18532
129507
35413
2961
70256
22114
268411
214938
29813
16415
27278
19082
32155
18601
24270
113237
88349
16973
13726
88460
21098
9105
109049
13109
59630
46728
16843
99114
58336
12685
47123
22418
96146
32764
149161
84120
28244
20911
38797
81331
154008
10177
36879
81779
77002
22617
13214
262982
25430
127233
62933
112206
32739
14865
107129
261395
82245
17624
62116
25316
173495
83106
69833
95619
35213
213564
49531
87002
43789
35633
93071
150253
16387
59466
135913
25327
21957
61452
130602
116283
124573
34772
13461
39669
48558
34551
63282
51566
69725
65222
19177
166654
49052
30505
89003
106462
56066
82479
26299
45225
34278
113288
69682
83449
34669
11290
123376
54255
14221
16236
30914
66399
28918
13763
198705
10443
35601
46119
19435
25022
31511
128497
26736
113385
13816
216590
75295
102456
90279
242301
14448
30912
35838
27783
74714
49915
32649
98215
25847
9860
99559
3872
92017
64506
17881
18811
168368
107871
93435
41277
30308
21126
54593
87898
95029
87890
63754
51590
64128
41467
33734
78457
48813
68645
44264
96319
9646
167464
14291
56005
19292
40753
139201
73507
13845
6920
135684
42760
15116
36816
14362
245436
60520
8864
162294
11175
20788
75885
82209
18131
26572
33970
75071
33600
2500
133937
34473
124838
123520
13736
15091
67470
55516
12753
85030
20449
78111
13958
24570
122970
21693
135356
75243
94354
61774
6114
16865
77076
77197
23398
213414
42961
43325
11588
34530
77361
12693
160815
50732
62150
158514
8166
189780
21306
40075
164251
183942
11255
64677
601280
73636
10409
24798
3904
128050
27907
24113
90245
28599
103996
59498
85818
159458
6491
151564
92165
21895
48954
153540
22256
60629
69651
85427
78822
45989
146293
9451
139896
108035
8229
200284
88009
21157
151497
98601
33903
130974
24724
24230
75274
28953
47729
46389
27703
11345
67036
19092
7456
67090
61021
87414
35040
88852
63163
153218
119845
73538
34580
5315
30608
4997
33449
122974
70407
101229
18484
54889
28494
19281
20591
36897
4174
124227
4288
1769
8099
117990
33105
31106
130121
17508
42542
12433
182182
95821
18581
15754
14822