25208
18560
187643
56835
42697
39358
95261
150384
98826
37357
9519
59944
50121
128111
52547
26931
104866
42968
61170
107502
156835
34816
50724
44536
90907
222937
11466
136644
112565
54844
37177
53896
77376
24711
19957
45326
11115
41838
6745
79028
42884
59536
89652
27680
28972
45441
23435
20574
98312
45914
83557
41994
53270
194728
85791
19302
9237
61443
73906
67505
27231
108800
247917
92685
7390
72754
38043
37558
67999
7869
3964
3000
9754
34912
14964
159832
14687
7388
175110
8641
3342
40208
36945
24741
141334
16298
27837
117011
17880
26756
11301
159817
98777
4432
40547
87968
264198
166273
36181
105088
166820
73082
107624
140524
71779
48403
47883
16791
298832
41005
37562
50419
38936
12787
38581
22379
126146
63404
95597
180005
65757
66078
218142
39618
71000
227448
19473
24608
51179
288283
179528
6055
94523
65269
174088
63084
38715
144358
130874
8612
11522
151185
151904
194906
205122
133104
55686
172400
161336
180219
28475
38242
11313
39107
90885
108703
152865
109193
194776
74489
144156
117115
73861
44092
16265
51491
49818
87871
44903
243720
32368
72028
14717
171159
249960
79412
143627
6801
35661
20966
75340
8616
16160
60611
164845
18248
77087
34177
80098
11601
43274
9116
65210
158959
127315
154456
197857
48255
52204
87122
5161
48073
8991
53547
64604
200961
250884
49538
51246
54805
48338
23030
50189
101954
234973
11760
53279
7688
41686
33916
204308
69558
56890
76127
22434
22362
77662
33681
66031
162143
26223
75894
6495
56475
90582
121118
88479
186122
131278
39003
54878
76774
42632
233262
116941
9993
21999
78080
65088
90857
74168
95085
9773
23527
152007
100557
47943
24780
72840
124648
17404
37491
28909
14885
38748
69695
149971
10370
68349
126230
100199
42185
62654
114305
144048
169335
23009
51393
21897
96343
87972
75331
360972
109418
35399
56795
26363
84188
9161
46079
17699
24738
13299
139240
43291
68617
94963
52288
131466
21672
50234
103971
9958
12665
15296
22843
3088
10302
56622
84720
99083
37935
72139
35593
153234
157516
12021
18882
27265
30920
49779
87243
54618
119472
109534
25647
136776
206417
33279
43632
22407
58232
45283
23737
11481
48788
183852
22626
96705
48138
40875
42270
23535
61125
128739
44597
163794
87215
10729
49453
76892
133113
23585
33335
3153
5468
39195
77890
200957
43899
115234
12774
48171
50200
108545
114403
48452
75416
23857
17041
88008
75012
8383
82295
10957
32171
59855
174151
39712
15123
39275
255908
68445
54229
18624
123512
32529
51132
55231
34996
12856
14794
41778
8150
112359
63400
49498
31288
69603
68269
15949
19042
18683
5897
51410
19251
55698
12239
44857
11170
166009
55983
21256
191661
10312
47714
39070
46457
44543
8970
80821
29615
82753
23617
79011
9255
41433
18996
18247
54286
26175
79383
11861
164188
66812
33478
85598
65076
109011
194181
37110
100324
12944
27353
97325
41002
100505
46392
14421
28586
143064
72234
9005
26707
21657
68979
139741
49607
162651
53492
54191
23088
87684
24890
154837
326323
132681
83507
133642
37221
94052
11535
18937
4647
86361
23666
13537
18372
80417
12903
6737
48639
29007
3660
77676
82015
5938
8439
114137
83668
7541
150307
20070
43510
23682
129006
77478
44640
57945
57931
47205
246954
78442
5160
20770
103055
91449
5302
35620
15317
55833
30270
38876
75275
12872
41706
34523
24969
33570
10758
61982
38399
74399
93661
85788
68182
2045
20748
79427
24732
5468
107234
23790
48021
66303
92435
133253
80060
13621
48165
49164
51616
26254
78405
52738
8955
92738
80803
52193
130605
38442
190791
194314
57608
110949
15819
42839
54037
32963
12003
61635
63604
6713
104931
85833
18066
23431
56837
110301
22838
200894
204558
55189
27141
63397
53652
73333
231983
250307
147148
155844
37770
113852
89475
48861
91463
43580
122481
8613
93134
31896
10749
118844
127007
23482
222574
58499
128562
24206
69744
124204
66325
33280
104848
72353
21062
69100
98591
60745
12740
104296
175013
99228
31556
235970
82821
2146
130056
48584
19694
237023
85914
48474
3353
4401
20190
66745
23117
30606
76587
81203
120674
25798
169753
77294
38639
56534
120054
28431
49277
18875
41134
63791
93489
36546
30321
60744
129661
21465
60311
119972
66439
67119
55884
27894
113168
243932
83820
161049
21403
37684
30034
51278
118081
28741
42905
136223
6538
71209
52228
31636
96562
41755
161507
34039
29097
187906
24070
38989
144405
57465
59846
46138
10411
21170
61593
36859
22888
152090
92303
147829
85150
204419
7197
97659
71271
40296
40029
71760
91291
26249
13041
52870
70442
13250
34887
94680
232619
57773
20824
97580
11543
119297
22862
213779
121729
39619
63308
67212
39579
120458
3250
20094
48939
9483
36059
87851
134309
17393
34651
71605
67887
160922
77661
48668
35105
68166
50378
27495
67849
28878
48992
15550
59765
38918
131203
22110
25848
158128
15857
11343
30325
38639
10979
40742
12016
135590
88283
47361
35807
107862
27382
2778
162362
87730
84429
94437
73289
9718
97950
15144
185483
43688
70962
43075
42516
36392
28182
26784
51647
29741
19784
20419
10462
103451
46839
42029
48222
122139
64012
12853
73533
35951
61697
22414
57830
53870
46126
27501
15304
98360
93952
31568
71921
166510
78597
14053
68573
99349
108230
87714
67439
300767
57244
88136
26804
78402
19441
74301
66123
38670
186942
40493
149203
102749
29676
55290
59776
29196
34400
35368
186955
97272
13682
99041
88453
55281
111097
73914
28354
213184
116044
13698
44407
111535
68886
96829
30507
94514
44012
19985
8513
205107
32166
13717
10863
202233
83164
5423
30699
29771
45943
121136
93019
32818
2796
46073
98840
69346
41661
101931
68516
22598
98059
163776
220635
26931
99717
55047
14546
83545
66055
38407
3422
32806
57731
108718
50724
126877
38688
49386
76671
114394
114004
18579
30825
97646
143323
44899
99260
11493
31780
33293
62531
31029
144440
29833
63458
60794
95143
55340
165229
16849
37273
74206
137852
71491
75605
105804
28997
62528
220213
71364
107969
158952
128240
72047
103616
90692
29686
58875
35304
59936
34067
63579
93645
40360
8171
80544
127937
66966
71566
23975
59770
57666
58627
214660
54726
190078
7857
21799
26381
44683
89687
32402
40156
36918
29618
119048
133848
49861
28070
24228
40951
24649
24824
57783
41467
121830
37885
56819
28967
55190
30962
52552
7319
232686
85184
93739
92613
157975
56805
55494
22019
26014
139364
71523
110123
25597
24672
75051
21674
72667
64693
29832
10168
16460
143700
21201
7571
172378
7835
74621
33582
90725
10156
116449
21483
4796
38916
66954
64035
200393
43139
199761
35711
217970
35461
25377
14796
30006
55196
165241
102274
72511
74786
48316
124057
176064
35256
97878
141281
35354
31900
71988
111073
11152
45787
30597
41204
54504
17320
38800
108494
64245
10078
15101
35499
117059
114657
60423
89055
105773
26704
68974
43773
183081
17922
116715
11750
92131
52246
45953
24396
25899
51404
33612
35013
60998
55582
148678
65335
220218
4439
81090
35366
167176
105716
52349
8716
71940
73550
20874
161674
32864
62996
13605
23615
22477
8591
42724
40049
75896
72008
63937
92555
48754
35107
81749
145671
8396
47344
111575
22140
28062
19913
81107
16485
75101
108212
23107
50272
138278
4197
5299
35876
35552
45343
25488
125312
87658
48620
77380
35395
62273
47764
9231
165309
54869
90644
136682
54749
95389
29696
87011
25706
67255
84189
31964
64805
17020
62021
19290
52639
33248
60168
59008
97971
57198
4724
196954
49348
52544
31150
26711
138520
26855
30521
25124
91203
75550
27542
110046
29658
148415
112428
82981
82014
19367
94405
82449
16110
8299
59725
104610
22368
86197
37906
24366
16134
131120
40037
27184
24943
141264
88416
59366
52504
2499
50508
162095
12544
86929
25788
114256
48426
153901
156494
248335
30661
22113
48523
98498
32267
32010
73915
24522
29528
71812
91955
80388
40364
20154
56945
19721
38681
103402
88152
61847
75561
94750
54628
45315
33842
88092
56864
87174
23495
14356
47385
114272
50146
74021
45212
45065
15326
146241
32106
52599
135098
23595
181833
66213
75741
34157
37133
12540
134611
41175
66010
58442
70355
129888
90152
100637
121298
25031
14487
52331
15039
75518
52814
259253
99692
57262
247251
7556
11691
20867
38007
79494
46516
31607
10925
111429
104129
3638
121433
8559
62249
21658
28537
110470
54871
83964
144613
187932
59346
134876
49465
143894
36163
107730
24359
28541
32624
60829
40870
17286
68392
32961
151992
157635
71600
66882
169879
136757
64340
29085
3508
61481
93279
101206
58066
83884
38397
171261
58374
38636
25603
20349
28950
114177
106609
84502
61204
146491
112166
6053
11715
256762
48205
17208
33501
9457
42351
102857
116701
33663
34606
5329
78996
40757
63818
168555
50734
131425
39966
51835
173102
8532
71556
101221
57175
48090
17541
21827
25945
93204
27909
90706
65695
64556
12814
78695
119919
24984
77679
271971
165015
38937
38160
87417
11911
62928
84005
36706
69323
31666
40849
17892
89563
21156
58155
79734
45367
48149
57034
87248
60171
50311
25336
89512
182103
36193
29421
43553
9749
66289
77239
19087
81643
31759
51785
16607
260026
115416
30446
21365
133356
127659
30900
29669
42470
49101
66665
32813
119238
32764
86249
80286
89865
73800
67631
25245
155386
33326
132707
45422
4257
20164
69320
33345
107185
4465
45311
25381
23894
33052
23282
56140
29196
35637
250169
149635
19000
30355
93848
66226
82430
105460
41462
66782
32779
99785
31881
21225
69914
61917
11964
160540
167274
118893
91764
66156
13326
72728
105305
94739
61890
94978
136272
86901
58855
100669
74862
36153
63844
48620
150092
22920
28062
101399
29935
11246
96150
31127
40551
51174
17676
17760
21346
121702
134307
11250
2940
22925
17462
34018
22786
100117
149522
14627
19499
5881
33970
144344
91132
127188
9064
86333
4767
6790
106344
34507
87812
56085
136784
69076
55517
4634
85316
48481
97901
15137
55061
26893
137826
69823
157935
81345
42039
16407
18500
23875
53222
46888
189841
106033
78792
103760
65652
92216
15059
18619
30751
61043
22088
9547
103693
209238
202373
111640
4361
7264
50607
149290
109022
55634
15244
57451
57149
24779
24496
32162
49061
63504
28567
142315
24712
46849
121294
58903
9626
19599
31059
97183
81694
14623
79698
55739
86132
140872
105005
61696
36904
41017
54030
163464
29697
20792
143467
97849
21271
60610
47216
49727
43660
28683
53760
99095
55216
24953
3123
80676
148315
183177
38791
4079
92575
32464
24523
353115
64824
285303
81251
31896
63493
40793
62839
131763
20617
69469
93223
57945
135925
19532
111827
245253
67337
39070
82691
94632
41825
147041
95409
69009
19632
48370
54143
168834
112705
46553
69108
65834
128666
63730
18847
116931
39629
23092
19499
48042
105575
97107
83706
76919
183967
26012
43987
57299
25866
123717
104353
105402
110568
115301
37683
104311
91636
98526
31239
11656
24442
137590
39692
36661
43178
72165
13398
43116
124494
5964
10741
69268
17930
56158
72862
142217
8645
190842
34565
81869
24919
114985
50513
8249
47800
98281
24620
70581
40791
111145
11302
89327
34618
172757
93595
35051
39752
55079
18748
39960
97088
113159
8336
42250
29159
58119
20504
95810
30206
71090
10373
56999
18969
22684
51176
31470
22328
48816
155271
14586
12057
15174
44302
18634
48894
48236
42868
46929
130172
29120
183756
60123
145752
29434
27129
85740
38947
18833
42916
55455
79436
30461
71094
92339
52550
80947
33327
75773
17187
48398
40518
81812
13267
13278
50908
4624
62373
28450
108872
89733
75061
25178
9501
23667
18413
13325
163576
92539
27531
89186
39912
97433
163891
88761
58098
4527
24667
221733
22326
28457
54063
26602
32094
105977
138502
66484
60370
39106
29659
50685
68196
22524
53692
98624
60026
63088
110786
88575
20150
145774
127042
76261
19720
84955
16756
79633
105357
22108
172146
20020
74480
63725
17392
43502
187686
65517
98595
153052
17232
37865
247153
77205
91394
56905
22721
8287
22646
73884
68111
56686
44482
82371
17496
15011
153990
115014
65835
4313
66092
37632
2044
48091
266802
7891
55677
62355
25205
44946
104600
65944
30581
26745
83695
39970
16705
33665
145288
43607
40804
39864
38628
50027
28830
57322
110539
138653
35083
23749
18963
15436
60113
11361
19039
72044
19973
80134
282603
157926
88596
309576
58250
165502
12326
60464
73177
69108
39145
119018
41053
9612
12507
35199
153672
38972
20127
157674
99085
114384
66401
37518
8695
153104
2293
84885
12462
100454
71486
33565
89559
108903
42676
62328
202078
67796
87045
11304
30230
34692
11410
25043
88228
29415
42985
50004
104998
154952
105517
6764
14346
32286
68650
22374
48642
180599
49395
119388
77609
4860
20459
93817
126585
61264
89197
99961
54972
122830
5909
88823
4975
38806
46275
86595
23879
58007
21289
39300
108932
55561
34810
108107
125311
82683
139711
86278
37129
33462
76094
60775
35911
132105
56252
30587
26289
212596
33361
23909
116740
11065
87560
204904
36316
35154
3205
39588
159877
32683
19667
45903
45344
29215
71930
102483
6142
100349
157918
101967
16348
40520
41560
28335
119300
101280
90183
14487
42172
3201
19918
36453
78117
107482
4841
14903
57894
85070
108883
98262
77684
117564
138946
77588
111582
102659
16574
83138
15921
248433
99464
113319
56666
47195
20971
20980
55904
156982
45421
30839
63931
204509
14394
45487
56057
68014
116366
117687
70635
14055
68990
60330
53365
38002
42600
76254
324765
193986
21604
56758
143299
32957
38247
15667
86107
22808
24943
46100
65589
36546
59989
184747
334047
34873
32445
87052
36979
19125
20364
229559
165229
88652
15250
17014
62930
119929
33010
39169
24849
20163
68086
23974
77762
51948
71824
105824
22106
95577
390773
105646
40505
26671
91562
86972
99864
47015
81902
55314
104280
5295
19434
30559
43189
28940
103358
87552
100742
81980
112367
59594
77010
72873
43151
61049
32153
94743
39697
119195
265669
73185
9520
52821
14813
15951
46271
15675
54094
101017
45560
93944
100057
2905
24058
5567
89579
9691
103217
46084
44356
8881
39208
100241
144411
40488
20128
285119
43358
38223
48376
100212
33981
130519
147453
43439
238822
61352
79843
139797
17413
108782
81960
110815
111809
97819
33314
11560
143154
78476
30728
94118
4993
25741
195324
32304
27099
138682
136494
241022
96800
40234
47612
61521
97351
34584
56964
120503
9910
58388
22804
65679
58878
13178
123983
114325
153055
41452
19750
36629
16953
4450
115609
31423
102744
21109
58366
18366
48549
136270
61297
108095
91999
73705
32467
21943
41174
253857
182297
89909
86083
15517
83540
76254
72598
34871
25278
63567
37491
44564
46977
165961
50371
35666
28583
10122
128568
80594
280650
97123
7059
102040
31287
9867
173193
11640
80611
26175
24593
47109
66816
66206
54852
88081
42201
47477
73090
124825
40683
193135
75693
37598
18917
23820
136667
60587
35390
43276
106446
31940
154072
82262
78183
97496
99406
25886
30454
36108
19476
32845
37511
105133
79557
7951
44386
31126
57795
17180
121056
56057
175648
12342
35680
51167
52398
72072
83946
180335
29846
128801
12931
12840
90334
55578
27651
53092
107875
16394
6189
12709
147213
159032
49795
160831
112436
7179
72031
250325
15661
104707
29709
70999
25860
10522
119163
24214
77737
151122
128985
162173
37397
66375
73325
21001
15203
77496
60571
64724
15503
82275
15434
189442
29034
7819
71185
28819
144413
41236
80573
76180
3239
67655
95673
36939
38120
22753
21277
85580
63339
188866
23496
29701
109568
88031
50830
70394
23667
20660
218083
81503
26095
20064
13127
48993
39080
128117
216843
118497
69372
55437
59240
28851
67814
41405
41648
19640
92062
90787
43421
15834
173340
218925
51742
66274
23626
57297
162099
14258
19771
26722
53138
26407
57052
42979
99004
14687
40013
80005
80337
327610
3878
90275
29827
119108
83313
42970
42325
40078
116933
21856
85776
132122
15216
36454
54579
31558
224474
14314
127378
242171
105984
27051
90772
141204
43300
114383
23451
124458
26462
124762
58000
25218
189748
90158
65891
86561
98328
70342
46599
29842
32029
97269
45820
77525
74059
138268
88477
129313
27945
103458
89164
48297
87045
92064
85829
33595
127432
35376
94370
40127
30332
43222
36725
97695
169407
28926
35072
11432
47135
17481
31974
131863
43867
58360
25052
38953
81400
219052
132113
223263
122885
28083
5996
49070
27431
11089
53997
128652
135499
20818
119508
5785
200799
8069
74595
44354
75730
50123
56188
31787
50548
44292
273009
98695
59139
32984
41955
16920
65329
39980
138577
114330
129900
86005
63035
23243
77365
66411
71811
56099
36955
85813
53968
219276
83584
49860
55387
12777
82881
36649
178206
57566
108417
90855
29329
17982
50755
94751
83774
199659
142972
60570
116410
22278
65889
96491
75808
140269
102618
54544
72116
81094
139454
12372
21717
9703
5238
49389
97840
75046
150071
80394
26742
44255
17023
40643
31188
57989
42323
66015
110552
65067
26370
114250
35476
20960
16755
62199
34813
166172
13359
146482
51588
55276
7704
48182
10981
42508
77084
96412
68303
7266
71970
29487
52420
26180
84822
28619
13820
27092
129591
55552
108007
22947
26015
175089
67051
131147
141881
98998
9553
42495
46720
106059
20911
39502
83780
63823
7488
73274
101646
62875
129469
185137
301639
95348
33341
43753
82712
80787
46750
80113
45064
207852
41496
98469
81329
63766
82977
53530
18495
29604
57667
22050
115102
40110
52807
18186
68819
52409
96575
10621
20833
117320
16559
127010
205957
47793
61811
124365
11247
52523
16671
136196
45155
29198
93296
37836
12613
138350
12844
95969
6802
27103
78548
32113
85821
39758
141097
40689
15001
30538
39300
423494
69906
88478
35124
55715
19355
86703
5395
29668
32529
46770
11211
49306
77534
30136
185082
132055
181596
53424
32416
17540
77237
77042
36892
83035
76898
6273
50063
53288
288733
31511
94594
63880
61526
142876
51295
68831
101493
93361
45377
96589
95424
49236
8965
4724
42449
75381
94583
25585
19085
35230
83842
74467
12706
41011
16003
17507
29134
40018
44657
8355
99687
143741
52171
209392
111209
29020
6046
39085
1978
37447
10518
69223
58903
211234
52470
49514
60441
108640
49239
40343
55497
85375
51236
155919
68749
8549
15694
27736
55104
26354
84778
65099
48504
35943
34897
63024
150911
37204
124673
126049
42017
135274
61248
29384
25716
59719
51380
179065
51679
40274
65715
112615
16280
47998
153377
94400
34526
53933
25347
36646
218219
79030
26578
27350
125393
196656
56965
34774
85160
70368
21229
50542
102713
41861
19818
24533
64186
86387
57686
30898
73771
31719
33799
59151
78952
43576
15085
191879
142559
106266
26566
211866
59979
19074
10438
44096
69223
56557
45954
16106
6977
80039
13193
16873
37740
75650
71634
81565
3612
115428
44775
86820
37363
105087
74552
130879
20354
73114
29924
14275
67721
84846
44744
49737
81997
79606
26586
121976
59922
65976
80467
22302
31026
47781
23038
9967
77029
158430
177848
43867
11450
19320
50568
102040
269485
135170
3717
126405
18444
66137
93625
79107
42920
28969
17394
70461
41822
56493
163847
168192
108832
85920
80514
34533
15107
129399
57710
32558
67864
30276
59160
4310
31726
213692
17322
56680
12283
77946
65963
45444
35154
118300
33336
132515
66277
50978
173905
49813
22244
119495
11875
94330
9977
29895
107164
41177
37226
89767
148594
110455
96028
272125
92813
24621
61922
60823
17062
136861
152632
116575
128955
12552
70409
123414
46175
22885
14145
66282
68213
88001
85726
65246
38835
30749
64704
66712
27335
70816
131909
56706
34020
29216
139731
39581
58674
88619
231037
78239
52053
48161
172388
116354
105235
4447
249966
53847
21747
62633
118565
88750
14392
76288
127449
68699
94035
82264
69537
83273
183935
53216
127271
158365
270931
53229
49139
74102
61177
47100
97161
50173
42734
83630
45451
120672
67424
121355
38088
106644
6630
309467
19544
81872
68330
42670
68658
18031
158405
36507
33191
159451
62379
259228
171725
39566
10231
20070
91620
60514
69548
19397
276539
139768
33305
90255
49464
64253
13205
36355
45160
19903
9728
22704
77401
134058
21250
47412
23375
47006
72165
34872
120409
121395
275788
39024
140951
7949
205607
35366
34129
71426
17479
41815
238244
45404
30189
91092
85341
109645
27961
109365
40659
93938
16698
89394
44171
26709
58849
29105
50061
50955
14875
78517
131710
55616
21174
12740
107658
187180
35290
162750
60168
99182
87440
4275
215992
119717
28439
159388
10885
31896
63967
91532
94293
217836
141602
56590
92164
75094
27336
134620
26499
136122
104035
85552
62366
17932
160742
65450
75540
147438
106693
21536
11905
25354
17711
14156
56975
81049
41443
106300
96212
20378
51747
130130
48728
78777
79955
98616
58837
52881
9611
16056
72621
48919
47963
76899
102055
193240
36713
46129
188752
110230
75604
98485
138282
5556
172228
86778
39241
38233
47789
48348
67423
59710
56165
21106
12619
68098
122460
19949
51155
74530
14706
29628
83265
51114
110609
190776
77836
41969
109221
36185
63098
283894
29633
18160
165158
34545
31772
188563
82513
113343
12817
13412
50335
217578
32956
11925
24301
4442
63843
21050
4788
66491
61153
64596
50065
65101
9313
83119
13441
143240
51693
92064
23832
73724
15126
46521
45290
88902
68997
27746
35353
68462
16603
29382
46002
100590
122052
123070
41987
91765
94591
82409
166240
24937
51191
57193
29208
29557
43619
8979
89836
7295
23442
25625
33166
55166
26271
72252
68367
52678
28099
3932
64870
6412
56427
9228
73302
4008
49974
90719
52533
73853
66249
55533
43273
39229
56529
47603
85051
98248
116800
16888
24489
9652
107943
162843
23669
43805
20705
24398
19272
48841
28103
103054
39830
11463
27297
33115
106867
9034
110697
54445
155816
122593
15107
16779
37248
66021
17166
20018
23537
38922
79187
8056
7955
174400
50782
136319
91265
110718
214582
117230
114257
126716
43817
99005
50234
42798
43273
58721
71348
7650
50145
23956
66014
26029
37371
38100
38716
5805
21819
89857
56559
25759
99907
63367
22039
64444
148052
102635
44095
147175
62818
87835
21252
255051
34197
31946
69799
24125
64599
102620
113071
38154
23591
70598
57885
161013
123690
74275
55820
152703
8888
132010
61305
92538
21586
29955
107320
57339
32246
76737
73970
22742
30051
61506
61035
67558
81419
135725
63908
7639
38509
97217
49985
9593
39310
98830
57377
72578
72795
20538
8285
66446
87110
24613
28425
64778
33415
29004
9132
13328
55775
7891
168923
102662
29561
24160
12552
78590
50491
209168
125063
98449
68256
124270
110323
130091
47492
80506
52666
44959
130815
43929
34243
12584
341552
189495
34756
107355
18755
123828
144780
59576
21742
59878
14301
44410
55878
65066
15887
52805
35895
29429
43429
10218
23927
82479
25003
48423
53106
131334
18147
114568
36790
30448
60996
17080
103606
61551
43343
127287
35216
37783
34124
27396
148853
94826
130211
102594
153762
28847
207681
59906
137081
7722
64579
41692
180512
103630
21110
121479
45151
69464
37545
91321
75460
49895
17080
55616
76511
150831
96672
43145
15416
21635
109123
56790
152310
217501
19050
103056
11976
106560
36089
19036
208780
69289
73858
33121
42153
30108
15084
23472
245220
82016
145309
74516
47441
11454
88669
15002
66518
52424
18677
83439
50399
163241
135540
52552
87204
63297
24847
152812
22492
15253
80601
185139
56440
48489
128436
17554
58607
59206
63125
195434
123054
21296
130098
13830
104424
113305
49820
92307
54260
54893
141776
37234
111898
53216
106506
84969
55815
102901
60355
71648
31243
63995
23495
31564
7011
65810
46224
185564
30799
30079
41376
50701
17230
14127
62262
115409
84155
79843
158733
4617
72274
6747
70456
21352
19273
51285
124749
15489
29563
55908
23075
176775
106158
17168
18867
41744
34155
95490
22576
59106
49244
325937
15984
63464
40360
70421
86050
49043
81760
113611
27217
74790
104844
22131
34357
145740
10824
17442
190873
17918
73304
25404
81547
111002
44102
5798
7138
38718
54426
89380
56985
77101
88357
22479
10329
97476
30413
16132
25797
129740
104809
7330
26426
130083
16698
40311
46398
127384
34529
50717
98538
26854
32772
68330
72626
73126
83260
87880
6048
35728
24074
59425
214051
113746
102457
27853
92441
30633
43110
59434
148618
51967
27426
106579
135479
13792
193515
38427
16652
123331
29537
25984
16857
11116
88540
25186
170753
12771
154543
51791
67763
115324
129552
18529
44847
53457
109775
163895
12464
81024
82476
76380
111415
60390
87428
107657
67162
86017
52067
33942
71159
53772
72600
101579
95005
70781
91555
61430
97506
153581
133882
37692
82057
23566
125545
49377
10997
26582
32772
258137
143242
118184
27742
210048
49015
215233
186457
65924
16618
115694
4938
33813
215232
42985
103277
159610
24318
8524
43890
114760
109046
59419
21507
123774
30446
57856
101520
38188
16203
64706
43256
121180
9650
36641
239619
27451
96261
19173
54193
77612
239731
46764
90829
69071
71673
35084
14777
10517
58684
46874
42883
18003
272010
84783
82413
20623
33754
68190
16497
31497
277801
112772
117014
83781
37785
195125
59296
6982
63252
62940
30709
147233
50663
66980
39595
42335
9445
70631
124082
181190
242370
85394
25363
33659
124774
128710
30182
101418
93680
84955
72338
58123
24832
87028
67376
91193
29528
22049
105141
66322
67754
25148
62631
46714
114046
76852
5650
63649
73765
85395
6451
92346
20986
94014
203486
133290
312757
53038
74709
92919
7890
232229
12375
62334
58557
120283
6399
70715
120670
14534
67161
45308
20923
14210
78309
27928
59011
51897
24700
37087
107045
15638
87861
60806
53573
60313
17530
28338
45457
61381
305613
106662
6758
6752
71299
24980
132846
69419
99205
32754
110268
71174
133065
79537
51616
7814
10425
100543
30300
77364
22058
117988
37668
72239
57870
66397
22550
94456
34111
45651
18660
154445
86798
123207
12829
83564
27499
20343
131748
86400
62128
38071
80697
148713
43903
74460
36692
43234
122317
189172
55046
39536
77371
60105
22023
70962
68235
42005
73309
32384
21609
99666
70316
120326
41154
71687
20032
108815
66701
34708
35198
86680
84796
13160
90492
47057
33885
71234
272077
20291
94784
48667
144382
55117
83906
131321
44220
69200
33600
39005
49646
78140
163090
79597
20718
31120
59056
40771
43509
15507
111554
122026
85663
57727
203562
142216
139380
86076
171878
79015
86323
32478
118920
120507
13149
39545
70565
52624
122338
23281
52293
11720
127161
25056
120162
9483
112148
23540
69615
4071
287872
38514
314265
67445
23133
112270
72202
37795
60507
336737
92512
211890
106714
31867
30060
110846
104420
40679
37973
25330
15594
9297
104807
59059
91140
119894
11131
27835
70431
148082
113062
210235
100489
15071
56149
95297
104042
15192
33350
7183
9170
71197
86051
50079
95939
25459
15221
130681
22779
36941
8147
44895
120016
9522
79986
92470
65116
31881
17156
86641
10875
107791
136252
25175
98591
132514
20449
64839
87422
57495
10565
48389
28344
55728
50677
141351
156275
10061
143690
14644
20111
11746
47736
39036
82517
109521
4707
49001
47418
49669
17870
39578
263730
81422
25957
133657
21021
54195
63712
23060
99901
45754
69660
148842
172124
35638
55959
101433
57447
96725
11896
84385
37556
39730
52289
14776
74278
82093
119155
90754
60351
104751
226326
175799
124654
44362
174791
36011
76989
59341
42153
33767
61293
72946
80736
27433
23870
50932
110931
30372
29299
94906
15279
116101
69043
9151
29616
71883
110867
41098
185985
17622
22680
88517
45482
60758
32438
36564
34268
25062
66081
180862
50728
49717
186369
37956
185758
132155
46246
267225
39226
18583
42190
119340
56312
120515
41580
104978
70806
67393
188081
34789
38196
42926
25167
120480
59392
148080
45790
44128
145896
109926
72832
41984
33018
107612
205620
96993
26197
43135
21876
186181
71666
64680
81213
8898
113870
32961
27354
44102
146011
7591
24604
11432
101515
86751
70570
73359
118269
80622
12123
13711
68493
93337
60476
49438
94141
104886
4938
20473
39294
44437
9959
46807
28072
3792
256442
41344
77256
90757
96687
11066
22132
64729
136103
60630
112276
50150
10138
16240
131950
9385
80333
77607
70990
8816
27070
100390
33433
51287
67126
13261
105472
16114
67603
94960
26605
33506
68955
100886
249047
36448
27059
22490
22424
62785
80920
69395
33318
26377
98776
12168
95023
142075
36791
132265
86763
19130
77040
45593
79050
96317
27621
38628
13617
84699
136227
135612
23773
76586
158044
13564
30140
90760
80321
31468
40711
32607
42940
85647
73124
18150
128154
5645
43183
79278
25593
7462
23029
76841
35732
120083
97387
50768
24513
81056
94842
32109
85057
18318
43651
49636
39096
82278
83834
178680
19128
39381
15135
51786
53121
145060
170735
65584
64315
142498
101393
11570
23628
63141
64643
27721
114228
42337
92316
11560
44193
125298
85554
91664
52795
195399
17904
87360
86899
42932
187179
111123
173942
72367
19256
201372
85130
11694
31185
8168
206323
97090
52321
54391
21488
6564
13758
27850
47800
48150
10762
61934
144270
26496
43605
20969
24880
52994
53512
52847
99557
154526
51898
21163
29644
19313
92633
129493
44837
75373
172680
41845
30568
115103
37183
57656
92027
154346
20286
23586
43676
31448
49638
36587
66426
19585
66332
35906
65066
12602
24238
13468
39170
148539
37150
53951
124994
17679
59099
10663
83283
16326
14342
23874
124304
35365
16406
90599
187202
26636
7493
76165
312318
86854
63152
117819
60672
27132
68615
46065
166592
14776
43197
77923
56930
30249
36600
23799
273285
188784
55465
22934
38307
84498
64745
112799
35000
51191
39251
110890
64652
44720
29678
122546
116236
54017
52155
145501
210495
53634
25129
33047
11502
68142
11370
84213
96281
32108
99622
63898
100923
88581
103583
42954
49831
1717
29292
87415
84635
47787
33911
28321
32666
6998
66355
112222
193903
109787
76918
65204
152997
165308
21476
34786
47494
115244
17815
14430
27654
43533
53291
40256
107835
22506
101417
57894
37723
28088
5385
86740
22020
72697
35692
76880
129989
162476
78759
69666
97671
51551
144406
32531
260199
177661
73160
114535
114492
83502
89158
4144
177869
33504
119094
39149
12757
88564
3380
119580
249788
109378
145721
57649
69391
67811
39094
66335
50499
63856
37330
98531
27726
33524
16650
26090
45527
70670
19184
71604
17113
32643
62936
39936
112184
19834
16218
60406
50077
53968
107212
34251
32585
58579
21198
16933
79480
96376
60093
34265
3456
28483
72264
241618
7605
46855
45685
7921
65195
7063
66440
88759
42335
20966
20579
117879
104219
17931
100984
48872
151285
55093
53043
30540
22782
16674
95091
116767
44361
55981
113518
17596
301499
28046
11923
5637
190540
67103
31100
39734
92336
42252
95528
52966
38453
189040
71197
103648
181544
74143
34134
43482
25927
19190
27123
22416
43365
146706
57703
47703
19038
10855
56632
40259
25451
69341
53906
22333
176818
18522
2180
46680
140256
290806
19119
76887
68281
62461
45697
21099
18555
99035
77365
28614
28282
170719
103976
87243
9100
40475
10313
106768
38343
97759
19607
12015
48366
26611
21290
38161
81954
104848
90532
16288
31477
107031
58477
42764
227659
83680
37716
125227
68460
116519
198035
83449
36162
36128
55132
111377
87786
120889
113321
124474
169394
65888
194387
85008
70535
64256
19951
38893
73144
21651
53345
36303
87975
37559
81746
71200
75374
67118
154895
54428
51124
15284
106736
139643
10608
34582
19141
40283
128546
25755
25030
51457
22150
7191
6296
15218
20389
43784
126309
60110
39814
47768
83225
96254
139035
24794
18633
46014
50519
81007
70819
116647
40821
10453
25254
54566
59359
38826
299217
118984
90210
259576
99832
7993
101517
77423
194107
124684
50552
418257
71366
12853
6653
139636
143369
30257
53113
35845
71264
119223
55466
25309
31638
216128
18056
13921
93866
268271
87326
42871
55695
112532
155677
178644
11933
30947
26417
41622
29761
46534
23081
101973
177754
35770
7907
87007
54516
21487
13752
106752
75205
66745
18609
191263
194807
56712
105518
16288
33493
9861
29346
59980
69900
18787
12354
23049
126782
31595
93254
32914
9601
8383
66891
106819
48105
39391
16273
70179
128464
61785
18741
229105
170392
65240
6836
91928
33855
13675
94659
129939
113112
128395
43074
14827
38400
128470
4208
26534
166348
66383
19738
63958
123704
106683
115339
23648
49867
37126
252703
45737
86380
30505
50420
128015
51111
64655
119427
131027
60584
19074
38203
39546
9668
15234
71250
87975
84353
7433
124175
38225
96657
44904
56135
55160
41700
40996
21181
104067
33996
154984
50442
36320
61858
126895
65188
186977
24302
69236
6931
89594
118498
10576
14765
27537
50988
186915
178814
14280
55052
95914
38769
80707
69868
63717
86116
108711
19807
30141
111892
27703
52558
106440
106143
80820
57563
25776
41984
31026
118384
119177
27295
13185
208424
107907
29196
30232
145759
138143
39936
75192
26228
26139
33615
47160
74434
74270
136791
69823
14241
4568
106781
18086
56160
47433
7045
272203
27433
8290
47923
8908
31355
49561
49861
212845
74197
74003
43119
124863
24966
66493
69860
76130
42391
45509
131450
235790
125261
21297
132047
38834
156387
67574
49457
63322
120328
29939
41101
37326
122223
88351
9731
102204
99515
10048
136725
5295
5360
134195
122074
68833
49025
8494
144179
69545
149210
69768
35711
119289
24736
275580
189069
234490
55718
76945
58529
22611
142519
54610
69291
60473
28722
12278
241597
14467
57466
7770
44874
61146
102682
44676
73532
78981
173007
10346
27647
56469
14282
124025
30023
176652
9199
59608
39509
14178
46199
19662
9615
72564
20834
56217
29899
92781
58417
53476
11856
38112
68842
33189
65376
72349
70172
66979
22453
27740
29497
91863
141157
36907
53359
101011
43125
16333
98849
161210
37126
86902
14145
80751
42303
37113
17844
17215
57763
81619
115762
23196
120429
36355
94895
69555
52045
61417
130019
25137
31166
12918
42611
114178
39686
96780
64739
26120
89815
132008
146504
151829
56859
34991
121947
79404
6395
27560
118856
66262
25248
107692
298851
106928
90141
41854
15744
18048
109497
59114
165926
10565
84855
36340
15090
6635
10823
69180
18561
54777
12899
97633
63062
169730
32550
15696
75761
128508
40756
125597
53904
248599
42211
269291
45748
106168
38373
46694
39731
33756
27631
23935
59210
42891
70222
134710
96929
11666
177920
88940
30266
96405
54206
60179
118717
46112
50406
99555
57660
51583
36476
74160
6867
83551
236373
57170
45466
94035
161749
16085
38313
73128
205978
35591
33357
112261
45658
75444
129654
50131
149604
123901
51558
44152
73944
58785
131986
37741
15033
34777
51997
91360
218158
58604
78419
32662
42996
105715
11911
89712
148821
5039
47264
11548
60129
50305
60960
33332
99068
49019
156989
31325
146572
165160
30946
56179
16416
14005
104182
49266
10823
45638
42399
141030
14322
48494
40723
7394
34209
36317
8743
15310
70206
17294
38221
15283
17210
35768
7170
33317
30769
57926
30519
82716
13353
30389
20254
106919
15420
74840
11814
21107
63671
80651
10318
11252
170442
56071
28256
85142
83118
22125
56874
44145
75442
48242
32746
65718
64218
46708
183000
93477
101564
190242
62442
95101
48575
49553
124906
86804
32345
18478
81400
95321
21039
89869
79340
8436
65736
117875
110883
47812
14812
33321
77773
79469
39304
72577
22790
22158
30577
17351
80799
14184
299554
26222
260048
31122
136973
9442
151959
111372
63282
47403
141227
186518
9421
144946
53897
12971
179495
82181
33841
84751
12698
37015
5484
211926
68542
9352
128708
13384
41538
62163
96356
143967
23923
52311
13270
81819
42852
39188
122290
160375
49069
39050
130739
19884
33632
33506
12072
55608
123631
9236
53249
47204
49436
115412
38959
66530
19811
71189
11589
101716
66680
14523
89075
14185
39979
33109
136921
179132
31427
39364
58111
32544
80485
83759
152448
96454
14918
130848
52121
28539
36195
64629
15344
15822
32733
159195
75166
110881
86833
85648
47541
6475
111814
30647
92640
22550
43099
33392
78942
141065
31016
9867
12864
159026
36334
135651
1397
45433
6968
66501
29358
9973
51594
92883
147099
46476
139318
78097
61327
136391
88872
17380
48085
74563
141680
6071
6134
94333
32292
59228
71906
51543
45370
26355
125762
22552
71355
8474
135412
92938
98174
5146
49641
7150
15156
96823
62668
40176
259105
33844
16429
102713
7494
6010
57051
41397
40480
49617
16626
22798
91076
127024
3975
28349
11312
33849
122702
146756
22447
25266
2764
35078
154269
31979
67241
2579
51690
21580
93986
96841
84712
52116
47044
66994
15264
34611
70940
7513
18432
16368
49321
38391
59186
57440
62427
67034
53480
90186
55694
138472
83228
69250
70371
49364
15710
71563
162549
64355
55597
130210
30112
156755
138312
96251
13851
4430
38501
124069
36273
163794
177743
117109
54892
34756
23803
40152
22250
229699
17831
51182
48271
50743
30626
122328
67678
190666
110487
118049
172888
38646
21265
62185
218047
126140
54164
4982
48569
66053
56006
78697
32689
153963
76845
36831
101437
52072
62102
22062
11245
93049
145890
72865
27469
50326
10869
24135
29015
16051
39195
53971
107081
84681
44647
97633
7464
23627
40971
89784
45489
45471
104541
11016
62234
68805
129894
44356
43195
36838
33779
70204
91621
114487
155070
45863
34154
130836
48996
77621
82816
40400
58597
33539
29746
17022
61441
3323
30805
140978
224343
9667
26087
57064
49068
5744
25861
9844
169083
15936
140310
31551
9701
137217
37212
45465
44655
26522
38369
120775
38216
51944
64679
11925
28258
15175
93301
47982
77543
81529
120137
264122
37159
45785
86393
31353
78538
14036
54282
11406
67417
24568
107566
77305
29156
31681
38939
15689
38213
17739
134403
120911
35229
32530
98392
33248
168365
32257
83772
50672
87568
23558
29632
222696
98557
29015
113184
31969
113911
111225
81960
39364
48474
101854
39250
145972
35443
140787
117549
72185
23765
61485
217566
89302
57077
31599
117727
30398
67473
123737
67755
65053
54069
19225
60004
49953
8203
90219
21735
171750
65303
91998
36758
109562
36167
15176
80007
36808
11230
50396
150603
37073
27089
52488
25231
51440
43859
37929
43803
4543
34856
82771
143969
257876
55111
49942
27107
55061
54908
199708
8007
54831
29414
115748
71171
13955
98597
80624
70812
47825
122847
133060
56686
181011
81712
112553
26129
38019
66589
29640
73390
78040
118562
7261
9371
44712
79749
125112
56364
47121
42799
67176
62315
108664
62888
40082
20044
13965
48162
47814
180221
187553
42339
18544
116820
36881
70773
29247
26772
169533
28414
80026
51312
90527
19422
92052
93519
42801
90296
43308
55715
65357
209514
48580
9311
22438
28339
30697
73260
37665
9560
26670
56631
13344
11961
89047
139720
28374
14154
40190
11467
46897
172780
110618
59582
83915
62885
141644
38401
24023
227601
27281
34294
71119
17793
15221
101192
39663
55588
161938
7552
48915
195852
66919
26058
9857
180666
106653
26091
37874
15348
46855
185086
85059
88847
40170
64829
54245
58427
124985
119475
79282
114005
32382
121161
5977
44727
61081
112183
131625
59840
157149
73548
30646
79665
48545
149194
179015
32201
91119
69608
17578
75218
5266
380007
59561
9526
32441
178268
6326
21505
143342
42494
14834
116854
29515
110917
31654
19036
41602
19913
84999
65124
21403
43002
24638
119289
136432
36575
93643
215145
83692
48438
72167
21556
75712
9980
38111
65714
94858
152043
133823
163515
7480
84966
62591
133151
11007
36409
76014
136967
110669
179192
34608
37202
39369
52036
19264
169582
70361
39076
58694
26233
51406
116598
28874
86873
5267
42232
66299
117858
9096
171987
20137
79428
34033
87467
70532
150664
77857
133285
56988
8221
263935
44478
120543
38115
22647
42013
148973
25359
82620
60424
28668
137087
23497
35129
88504
6266
172087
63630
24638
14689
40506
59495
49283
60038
116098
192880
101473
79599
65691
65775
99989
190459
105601
172626
27407
37720
8327
35769
49558
140290
161009
105260
41186
17586
49961
221111
34590
75311
57262
26547
58949
49063
8188
5208
38464
16793
76591
64979
117301
33831
28836
78262
64897
49062
94794
104013
59585
29153
117301
108939
73775
44440
20415
170749
34583
107727
180271
26768
79526
39468
71334
14959
44257
46867
85729
32933
31714
93067
12902
153762
29257
96055
56814
164720
101018
128907
100281
178823
38300
109665
111585
78535
107009
34828
106904
195220
89554
160452
30787
77599
22575
53209
123419
85044
50275
86527
44279
74821
60158
50855
59943
24644
19190
95272
84870
33083
67277
6240
49125
118625
52236
81355
138745
17604
45186
7811
169410
46902
36927
18084
76381
17535
19498
35327
19729
37707
73645
39607
68522
143023
33355
56749
51650
148263
118667
57619
32269
50121
19520
35306
51130
57534
19795
61448
8353
143940
117229
26898
35570
67232
48870
131543
7023
107901
16049
86049
25304
108246
16060
30661
93853
81590
11083
45077
66428
87805
233971
5238
91557
64762
115148
144855
28677
49026
118197
52032
235900
189800
58233
161789
36549
28944
109752
31845
87996
13918
23311
89385
45640
13899
33276
6631
32634
51697
28193
23582
41498
11395
176376
41915
13681
88267
49296
31989
31155
84290
67385
26014
5289
66600
219569
23349
20848
138243
29042
106787
203545
51231
28699
14609
65096
46139
104699
56511
27412
129582
37409
51029
83535
15752
15080
95366
9755
41471
3018
53213
146512
10074
35008
32318
35667
6363
123205
141552
27230
36334
125897
26584
81349
143549
88953
12018
148926
23103
22657
38632
115872
64561
34717
17563
14756
159812
65966
94245
88014
21028
47326
65353
156336
10816
46064
8338
61132
65206
36757
292423
95786
15758
8435
63024
68027
19968
16144
68500
29038
23225
68795
22537
14175
9770
174861
180372
72469
199182
50513
204949
11134
108169
165732
37004
92193
61234
12090
314788
24566
139585
61777
96062
187634
19784
108289
161748
26462
27858
93272
15222
6683
38268
126186
81031
177212
16052
105073
263689
63259
33112
41475
90355
19349
35478
129248
51998
93850
65531
28467
11366
62594
12997
140538
47754
196130
29047
82690
55249
56026
38197
30324
10657
22759
35793
96919
88481
34893
76298
30021
41215
137927
64238
142235
97705
28578
90897
12804
130063
60898
103572
81644
12071
53662
62093
15303
7191
33427
82125
71876
26254
13094
58055
127228
4418
29936
106297
5771
117978
139585
56901
72934
174019
74971
83486
82348
140149
88152
35116
213281
67295
19578
28746
22330
72276
163888
53390
44613
44337
18500
72077
14847
3493
116219
30738
114406
64663
21654
39243
80493
79139
51889
26394
82919
29749
115639
47923
45360
74145
193633
173661
33181
49852
23728
49607
50750
39537
45685
10641
174536
32351
136946
36493
31561
114081
58309
101750
70756
32822
74005
98743
81803
82333
12847
23441
61607
27002
32525
109858
47332
81191
10177
127973
31015
20805
53286
36544
7831
23965
40178
73036
57359
59752
19993
28511
70008
144700
6792
6157
65194
100135
96848
23380
164294
140672
48886
43941
43202
42958
148320
38018
100999
11619
10441
18548
28704
25825
22123
111924
110180
29737
71786
40422
34063
80051
179726
44427
294119
78664
43723
121178
31928
59000
22938
87583
17972
13432
78662
18724
60354
84422
27461
100047
37882
74928
29740
177979
26928
36962
47162
149530
41002
10368
68710
16128
52280
11814
102343
217993
30941
72921
96171
16984
20624
155195
127775
97181
189327
22232
20075
108272
187657
22025
40078
17610
29130
8487
60754
71534
138775
61221
54694
189575
162713
17724
35249
16604
88962
101118
41920
63237
14950
113710
114844
51929
130797
55129
47258
19671
36942
95055
15507
44210
43910
71528
48892
74116
10245
60689
33928
43507
56689
167550
9548
411774
36881
39470
61487
34028
80655
26771
137670
59133
13273
106413
47012
17327
221309
190495
129870
44081
41976
127450
66232
5485
109045
67457
107037
75734
25739
20787
77834
50308
53687
163620
54047
55040
4441
78219
30304
67878
43210
28477
35515
60377
35391
37994
36558
52405
134179
84781
32710
77856
53631
112927
24400
58580
75842
146227
15007
21161
45001
40406
16808
173337
37429
33763
61562
147939
47968
50696
154388
35233
11404
79635
24040
15542
14701
19448
15638
133723
34455
54508
66536
155533
17004
98745
64014
93909
181798
75191
126456
4418
28924
52616
119584
8728
103892
5022
97590
63561
166539
4102
29814
34746
42154
195614
56882
89671
128167
201808
48904
129408
37720
54729
12619
129517
60570
61487
42093
73501
64028
124279
59327
30393
56179
269397
19332
33476
80347
44479
77103
30669
90264
43072
143288
50014
63140
63081
310127
68319
245291
46168
59722
46878
48172
20693
30172
24775
101889
21208
117024
27679
46698
125584
47795
105019
84724
7034
24841
11579
3620
18564
41897
75825
13452
138631
12788
15596
21855
75684
89825
13075
166751
44658
99988
36366
23827
38137
97767
113514
67082
77032
41230
91263
24002
74640
12782
163446
11184
84434
13384
52267
34069
19499
30219
44251
98918
96332
35100
41276
138347
27922
100152
9016
6179
27594
106087
100039
7242
23484
232561
47591
88032
25434
33016
90746
28414
100353
91715
110901
39753
16781
28253
25334
30332
81570
151694
11132
195195
36275
8711
40825
36597
13327
6002
73653
35614
16183
28100
104056
72457
3558
140302
7899
156939
77370
15180
60514
38589
42666
117938
21514
38391
60401
33682
118431
39932
35941
47483
175801
23896
35189
122783
14686
21250
27572
40205
54937
135686
136864
27289
12072
87713
21563
17185
149085
64737
47415
186721
39205
11907
107258
49755
116635
11394
169807
163355
9896
95233
103321
82404
153950
280210
78176
112126
48166
128655
97367
15189
42224
3694
48774
24576
106081
46394
70192
27884
130663
116560
219012
44187
59853
17485
12842
6526
38006
15890
31658
72633
41019
75738
17162
69293
141265
85583
40380
5249
12373
34149
210346
57306
89482
31261
32827
45466
8716
60318
86638
131892
113163
34260
29980
104953
9462
31436
19139
253226
49452
47193
90475
28311
36562
114798
34670
25698
80514
26710
11939
50750
40035
134512
43036
62272
10819
120381
77929
20169
58132
87210
84745
48680
61638
76724
54151
56649
154486
73956
107476
121477
162253
210750
15692
53418
81414
22311
48161
100336
22217
27227
69225
108963
8553
20827
146340
330462
15461
76872
2850
54867
72672
42026
74397
61376
44638
99921
92153
32140
53982
13234
36009
124857
35181
23519
79882
18626
14598
70005
27425
86761
83692
135304
27293
7102
27007
100960
44500
60475
28361
41637
142790
51311
50883
42005
33306
299868
116951
91201
37273
20875
126277
19905
207189
31932
16185
27887
26323
53014
34156
124653
50074
39878
77515
49024
84524
93526
37852
12924
41546
56213
73453
55937
4230
102583
26266
57049
72031
20640
178639
111102
203966
102763
64006
67695
16556
20523
39960
10680
16723
57334
71688
180055
59973
53007
110543
18908
60509
35073
125804
153220
20012
81417
22997
81159
35622
48701
20078
53029
106047
149109
28641
61740
78672
61757
36999
145712
73278
148982
18386
107243
15570
22417
72482
37681
90569
16302
42714
205507
63736
82946
112172
20852
18282
28986
30846
118566
15820
59554
25447
51280
63790
87594
120541
66305
47730
26257
121911
107959
18352
20263
28291
103648
53400
17239
105621
58220
53264
95284
132443
96826
10726
177790
77789
171680
3133
52046
41191
47584
56439
82313
80819
49922
25905
125709
59754
29015
22987
79558
42166
94724
48798
27099
57069
59149
63562
109373
34720
22674
79875
24138
35509
32800
91483
3065
105835
31817
46863
39002
105170
194857
212714
112771
17154
43960
156123
25898
31418
88676
108059
38254
37036
11594
115028
161290
82308
22750
84598
163425
59075
8137
58191
81523
29585
50176
62839
147823
90330
67661
133360
34989
79887
24032
63774
47881
90813
27534
66756
75718
38021
121814
181748
32391
153377
106772
150106
101443
14314
140292
40704
41343
23188
42765
167099
28495
6193
70038
74228
39868
84743
26210
65967
21201
76373
45468
83338
35427
93303
25713
29075
57433
11917
24291
18390
48149
177901
11982
18733
262989
31730
63332
71113
56356
36771
130095
28862
98165
11411
16874
37156
13669
91309
60096
24329
153282
26329
12612
19885
81796
34542
116216
46760
27388
136353
51200
36203
52893
135354
239072
44010
39932
14300
12843
49767
43851
38366
301614
123068
32788
62483
20183
32107
66843
174714
36797
11643
64711
15929
14282
70249
29725
15397
79897
23827
35099
35697
25777
51935
187295
2368
20851
37665
6775
16100
34110
84849
88897
17286
29293
21467
10051
26736
69694
32441
170917
78696
12284
110338
29493
107818
6778
76469
129093
94699
33389
258557
83051
49989
124217
24864
73583
27223
107406
43446
45364
136805
276615
67881
23891
19158
129759
23473
58327
73226
91735
112626
51432
206786
118004
60133
75221
31533
7882
64259
84369
106366
79029
18438
144559
116700
26846
29647
24885
111179
38698
79660
34303
57600
5404
83737
309988
7862
84455
41962
58910
108731
62136
82000
107445
117061
12101
47846
77564
84099
87852
116569
23990
232103
8125
59310
60021
155698
119092
21793
38187
7416
37444
21768
22323
9365
173969
8152
62764
50799
76092
126109
116105
168281
23390
18863
12408
29542
121573
114369
4277
70661
17494
81193
11432
293388
10234
115532
34337
36432
16381
10715
144036
92043
148483
14666
11319
128846
40186
44624
64769
33571
5683
215391
56509
114402
98553
54049
29878
103713
145870
20746
56081
252142
48583
70152
14513
20283
105154
75197
82561
117929
55768
38227
40237
23113
177707
67799
30107
191979
79394
46638
21523
88344
10726
19865
38216
40295
115908
82738
30387
61248
13836
8288
22141
90457
15795
89992
78604
12431
49320
37247
66751
43876
128316
183787
7752
70661
13235
133663
43036
84416
219086
36317
34698
4435
58740
52659
81967
3792
32375
54375
90302
37979
29508
94563
9781
36388
50910
112986
26085
44587
78984
71463
45719
50513
25631
78292
32228
139019
32264
126448
12231
155525
30461
6843
39715
107400
50762
95692
202687
36156
19819
74747
16993
57375
205099
117383
20892
35583
18191
20397
31726
61748
8551
162842
71320
17038
69131
78789
82801
77517
117227
108336
5258
54998
45792
44806
10113
78785
28931
406794
27335
39110
39354
62003
27425
108213
34654
87213
225281
108155
5551
64860
18939
18293
10759
52734
38834
16857
18723
47786
63338
82345
111962
50908
96766
44584
142641
14753
105831
61329
181025
26705
134116
38095
138608
105619
77754
7429
9257
57823
195998
5572
86436
156238
41520
13550
139477
13330
131285
24645
47777
96518
92780
63153
9459
57195
8889
34445
75351
37396
48206
131957
18465
42163
104751
97304
55642
68204
15496
60230
181734
11877
11292
30400
170846
164382
11629
188102
25086
41567
8066
97146
95859
48078
73627
6798
52590
12056
113274
203104
50202
39623
50246
145743
7226
40192
22728
98935
69086
18062
55108
113725
46202
62512
12377
39171
22960
152849
53343
71940
19933
112867
162784
41083
23470
92567
46781
32314
68943
5761
19639
160017
61131
162005
26726
143659
7796
79487
72927
34777
18655
66358
75143
57518
35269
95445
122469
32473
47978
11565
74595
10084
148519
80159
26116
10405
82279
83250
37300
274092
127395
74679
52474
143587
72066
49135
47971
28202
42582
192069
35011
16065
25508
120813
109020
17632
20643
15001
26202
17327
72893
51358
61615
290713
14457
77751
122654
40930
83490
69725
37567
99620
45956
22811
39370
72531
15748
20734
18212
13887
17359
36858
87322
20235
56653
112640
89758
123692
160260
32911
45140
31537
92923
14411
18711
41181
54946
19114
10330
25913
44405
80893
34033
73435
24478
52108
182301
91978
16469
146454
17463
137426
122784
119125
25394
111134
126028
31826
86225
46400
33176
159253
67993
20163
43491
33969
18078
225549
55690
29879
119143
49025
132605
69590
120180
126954
17167
59134
159517
101674
41417
84377
39625
14962
53187
28701
50804
26299
62401
37390
88146
26093
39939
53324
74539
44262
96232
296119
50192
228942
118169
44876
213725
7604
51993
72205
61009
52926
106498
85672
22477
35944
26148
10636
15424
36846
117780
268901
66087
96301
220729
11073
6733
75408
143162
98338
113300
20901
60425
58720
10223
107272
17276
110956
22187
10929
8235
106888
100201
127113
63339
100618
224467
220781
14156
79089
9389
77885
46677
18174
56770
201931
176907
36525
47821
17568
52902
41660
18185
77827
66172
102446
28527
13402
94235
8369
44411
47305
13213
131098
26676
54656
127903
107465
52607
47787
69752
104640
9045
44846
9912
12461
183308
25035
9551
128460
73775
63409
135795
23634
152858
82774
20403
76475
83994
51793
85279
26247
14291
10709
114271
107793
20852
106484
36421
139978
27098
54474
150921
75161
23570
72457
86653
38106
65574
50889
23887
100984
83272
44440
15546
108501
15684
13086
37211
77973
47634
91208
37450
56733
54775
46129
34722
202724
171841
26468
64626
6365
49100
4272
63311
35961
100710
67312
56258
70847
222973
37106
52202
14629
53535
29445
54631
82184
26532
60339
33347
20566
70737
95678
154432
52679
31344
63174
30591
110344
9024
63550
8540
188398
89032
117778
112942
69452
55509
23452
138933
46083
1984
60833
17093
12343
12395
41855
32432
39853
52924
151307
94559
6715
129866
71092
37778
231013
59640
43040
29111
100343
99062
97726
63997
20572
22457
10836
111271
51327
16004
50947
21396
210956
3454
151258
5565
16808
9903
15662
84885
71610
24914
38270
39261
18816
55393
37920
99326
74363
55847
93086
25837
86203
24347
93597
98394
37396
175963
83384
61787
70883
100759
68918
11677
50428
73596
30455
26381
130343
138626
107572
144574
13496
67160
73518
56554
92914
133334
15907
78035
35287
41394
131042
65080
5879
61907
8507
24923
31552
61966
27186
50919
18649
70855
60235
75077
27394
24761
132591
23793
66000
59678
98293
39973
16955
95034
59739
60469
20615
254376
129608
151300
105643
48722
38572
12983
7606
155215
32999
24141
85429
10251
13802
18196
128377
74034
267423
30382
77807
3673
57727
48615
15633
29695
39837
120352
43558
125428
158298
91335
60691
18870
87394
25244
32846
27678
63909
39007
76876
5534
257413
27185
21955
27964
20791
105184
12993
104527
87928
16796
266445
46641
14364
37640
15531
90644
81712
88330
90811
39514
110603
77327
31751
70624
57058
41181
4134
154491
70965
18453
5988
38418
62545
42934
20254
109950
18083
21185
99239
38132
51990
120536
71705
61473
267704
7555
58669
61091
65063
223670
30771
91105
106790
246791
347840
27805
21358
32174
33203
67695
23669
38419
164614
35120
21043
69940
21779
120714
49244
105714
279067
44528
46527
21882
66464
25140
70739
15389
135841
96737
29804
50078
200887
36237
18953
89655
35019
71731
47598
79263
117703
62345
69468
32922
23777
123937
21213
46881
47310
84325
250479
33859
18748
50464
31075
137472
154024
6594
87825
63446
3316
9259
42200
70753
80401
55408
41188
149515
51665
35190
62924
189514
127491
45031
34625
89678
38629
42362
125383
154916
5309
30101
34735
42022
38251
29992
9036
26369
11028
110543
49248
32116
131396
55209
31371
59863
17304
7188
69174
22635
74023
48175
57650
39671
31730
50906
22530
62316
29290
77008
19982
55945
138144
114529
30029
71699
89671
28701
25691
4406
28126
40731
42728
224091
149003
112837
37213
81527
116087
31057
43126
87271
4553
45549
26540
32963
41113
26183
42627
12227
62835
13800
91586
52096
137736
69111
27743
305248
104312
68950
73242
52105
32706
47572
37589
83430
33582
16135
181864
50014
147409
31316
41812
113910
80919
20713
63431
18869
209334
92931
68031
10978
95108
59911
88254
5670
44574
29530
43465
21778
25001
33434
50311
20937
10944
44505
92155
37256
59916
57451
149987
15943
58813
99203
36416
114601
131223
51639
13420
218910
20163
10994
66067
13571
113993
18039
237869
124105
36372
15467
20679
46666
47349
60926
163877
6154
16379
84756
42476
13865
26645
32578
41616
21346
12553
84882
45823
44396
26818
88956
201502
28435
33749
20073
91393
130901
37502
106636
51405
93978
47637
53829
109392
32538
54242
56276
68582
29290
51333
80987
33375
73408
115783
96599
18536
169467
23350
69347
63026
55810
31168
94161
208606
111214
8967
135548
27875
18378
35939
164352
52315
23418
73046
66463
13877
55355
18534
31040
19326
184263
75653
137919
8668
121733
74362
141658
66802
24533
125688
114139
40852
90620
166451
4497
20510
59904
2000
89471
43030
173540
12115
76292
64979
116805
223553
29499
202043
29312
41564
23298
95725
96633
22132
61333
54864
86990
126174
42913
63976
32588
65435
193959
86411
235048
16875
53526
29884
39172
180843
11407
104463
27842
69823
71921
6917
6068
63609
87122
327143
98088
78745
44837
120174
84855
22026
23391
256800
27994
32736
74057
38491
47175
17517
62834
42413
13085
8551
122926
121380
51305
46571
84600
18466
15520
96996
76042
88607
52081
263684
11945
48969
10026
64610
16444
15194
76036
47659
83493
72720
46378
26173
96512
12751
34429
7398
54599
69495
213535
44229
43653
25134
119065
19502
67749
32177
139050
15518
96798
80089
71819
38621
97955
33796
83039
23775
9461
28633
30976
116589
5217
25902
37668
27288
62653
115665
98292
47613
91126
55139
88635
28636
71940
41377
77495
7568
54209
59254
44266
24027
21510
39225
41215
65335
15141
119037
92839
178710
105438
34324
52032
31606
44426
9809
42038
56914
212653
93793
37583
26728
7185
24610
37517
6780
126925
69285
59982
46480
99817
79511
35734
74926
196112
53626
44158
39725
131447
34056
15789
84225
13169
127142
57546
21509
115316
54211
128832
41637
142835
158770
116592
77419
28326
27930
251965
33554
56693
147833
75191
73385
59175
91715
16634
111476
13414
70259
75828
195304
68335
20920
78478
44570
50983
124085
21409
72556
74496
28227
40987
50935
57088
58727
33882
41421
17299
13891
47712
45889
10249
33635
12258
27223
5735
72818
63535
27731
154943
26087
96418
55896
49530
10973
228145
26643
89777
64597
19004
37488
26513
172583
77384
17947
28371
33613
76892
77633
37498
29284
106079
116851
68682
8030
68989
9373
56517
14769
28801
101927
57842
28493
86851
91457
73832
128759
43481
33102
24365
42002
236302
60158
41951
77555
15624
109598
72612
12991
76165
36903
98786
63615
164257
21632
247824
103726
38990
39161
48676
167964
76206
35881
4288
26938
29949
70650
7993
123524
46715
27535
3618
32434
30901
34784
70563
39967
108947
26257
83920
31741
49652
8114
29819
43271
51881
19046
127559
12489
146030
12117
7957
26717
137949
42117
21266
27193
16729
47513
171523
95250
92438
15708
77000
43461
115698
65479
129597
59321
42698
59906
83481
204956
70270
130165
24463
16163
33525
101385
103685
16329
57742
89050
45024
60972
22779
28340
26978
26842
202494
135470
22968
65569
231065
181648
19543
119091
158083
45300
151006
38599
216537
81560
6058
18305
114175
54243
361856
224293
30916
103635
51442
109419
103789
32528
132752
53133
88416
85549
53160
95568
2775
40500
48035
94192
28609
55249
86503
39680
118270
187183
42826
14661
29072
12791
265829
106046
60608
17333
85408
12747
59678
7910
109139
49667
50244
33635
140558
139259
7143
15122
57200
89725
138482
50443
167792
40301
122946
82795
17263
64014
229054
106850
41250
84875
27805
52050
35034
115631
101063
18596
42469
69077
27212
8531
10051
74022
3666
28466
53243
16773
152650
27973
22829
34888
139385
319660
298713
179706
19794
75248
18687
80937
37896
25465
66417
26024
75281
63194
142017
49348
88827
44347
6184
44617
34854
23999
20745
3336
41261
90615
103396
36375
45861
52219
56158
131274
26216
50292
189407
24504
74523
11868
171621
80257
70085
33959
130358
28311
39188
33922
169327
4040
17833
65647
73054
75963
48485
141158
44297
50975
38151
36534
84520
199992
117730
112341
29688
46065
13106
30793
79863
81478
27284
108793
100120
88249
102962
161502
91825
14204
58348
62102
38225
11372
98885
62000
49401
293669
26059
86105
44406
38784
34817
70410
40153
45387
65507
148728
52376
28161
54853
52741
122997
82742
50803
167112
23157
183137
46203
84240
29082
129334
51403
37096
21207
28218
21005
72139
157245
20593
133357
26043
144583
87477
116982
83213
53036
66770
25854
100520
64029
153692
37104
90668
21874
41798
17690
94929
31420
162044
68228
20999
29380
66034
56831
57076
20488
34943
12580
44476
87347
66464
27208
17238
42503
69309
186128
110970
21182
68048
118784
20406
48444
20775
351075
34042
56265
42673
230216
54972
52813
10500
22031
5108
64452
96265
45391
13522
16967
220905
101495
122148
72689
49527
87415
116126
35971
71167
53764
53903
9891
203935
126452
60234
30554
27659
57497
21731
19452
41575
79884
48441
4015
20122
60184
50510
18403
159337
41208
99024
16512
40114
14032
20453
92391
53279
209461
27495
74237
264862
25164
133504
57425
8338
190803
29618
39620
45423
16980
74301
143821
183013
91121
165201
35030
13351
12341
26689
30464
111322
102369
93400
20976
97176
147287
105502
106739
71037
57823
22695
88833
41852
26633
78233
76074
42455
6024
66047
81155
16536
158600
62803
81716
26485
109721
70664
50986
82188
88562
42383
43376
81648
90442
9118
34949
28251
68242
71799
12341
122673
102278
100071
19824
111109
54953
71322
52169
127457
46882
1789
22004
17832
74383
23624
130527
77963
14886
133505
35522
23611
92482
100772
249465
57806
408356
61403
23537
44125
93179
37344
17599
85654
20201
17408
101513
28070
11529
24217
131311
177451
10863
9356
107325
14912
34216
58713
192833
106253
90404
23491
16390
106201
25920
50847
19845
17159
76261
5541
89158
8565
49836
164770
77033
40972
111632
5457
68549
59379
12597
63262
43108
85891
23794
15892
19949
122920
62681
133694
72335
22107
70664
31368
9871
42237
28595
64845
138434
41796
153744
146050
59216
99599
40086
91278
48256
367767
16006
4751
96038
182009
50110
23733
130896
93802
15827
23302
180521
143759
235425
188889
98310
190959
16743
153671
124136
112729
27022
26774
80315
17682
110429
37840
83259
30739
8140
61394
104553
49559
74087
97680
47693
23738
17090
33042
159085
71227
67024
32358
73681
22955
44834
53615
100154
24101
9706
72952
74162
76648
26064
106365
103562
220300
23932
51859
46521
49246
111591
15680
38458
8415
109865
30746
13090
44016
146744
116958
149754
64302
55806
69388
10146
19168
41398
116820
65157
91908
23411
52547
84868
47305
102364
103356
29878
227611
25622
6316
167363
9999
150045
39874
41075
154494
111178
28198
52443
60413
36098
11262
100006
2916
46592
101048
8880
5563
26032
48577
205330
30821
97256
44287
109995
37101
21389
142022
34061
19892
104749
122983
47985
35736
70423
53167
57068
68758
149205
11398
45819
59694
55673
15274
64565
84990
37588
22519
263816
157638
79725
23663
12874
12741
55213
35337
148329
57416
104424
31744
12788
135996
85565
26919
20101
212743
153033
7521
24680
167269
25358
70964
219117
31144
113221
49920
37207
47420
120914
55536
61165
100206
20958
15000
16946
71564
174573
87002
71128
42816
73242
39878
82254
31076
15100
66605
107687
168113
125544
63613
5489
21177
35013
82597
52439
79847
113761
84136
82425
86048
153544
15525
87173
26000
35014
99952
13040
117369
71771
8378
68417
27160
43142
33561
7861
68082
118213
46655
57727
65516
60267
53077
149753
21837
54359
7840
42608
29671
11261
132972
25784
66289
66564
208277
7806
51786
116356
29687
49607
29670
55965
54221
63651
7828
50138
25708
98523
23503
22498
124912
72733
26867
130352
26067
68071
10707
102744
50705
39588
107415
80203
77063
22979
49432
50688
27626
76803
95573
78001
11203
19092
43323
43982
61887
101347
84308
53178
53608
13168
10093
108814
214114
46216
116422
187354
39695
24423
132106
12532
104768
31231
42697
108516
150594
14027
88894
52017
43856
87301
45706
12085
74971
39759
51389
55727
76819
9933
44016
70037
90693
41082
70451
49734
86527
86039
19047
127423
97362
13897
57878
83214
71144
113556
12318
42680
74273
28254
18146
51375
57225
75262
29240
179689
141281
81904
32692
52453
164248
254916
246981
5420
34888
26856
102602
24146
94240
59242
30872
130301
84151
32057
140378
33092
29603
73298
75910
13075
7452
39118
54453
9478
66309
5810
8595
277188
52390
79368
44375
44637
32327
34752
63521
30225
115025
67504
13352
14332
106496
59124
89108
21393
99896
69230
29264
39636
40910
37850
44317
120821
74368
238909
6410
32913
90743
26185
101412
64749
118915
95605
79017
70413
69215
164206
27484
25661
38253
26451
30163
9081
16318
77521
17002
82206
111433
101151
50177
56746
37233
54394
155720
37532
181171
63368
146221
24296
72533
20589
83737
32503
108440
23599
183456
106855
4672
110600
34111
116120
98248
24218
103299
95523
73364
33700
46331
115822
40900
89904
3671
77481
132297
24313
38025
9795
83965
295766
40559
181573
122482
34047
119639
30758
50611
2416
57421
21154
13582
69376
18063
58138
108662
77346
91232
188126
9486
31776
81002
32322
73723
15658
60653
24333
58818
4531
58171
22726
61240
13561
19392
52476
20459
77692
16078
36101
91579
26846
111781
22035
52127
119236
15750
47512
214281
250516
35743
137076
52661
25194
65622
108371
84288
42994
31714
78442
74733
104022
238315
32826
24763
29996
43617
21774
180865
25663
37770
111948
19816
26078
34842
145451
4391
198960
244932
25548
37215
15336
189205
128682
32428
24948
106699
372635
272649
40453
226056
88883
47015
54102
86298
98335
58581
174149
52055
16982
52442