99951
35100
249303
152911
70555
26215
34953
65866
51617
62650
26811
12513
79814
97173
40772
23074
153378
146292
37304
13620
20123
39994
16114
7448
41564
74781
49260
21450
74107
79905
74240
21225
48597
53090
12502
25286
31539
187114
118956
33207
15516
31477
25825
45086
94756
48021
163376
63406
22520
21458
222490
177215
30041
25319
160031
116967
25684
61779
58839
26983
94130
85570
38725
27015
24363
132978
25641
310314
10847
23757
96159
24217
43342
25836
46248
81918
119368
9882
29788
33662
107657
28144
65690
74044
5037
22856
48176
38326
24893
33006
57000
186411
143083
18816
2472
27810
116914
27098
27556
102886
128775
18143
22903
13949
84308
93682
16023
121973
37669
34218
66410
86002
19115
14035
82657
9479
29620
52530
5988
26440
76398
57883
89727
35455
4129
24467
6411
52143
48782
52460
87120
126764
14527
86571
45947
173420
100087
88313
124119
45157
40495
19552
58964
90633
121948
69388
164622
162541
33905
44878
68346
14933
19103
43902
150491
5840
80773
79680
78271
45109
6180
86961
23103
340103
121080
58408
35661
40864
167617
30246
51587
46301
197246
126469
98652
138926
81346
15502
52600
56560
72714
83509
70598
118599
39170
55363
94547
160466
39862
37110
67126
27926
113818
39035
32364
147646
69204
136090
279937
7813
30857
56141
28387
93512
53237
24309
28184
154563
89560
22926
24783
71503
47185
22955
220808
56726
26606
81209
70034
125140
60841
52101
77596
60134
116273
146144
58127
127080
89565
158304
4856
47786
222695
23330
167717
11574
52064
68550
17847
50197
11654
93830
39593
57078
121674
19453
42867
101070
18483
125851
31957
73865
34711
11108
78431
118214
99593
6548
59409
18805
45365
107238
25943
18417
15289
841
12655
88183
108774
79746
78120
52003
140984
69230
105016
5694
278676
107328
44516
128127
54131
92417
13610
129672
61772
28950
38928
29437
208737
126318
35541
42412
44914
13883
35869
30100
19058
14395
47804
47080
53080
77665
134472
110935
14835
114845
166464
103025
6311
55599
37235
52099
71167
22762
55855
49628
146342
23603
55579
73497
13411
15549
62186
45810
56883
90049
7945
108824
28111
93025
183941
44461
21646
15003
74727
29881
112297
23514
42201
65680
50024
134630
13939
21754
81395
36634
15314
20872
116341
45363
160757
60954
43552
169281
24229
20704
50124
31496
10349
243062
33511
68213
28041
140334
62759
54191
67097
10103
26871
36811
258277
38775
36318
120709
59697
191731
40910
23040
85126
45467
116904
74725
63423
409678
57526
35607
18059
69244
74221
83478
56031
44899
75181
103987
8317
171645
104544
94828
30339
47978
27617
61803
8340
7863
4388
153124
172092
72519
62598
23980
12309
15673
5186
25522
87181
128184
309869
7368
31275
21119
144206
78106
21874
50186
51482
99976
48280
35774
53199
50134
62532
26356
75970
38535
52315
33037
56312
82055
66288
63892
27145
25410
56117
111934
12092
60980
11194
12076
12438
46102
21140
11906
21153
45766
93536
31690
26845
21714
56770
25205
202031
28801
12087
97418
156348
265831
93421
121348
5314
24316
108718
73620
11516
105866
48931
108462
40920
78385
19746
14928
49118
68618
20631
9699
92082
83468
27902
24129
5088
130065
4348
110430
158851
49616
196581
284563
59028
43770
60459
66228
116744
36138
65828
52755
6389
26454
8436
21864
140004
43869
48044
57252
145523
56905
43930
69304
141196
56916
131061
26045
87691
136411
143743
281534
83534
46503
32867
14491
55294
25720
37385
41726
30575
34735
35572
100674
290896
53299
68379
58676
55418
101089
26826
56626
85170
126666
140237
40845
147529
22445
46484
134680
6952
24523
239156
25462
48334
81685
28330
9583
82074
46403
156183
62083
92005
48601
104869
48818
10715
32092
137127
64427
9104
28834
71138
32472
34522
23593
48182
25702
21954
43718
154649
85341
14980
102569
30273
42676
28132
53249
11047
82921
110267
63749
67349
124456
40321
44934
63033
55511
9878
53230
89215
5591
122765
175997
49714
17955
38229
91380
47525
14050
78325
84389
71226
102192
95051
118373
58331
19053
57830
44133
3847
15821
62218
57740
146366
123241
99126
10286
18090
73925
65646
10465
28530
87320
23851
44274
41367
176167
132432
14158
196930
95119
39836
50381
129965
23104
105358
161057
76074
28660
90437
86525
78641
86929
30437
183182
18653
25524
33263
174413
82629
27606
60039
16428
31804
162206
66317
44768
45047
15431
111357
12533
97423
6438
343364
51246
8335
213583
96768
51744
11433
181362
134339
60853
89873
30817
66176
96885
117363
51395
16221
68717
137090
21636
30800
43638
80325
61109
176089
90998
20465
45851
32385
109071
28009
21545
51514
15494
63953
26926
16633
26285
9686
94422
125250
20035
91886
32765
34959
58929
91138
41694
18401
82429
101266
145840
56000
39801
111584
52786
38150
14736
71792
64291
79044
32749
4822
58956
93319
9928
10633
250872
12061
58198
21412
15950
40416
79983
28479
124377
25867
206060
57366
30859
4965
86253
312278
15531
63194
123103
36792
52516
75635
192009
126189
24021
38584
48415
34947
89282
134070
143550
95267
132149
60831
99585
42359
15353
159862
41438
68607
28322
13709
96239
244092
160368
62862
44556
35051
49800
109973
39649
71025
85865
22608
42953
39569
33845
105263
71606
48510
42969
347359
82087
89981
153926
56546
27185
171468
105394
14342
45535
125456
28058
52418
122298
91277
181815
42265
97896
13099
102015
42028
35930
26051
44971
144256
74939
162194
120473
21565
20097
16570
94909
45743
15932
45791
41951
7450
54141
60728
199712
28798
43556
11644
41484
58834
52369
51173
146918
93758
20474
27463
135225
14212
15972
92290
50277
82115
33559
66567
287982
11294
45541
42785
35641
48510
101647
49539
16863
57294
128252
129849
63112
132173
69311
20782
89435
41460
107016
162609
13751
53332
51565
103637
15245
135198
82953
208129
50377
54601
88178
32564
41624
59323
32306
69846
140372
40234
28409
44257
38134
52719
21270
84196
57665
287288
107840
244214
5754
50069
32000
102975
64846
30688
107612
51687
55321
188515
55160
35347
74229
42052
54305
43851
44905
64872
51663
81526
187774
78568
140935
58852
9096
2643
19931
46738
75750
106432
144419
16233
38671
143650
65534
83817
58067
266785
33312
131121
69902
88571
170688
154353
81321
87560
25623
58734
23676
66572
203484
15974
21792
29745
31484
7173
71082
244049
52488
67121
62560
15911
82424
96983
53583
38089
88018
58115
54020
161988
110439
70125
126797
32787
22370
32429
28330
106701
21028
28284
16797
39462
45479
33975
204179
204885
126679
55016
14699