3606
3606
3606
3603
3603
3603
3600
3600
3600
3600
3600
3600
3600
3599
3600
3600
3600
3596
3596
3596
3596
3596
3596
3596
3596
3596
3596
3594
3594
3589
3589
3589
3589
3589
3589
3589
3589
3589
3589
3589
3589
3585
3585
3585
3585
3585
3586
3586
3586
3586
3584
3584
3580
3580
3576
3576
3576
3576
3576
3576
3576
3576
3576
3576
3576
3576
3576
3574
3574
3574
3574
3574
3574
3574
3574
3574
3574
3574
3574
3574
3574
3574
3574
3574
3574
3574
3574
3574
3574
3570
3568
3566
3566
3566
3566
3566
3566
3566
3566
3566
3566
3566
3566
3566
3566
3566
3566
3566
3566
3566
3566
3566
3560
3560
3560
3560
3560
3560
3560
3560
3560
3563
3563
3563
3563
3563
3563
3563
3563
3563
3563
3563
3563
3563
3564
3559
3559
3559
3559
3553
3551
3551
3551
3551
3551
3551
3551
3551
3551
3551
3551
3551
3551
3551
3551
3547
3547
3547
3547
3547
3547
3547
3547
3547
3547
3547
3547
3547
3547
3547
3547
3547
3547
3547
3547
3547
3547
3547
3547
3547
3547
3545
3545
3545
3545
3545
3548
3548
3548
3550
3550
3550
3550
3550
3550
3550
3550
3550
3550
3550
3550
3550
3550
3550
3546
3546
3546
3546
3546
3546
3546
3546
3546
3546
3546
3546
3546
3546
3546
3546
3542
3540
3540
3540
3538
3538
3538
3538
3538
3538
3538
3538
3536
3536
3536
3536
3534
3534
3534
3531
3531
3531
3531
3531
3531
3525
3525
3523
3523
3523
3523
3523
3523
3523
3523
3523
3523
3523
3523
3523
3523
3523
3523
3523
3523
3523
3523
3519
3517
3517
3513
3511
3511
3511
3511
3511
3511
3511
3511
3511
3511
3506
3504
3504
3504
3504
3504
3504
3504
3504
3504
3504
3504
3504
3504
3504
3504
3504
3504
3504
3504
3503
3503
3503
3503
3503
3503
3503
3501
3501
3501
3501
3501
3501
3501
3501
3501
3501
3501
3501
3501
3501
3501
3501
3501
3501
3501
3501
3501
3501
3501
3501
3501
3501
3501
3501
3497
3497
3497
3497
3497
3497
3497
3497
3497
3497
3497
3497
3497
3497
3497
3497
3497
3497
3497
3494
3494
3494
3494
3492
3492
3486
3485
3485
3485
3485
3485
3485
3485
3485
3485
3485
3485
3482
3482
3482
3479
3479
3480
3480
3480
3480
3478
3478
3478
3478
3474
3474
3474
3474
3474
3474
3474
3474
3474
3474
3474
3474
3474
3474
3474
3474
3474
3474
3474
3470
3470
3470
3470
3470
3470
3470
3470
3470
3470
3470
3470
3470
3470
3470
3470
3470
3470
3470
3470
3470
3470
3470
3470
3470
3468
3468
3468
3468
3468
3468
3468
3468
3468
3468
3468
3468
3468
3466
3466
3466
3466
3466
3466
3466
3466
3466
3466
3466
3466
3466
3466
3466
3466
3466
3466
3466
3466
3466
3466
3466
3466
3466
3466
3466
3466
3466
3464
3464
3464
3464
3464
3464
3464
3464
3464
3464
3464
3464
3464
3464
3458
3458
3458
3458
3458
3458
3455
3455
3455
3451
3451
3451
3451
3451
3451
3451
3449
3449
3449
3449
3449
3449
3449
3449
3446
3446
3446
3446
3444
3444
3444
3443
3443
3443
3441
3441
3439
3433
3429
3429
3429
3429
3429
3429
3425
3425
3425
3425
3425
3425
3425
3425
3419
3419
3419
3415
3415
3415
3415
3415
3415
3415
3415
3415
3415
3415
3415
3415
3415
3415
3415
3415
3415
3415
3415
3415
3415
3415
3415
3415
3415
3415
3414
3414
3414
3414
3412
3412
3412
3412
3408
3408
3408
3406
3406
3406
3405
3405
3405
3405
3405
3405
3405
3405
3399
3399
3399
3399
3399
3399
3399
3399
3399
3399
3399
3399
3399
3399
3399
3399
3399
3399
3399
3399
3399
3399
3399
3395
3395
3395
3391
3391
3391
3391
3387
3384
3382
3380
3374
3374
3374
3374
3374
3374
3370
3370
3370
3370
3370
3370
3370
3368
3368
3368
3367
3367
3367
3367
3367
3367
3367
3367
3367
3367
3364
3362
3362
3362
3362
3362
3362
3362
3362
3362
3362
3362
3362
3362
3362
3362
3362
3362
3362
3362
3362
3362
3358
3358
3358
3358
3358
3358
3358
3358
3356
3356
3356
3352
3352
3352
3352
3352
3352
3352
3352
3352
3352
3352
3350
3350
3350
3350
3350
3350
3350
3348
3348
3348
3348
3348
3348
3345
3343
3343
3343
3343
3343
3343
3343
3343
3343
3343
3343
3343
3343
3343
3343
3343
3343
3343
3343
3343
3343
3343
3342
3342
3342
3342
3342
3342
3342
3342
3342
3342
3342
3338
3338
3338
3338
3338
3338
3338
3338
3338
3338
3338
3338
3338
3336
3336
3336
3336
3336
3336
3336
3336
3335
3335
3335
3335
3335
3335
3335
3335
3335
3335
3335
3335
3335
3335
3335
3335
3335
3335
3335
3335
3335
3335
3335
3335
3335
3335
3335
3329
3329
3329
3329
3329
3329
3329
3329
3325
3325
3325
3325
3325
3325
3325
3325
3321
3321
3321
3321
3321
3315
3315
3315
3315
3315
3315
3315
3315
3315
3315
3311
3311
3311
3311
3311
3311
3311
3311
3311
3311
3311
3311
3311
3311
3309
3309
3309
3309
3309
3309
3309
3309
3309
3309
3309
3309
3309
3305
3305
3305
3305
3305
3305
3305
3305
3305
3305
3305
3305
3305
3305
3301
3301
3301
3301
3301
3301
3301
3301
3299
3299
3299
3299
3299
3299
3299
3299
3299
3299
3299
3299
3299
3299
3299
3299
3297
3297
3297
3297
3297
3297
3297
3297
3297
3297
3297
3297
3297
3295
3295
3291
3291
3291
3291
3291
3291
3291
3291
3291
3291
3291
3291
3291
3291
3291
3291
3291
3291
3287
3287
3287
3287
3287
3287
3283
3283
3279
3279
3279
3279
3279
3279
3279
3279
3279
3279
3279
3279
3279
3279
3279
3278
3278
3278
3278
3278
3278
3278
3278
3278
3278
3278
3278
3278
3278
3278
3274
3274
3274
3274
3274
3274
3274
3274
3274
3274
3274
3272
3272
3268
3268
3268
3268
3268
3268
3268
3268
3268
3268
3268
3268
3268
3268
3268
3268
3268
3268
3268
3268
3268
3268
3268
3268
3268
3268
3268
3266
3266
3266
3266
3266