1023
1023
2046
3067
4088
5109
6130
7151
8172
9193
10214
11235
12256
13277
14298
15319
16340
17361
18377
19393
20409
21422
22435
23448
24461
25474
26487
27500
28513
29526
30539
31552
32565
33578
34591
35604
36617
37630
38641
39652
40663
41674
42685
43694
44703
45712
46721
47730
48739
49748
50757
51766
52773
53780
54787
55794
56801
57808
58815
59822
60829
61836
62843
63848
64853
65858
66863
67868
68871
69874
70874
71874
72874
73874
74874
75874
76874
77874
78874
79872
80870
81868
82866
83864
84862
85860
86858
87856
88854
89849
90844
91839
92834
93829
94824
95819
96814
97809
98804
99799
100794