2651
2651
2651
2649
2649
2649
2649
2649
2649
2649
2649
2649
2649
2649
2649
2645
2645
2645
2645
2645
2645
2645
2645
2645
2645
2645
2645
2645
2645
2645
2645
2643
2643
2643
2643
2643
2643
2643
2643
2643
2641
2637
2637
2637
2637
2637
2635
2635
2632
2632
2632
2632
2632
2632
2632
2632
2632
2632
2632
2632
2632
2632
2632
2632
2632
2632
2632
2632
2632
2630
2630
2627
2627
2627
2627
2627
2624
2624
2624
2624
2619
2619
2619
2619
2619
2619
2619
2619
2619
2619
2619
2619
2619
2619
2619
2619
2619
2619
2619
2619
2619
2619
2619
2619
2619
2619
2619
2619
2619
2619
2619
2619
2619
2619
2619
2619
2619
2619
2619
2619
2619
2619
2619
2619
2619
2619
2619
2619
2619
2619
2619
2619
2619
2619
2619
2619
2619
2619
2619
2619
2619
2619
2619
2619
2619
2619
2619
2619
2619
2619
2619
2619
2619
2619
2619
2619
2619
2619
2619
2619
2619
2619
2619
2619
2619
2619
2614
2614
2614
2614
2614
2614
2614
2614
2612
2612
2612
2612
2612
2612
2612
2612
2612
2612
2612
2612
2612
2612
2612
2612
2612
2612
2612
2612
2609
2605
2605
2605
2605
2605
2605
2605
2605
2605
2602
2602
2602
2602
2602
2602
2602
2602
2602
2598
2598
2598
2595
2595
2595
2595
2595
2595
2595
2595
2595
2591
2591
2591
2591
2591
2591
2591
2591
2591
2591
2591
2591
2591
2591
2591
2591
2591
2591
2591
2591
2591
2591
2591
2591
2591
2587
2586
2585
2585
2579
2579
2579
2579
2579
2579
2579
2574
2574
2570
2570
2570
2570
2570
2570
2568
2568
2568
2568
2568
2568
2568
2568
2568
2568
2568
2568
2568
2568
2568
2568
2564
2564
2564
2564
2562
2562
2562
2562
2562
2562
2562
2562
2562
2562
2559
2559
2559
2559
2559
2559
2559
2559
2559
2559
2559
2559
2559
2559
2559
2559
2559
2559
2559
2559
2559
2559
2559
2559
2559
2559
2559
2559
2557
2557
2557
2557
2557
2557
2557
2557
2557
2557
2557
2557
2557
2557
2557
2557
2553
2551
2551
2551
2551
2551
2551
2551
2551
2551
2551
2551
2551
2551
2551
2551
2547
2543
2543
2543
2543
2543
2543
2543
2543
2543
2543
2543
2541
2541
2541
2541
2541
2541
2541
2539
2539
2539
2539
2537
2537
2537
2537
2537
2537
2535
2535
2535
2535
2533
2533
2533
2533
2533
2533
2533
2533
2533
2533
2533
2533
2533
2533
2533
2531
2531
2531
2531
2531
2531
2531
2531
2529
2526
2524
2524
2521
2521
2521
2521
2521
2521
2521
2521
2521
2521
2521
2521
2521
2517
2517
2517
2513
2513
2513
2513
2509
2509
2509
2509
2509
2509
2509
2509
2509
2509
2509
2509
2509
2509
2509
2509
2509
2509
2509
2509
2509
2509
2509
2509
2509
2509
2509
2509
2509
2505
2503
2503
2503
2503
2503
2503
2503
2503
2503
2503
2503
2503
2503
2503
2503
2503
2503
2503
2503
2503
2503
2503
2503
2503
2503
2503
2503
2503
2503
2503
2503
2503
2503
2503
2503
2503
2503
2503
2503
2503
2503
2503
2503
2503
2503
2503
2503
2503
2503
2503
2503
2503
2503
2503
2503
2503
2503
2503
2503
2503
2503
2503
2503
2503
2499
2499
2499
2499
2499
2499
2499
2495
2495
2495
2495
2495
2495
2495
2493
2493
2493
2493
2493
2493
2493
2489
2489
2489
2489
2489
2489
2489
2489
2489
2489
2485
2485
2485
2485
2485
2485
2483
2483
2483
2483
2483
2483
2483
2483
2483
2483
2483
2483
2483
2478
2478
2478
2478
2478
2478
2478
2478
2478
2478
2478
2478
2478
2478
2478
2478
2478
2478
2478
2478
2478
2478
2478
2478
2478
2478
2474
2474
2474
2474
2474
2474
2474
2474
2474
2474
2474
2474
2474
2474
2474
2474
2471
2471
2471
2471
2471
2469
2469
2469
2469
2469
2469
2469
2469
2469
2469
2463
2459
2459
2455
2455
2455
2455
2455
2455
2455
2455
2455
2455
2455
2455
2455
2453
2453
2451
2451
2447
2447
2447
2446
2446
2446
2446
2442
2442
2442
2442
2442
2442
2442
2442
2438
2438
2438
2438
2438
2438
2438
2438
2438
2438
2438
2438
2438
2438
2434
2432
2432
2432
2432
2432
2432
2432
2432
2432
2432
2432
2432
2432
2432
2432
2432
2432
2432
2432
2432
2430
2430
2430
2430
2430
2430
2430
2430
2430
2430
2430
2430
2430
2427
2427
2427
2427
2427
2427
2427
2425
2425
2425
2425
2425
2425
2425
2425
2425
2425
2425
2425
2425
2425
2425
2425
2425
2423
2423
2423
2423
2423
2421
2421
2421
2421
2421
2421
2421
2421
2421
2421
2421
2421
2421
2421
2421
2421
2421
2421
2421
2421
2421
2421
2421
2421
2421
2421
2421
2421
2421
2420
2420
2420
2420
2420
2420
2420
2418
2418
2418
2418
2418
2418
2414
2414
2414
2414
2414
2414
2414
2414
2414
2414
2414
2414
2414
2414
2414
2414
2414
2414
2414
2414
2414
2414
2414
2414
2414
2414
2414
2412
2412
2412
2412
2410
2410
2405
2405
2401
2401
2401
2397
2397
2397
2397
2397
2397
2397
2397
2397
2397
2397
2397
2397
2397
2397
2397
2397
2397
2397
2395
2392
2392
2392
2392
2392
2386
2386
2386
2386
2386
2386
2386
2386
2386
2386
2386
2386
2384
2384
2384
2384
2384
2384
2382
2382
2382
2376
2373
2373
2373
2373
2373
2373
2373
2373
2371
2371
2371
2371
2371
2371
2370
2366
2366
2366
2361
2357
2357
2355
2355
2355
2355
2355
2355
2355
2353
2349
2349
2349
2349
2349
2349
2349
2349
2349
2349
2349
2344
2342
2342
2342
2342
2342
2342
2342
2342
2342
2342
2342
2342
2342
2342
2342
2342
2342
2342
2340
2340
2340
2340
2340
2340
2340
2340
2340
2338
2338
2338
2338
2338
2338
2338
2338
2338
2338
2338
2338
2338
2338
2338
2338
2338
2338
2338
2338
2338
2338
2338
2334
2334
2334
2334
2334
2334
2334
2334
2334
2332
2329
2325
2325
2325
2325
2319
2319
2319
2319
2319
2319
2319
2319
2319
2319
2319
2319
2319
2319
2319
2319