8947
8943
17886
26829
35772
44715
53658
62601
71544
80487
89430
98373
107316
116259
125201
134143
143085
152027
160969
169911
178853
187795
196737
205679
214621
223551
232481
241411
250341
259271
268201
277131
286061
294991
303921
312851
321781
330698
339607
348516
357425
366334
375243
384152
393061
401970
410879
419788
428697
437606
446515
455424
464332
473240
482148
491056
499964
508872
517780
526688
535596
544504
553412
562320
571228
580136
589044
597952
606860
615768
624660
633552
642444
651336
660228
669120
678012
686904
695796
704688
713580
722472
731364
740256
749148
758040
766932
775824
784707
793590
802473
811344
820210
829076
837942
846808
855674
864533
873392
882251
891099