24585
167402
12796
16956
16557
40683
9601
14635
22133
34581
26243
22077
11339
20325
12370
1607
37025
5590
50431
119684
61396
44209
48873
3095
23452
40453
4523
14393
5883
21392
37695
79840
21043
32210
64355
68700
34631
71023
13755
31971
30567
9328
39500
61149
7061
35897
47541
72817
22458
50167
75942
18428
124704
17817
101712
20079
115294
30338
24336
19620
232841
14506
32988
15768
14480
18392
29557
108929
10432
66298
36544
31489
11464
22587
15841
29368
13659
27420
57206
10025
13049
16753
7738
85765
22233
4352
81324
54410
18587
8626
1645
21325
6028
57547
43512
158257
28181
40517
7965
16864
69620
8098
42347
135299
92181
17940
26150
44384
12389
9240
22498
9038
92106
9734
21775
102786
26334
45585
94753
31316
106203
11658
49498
57373
86659
334147
11290
42089
4982
67743
63281
12535
46145
20461
15821
15850
701
12407
25841
46190
54305
20629
45680
45798
14961
166660
50219
7236
3099
16356
64597
37062
85294
35182
26230
18433
92441
17123
20034
50132
32107
42524
3663
8856
21729
61369
104300
26675
77518
78043
44344
4121
74657
14620
129517
8589
52419
59659
22008
23114
32666
23691
32167
67177
32243
4018
1643
42595
8901
43440
19709
3743
114402
154486
34892
86415
20155
2699
42353
30331
10424
30963
81744
50141
42887
19731
74236
29636
10128
58725
39699
54677
92513
50069
77226
25995
159399
180140
47458
3459
25662
48069
34709
112840
57299
17249
31796
49125
10818
45479
112336
35307
71197
36634
62215
40873
31799
24444
26564
28254
27194
24592
24126
40640
34099
72966
26600
27718
38268
15436
42848
36032
53778
71249
51982
42097
13430
23902
10913
12830
16686
112941
41207
17381
26458
24535
24951
23479
39950
19308
41706
29556
9561
68858
66337
31210
18025
30604
151397
90359
4862
7304
36101
108378
27862
7192
11476
47472
17615
85159
69326
17400
283373
153327
12129
24675
214974
29194
59031
24804
30527
9411
10151
29026
46757
53933
54180
96777
100144
74134
7639
56616
110737
62850
168473
44897
69645
29372
10146
35933
187410
141114
110133
55971
10904
234667
6415
7678
79958
111200
38917
11415
1600
13554
109057
18239
12077
7249
15920
82755
38834
14218
233946
21646
17967
34050
7669
57400
23678
158789
18250
79047
97656
33806
54445
46091
86245
5268
12753
73145
65375
5356
44844
130931
9393
17847
22088
127564
80157
20467
70674
11967
16716
43075
40663
4200
37661
23157
29581
110263
12416
51616
14270
1820
1758
39170
279243
22073
11005
146744
32942
78650
94896
60843
37421
136779
37562
42700
28886
11307
75667
61676
61302
8882
34909
78060
15851
5767
17938
560
14446
64750
23716
64245
28486
470
9824
7011
196298
21119
8231
18741
32933
75733
9618
50142
18220
118203
69027
26635
24274
69125
88600
8037
19721
12346
17579
33988
81854
59108
14655
72910
23751
23611
13905
20334
34664
18838
101631
11597
303627
16343
3615
53050
15019
4144
11132
33727
36607
44462
120947
2673
52014
56119
55659
60192
11267
100985
48695
55131
129097
53963
75809
3054
27985
73891
16302
18950
29499
46488
56204
41380
16248
12139
10398
71285
54007
28534
9054
17647
40803
52822
42313
19148
81333
63397
21783
32271
80628
57616
48688
118522
20502
64892
23378
33086
28137
12358
23109
48278
58755
6886
31499
82805
9983
73423
14838
4673
157166
39723
129075
15312
458
8820
31388
47084
7223
31304
52529
29621
97043
17758
101040
28224
16210
28238
28035
36865
11266
11375
1847
17127
4648
33892
8753
64289
63838
13674
19031
110158
38220
57852
17256
42675
45781
4180
59747
64806
110986
54739
81919
10368
43346
15459
44067
208884
33069
29445
127983
6526
44827
140263
42721
36744
37440
4679
22984
107102
61828
30008
6302
19625
5627
32316
8337
27248
27090
71185
24726
4952
95993
24864
110511
26677
59019
25358
13022
197512
26179
41533
90759
21215
121298
87114
25242
70499
7438
3145
17787
33941
34008
65505
33669
28700
5080
15282
28750
3930
57042
171988
5367
13852
25602
5048
43542
41800
5354
50788
27636
17735
31849
41803
67397
31941
70416
131050
20597
4436
11913
20620
26294
51241
60933
10788
227905
8974
43065
94556
156588
3315
41217
55639
34008
131374
32762
2339
6082
108516
37604
23919
57303
27711
14905
2603
20010
40259
69862
39160
16668
27107
15350
31373
14081
43941
9313
9026
92774
68610
16094
37391
63112
48096
28521
17078
71127
114755
19662
53140
63312
56248
4388
25955
29745
38035
30291
59497
4481
44185
60698
33423
73558
14502
16577
14978
21524
5531
30892
91224
35862
53674
24007
34866
29674
84877
33432
24198
44029
21348
9730
16446
101177
24856
29983
73490
14031
9000
22111
12269
45881
174124
29681
7567
89895
14549
208613
46645
56718
71372
5981
318403
51384
68870
17369
12687
53345
22618
13877
7002
9777
100193
8014
30059
36709
106731
39401
71417
44989
22254
33728
122625
54722
18569
57581
90368
46401
29705
10382
25169
6424
24672
22215
38460
18394
12485
21857
22477
97427
47926
29021
135751
22352
17428
45526
30446
38470
19316
12273
18559
15481
72430
71628
44348
4488
24751
46561
2725
64166
95493
14534
38306
75860
14172
28477
18825
1575
24832
97162
6672
289248
28721
1783
19961
17181
119254
229876
20613
182679
14688
75959
33359
27709
67947
49727
47620
4040
16380
39233
5548
22051
35725
100557
12631
17330
26803
20602
2481
8855
9825
19229
12280
35826
62570
769
43453
5687
54375
7988
179471
63000
34661
13768
126784
71026
201413
30260
59841
29201
36087
27637
22556
14685
88462
40493
32736
2766
43066
26924
25830
5188
206928
72787
90927
29934
25237
13343
16670
18490
63830
18050
54597
31749
13161
30498
36414
1381
15139
19229
74428
121349
8775
28634
106970
36361
113844
55722
14946
15102
16232
50944
11880
5337
21699
71591
90888
11479
15552
30460
98803
17599
16600
13996
9991
63957
38725
17192
26950
12003
8447
14899
54892
5289
6200
31726
54129
5761
22812
10944
67379
133611
13843
44300
49750
14420
6749
169321
39622
160571
71336
36105
17517
151851
45901
103095
69843
26873
22005
23479
89509
20358
84312
34968
13961
37377
165133
17199
92466
36423
37700
7948
22538
31110
39365
14073
79492
62920
21406
33557
5913
31117
25707
7473
66231
79066
6360
120845
18429
1388
29322
32720
8810
105168
94939
38532
26219
43757
10169
152789
5473
75246
19507
85799
40118
39146
22358
119134
89996
60913
37609
58944
27169
63288
16612
23976
10511
20375
62152
61847
31094
45119
11101
32091
31405
84379
24721
13210
13345
38371
9872
23024
48383
15067
6644
71545
11230
41997
51096
104948
714
25898
28731
5627
31728
65857
84485
56624
27886
65642
10128
49703
3200
113454
96587
46477
23824
72830
11572
138543
12963
50801
27064
10983
8042
2685
44363
6631
11248
226762
65874
189081
32045
5777
38540
121248
22685
29527
37972
162479
43546
100084
64101
22100
10256
66291
32769
33253
84154
38041
42558
36741
25448
21753
99659
7073
203680
18867
62321
8553
14986
18293
19293
61619
38271
34228
81439
11294
34177
19642
18630
3509
77756
44513
16435
202272
54307
25417
11547
21766
13442
46998
8183
20394
73111
32595
63384
33324
61133
9459
23984
55106
24314
688
46593
42986
4795
27488
3541
17457
83265
34705
66178
11213
12139
5779
63191
7092
1724
28084
2128
2840
44026
55786
56275
58046
57744
14732
11211
6999
33485
1357
57662
9217
34253
25274
30270
27221
69346
18577
6038
55622
49407
21751
10699
4883
35377
5747
17118
70098
83980
78466
35490
65776
31122
67126
61811
63299
66848
91439
24705
11227
45232
49383
4054
12164
25262
20559
3462
51511
22060
70246
100800
53310
47892
56104
41136
489
48999
20896
64436
95108
53130
27844
50125
64426
79696
8623
69149
91505
83104
174892
36528
41529
58715
48618
19822
62641
19768
9218
39045
7766
43230
45254
55875
4867
65475
33225
49115
45233
158486
74652
42332
26410
37628
27477
205700
43884
54889
168023
89490
51811
31244
22129
29649
49959
10599
36340
17118
4350
90688
31600
147350
50241
28139
53369
40111
55104
53480
28251
28421
41878
1756
24798
65870
86696
71314
17812
9328
16335
67545
43885
79454
162397
29558
166287
40891
73781
23240
17100
40321
50385
12565
23261
118629
22484
76855
50797
33129
91172
31821
88836
6878
14835
35364
366164
57292
150694
34121
83716
39234
24454
34790
52541
18474
76783
30799
37726
19061
37529
114941
33365
1580
94398
51183
8873
39527
76506
102464
40855
114671
19042
34270
38574
6628
63323
19499
38172
43433
80559
7472
11223
29392
50817
59833
22109
94799
72712
101226
39189
160762
32619
36341
43171
11600
32002
7438
6850
1715
30587
42666
14862
32103
18835
61538
3586
41965
1344
43526
5403
13747
18299
249786
31364
9579
5899
17591
34940
8664
72815
3059
3202
5982
47060
27564
59196
11412
104462
1754
138438
30763
55284
54419
40310
41822
21033
26295
81308
39043
15436
20884
54045
20079
31017
37753
92084
21635
38731
101096
20385
1044
27649
56043
47885
49238
21151
35796
7945
26415
36341
1186
2840
105525
16753
11719
18943
14692
83885
7357
33110
72685
59973
10165
59636
7750
88758
8027
4694
20745
15570
5069
83899
78330
30582
6208
28016
11925
42843
66059
7814
92098
73384
12391
8340
3531
130834
60191
149040
100243
8324
19815
20104
33906
10273
21276
45682
47114
17911
64153
9976
12088
27880
51042
54178
16342
53218
16446
70199
3671
19533
12481
33487
6349
11372
1836
33216
42504
18143
23696
44916
10892
27084
15367
5059
25421
28043
75171
33172
18200
33932
48185
17503
52384
38875
79561
67009
35774
111967
6843
29323
56572
33983
15236
28981
21651
5857
128723
64046
22196
24251
53983
64076
58109
38549
63748
150707
1178
42684
30465
35778
6068
2850
36135
5524
43249
22690
20022
45454
106349
23868
69871
63836
19510
44510
125350
44629
18512
28536
38532
52123
17799
64643
2291
58872
108639
31821
5139
26268
27546
133919
6832
43224
19147
14142
33741
67959
33778
13516
47743
13062
13947
21980
4813
119152
131565
65978
11658
55311
139487
28837
38771
30048
47400
37636
11436
15713
52162
10641
46123
39258
1839
60746
6970
5668
61106
45047
4604
124652
7667
55028
42058
26615
65974
12707
12370
15964
27189
13524
24819
4921
946
18048
30548
32955
141531
83603
16739
88793
40595
28172
43222
112668
97720
140342
26528
48589
10141
62004
27472
48585
11456
13519
10930
45842
77448
42951
30483
24341
27366
25176
54340
147152
45325
33610
6277
42534
24284
4308
15520
1734
78765
10405
44460
42076
30025
39850
114021
69689
28547
37034
20033
50587
61326
61979
54592
62708
4743
68077
20009
50618
78913
46382
61159
2816
40002
74266
6868
30383
11368
7012
23457
52803
38017
12052
31884
39581
160052
41995
37597
59259
38662
100551
32138
13457
36906
36769
19683
24803
16731
90462
73459
33641
19035
6276
74923
38065
28984
17429
33452
87195
100412
18784
18706
107247
47991
45883
84016
10994
36356
95142
74488
37323
20518
24409
50036
25599
15479
79030
17417
47488
24523
60154
8300
22100
79264
59096
2878
24379
66028
36869
30436
33881
32567
26984
10417
15921
67589
10155
42922
17298
20434
3879
113883
101223
42123
134073
9759
25095
26037
12708
23655
70646
6855
3137
74573
1675
40656
10793
29702
154694
8300
38587
30734
26035
82042
34791
26717
24261
33181
17896
48036
3117
39246
4886
74374
47817
7631
19353
2003
32989
17679
65551
11380
13062
6802
97869
11400
10591
78398
26487
9717
467848
48904
19771
83387
35062
106110
14637
31190
5892
13717
56320
1504
13882
7085
106908
64917
11866
106729
20369
13286
4132
15320
124126
17530
27938
22841
44276
38139
26335
78056
9166
5302
55710
164605
10788
2371
49831
20197
8732
63413
3330
13094
1487
57576
16151
85283
180376
55390
13180
101085
12810
40715
27268
31436
23950
16415
9528
35172
3650
38536
15307
39264
12817
92734
29499
27356
56556
25816
9057
11993
31018
17717
88938
36002
64311
106394
29023
27655
39078
29175
16692
129175
6785
20172
31526
44468
223152
14984
676
54472
43218
21080
41130
25443
111689
84968
65889
44035
33114
27968
146160
59637
9179
52221
61157
69698
27371
58058
4926
47838
15329
39335
63516
10897
13360
22207
5682
55937
15873
22451
29103
70559
15614
75739
282848
36988
30644
75749
50017
7491
27162
61108
26303
72528
56937
1655
35466
34952
245263
41678
4376
7319
41276
8982
8946
6538
75182
46640
57895
57916
2351
29905
10398
19992
66557
47880
2368
246007
36710
36427
96502
2439
13047
61067
28966
15709
12776
48187
6560
15980
16575
17701
63018
37796
1811
12559
10733
95665
89022
79224
14899
29021
24176
34968
43945
28549
46320
31757
6995
10999
11285
60940
15108
11212
36953
25608
9592
5420
51874
62701
26993
11718
11369
8830
54967
26590
5126
38124
100134
96908
13271
26175
26507
31386
115020
60623
25716
89136
42373
62591
6059
6928
5621
34774
46023
34606
23635
29561
40663
137932
33145
49727
24041
13875
58584
18790
5502
22728
37454
33007
58749
34259
13926
24978
53357
3905
148588
29702
60346
10142
12424
65369
34629
24656
115749
9258
131676
43111
63748
16309
214412
11041
7658
71853
51352
20393
50457
74697
9113
35718
33760
90865
94604
14292
3845
24964
35607
14514
9343
13941
36130
98631
51248
16752
37782
9974
13338
22777
85848
13343
15785
15922
7333
69919
24749
76970
43302
63201
48681
45259
28267
1315
18628
18114
15267
60892
15435
21515
8942
107934
60048
29311
9558
24192
26617
4837
31596
16264
2168
70433
81792
32483
3179
59243
109017
2852
44309
35823
65535
13143
17402
1528
152438
81345
34406
46471
99613
28173
34916
14900
14830
4620
69451
48608
112817
5989
56264
57290
15910
32921
5408
103567
22778
690
41247
11528
14783
8979
60199
46288
50099
77509
129477
112286
48596
94556
18306
17188
36469
19851
52005
105716
1196
63642
10255
65464
4128
75602
50714
1760
49267
75060
48325
102189
41104
61355
74977
6646
22834
6476
26919
31864
89392
22066
19733
41046
46758
18242
54059
28622
29435
14621
47349
18092
32147
51169
27694
51044
21087
37852
25502
7030
294203
6236
20224
87600
6341
39693
10260
28906
186307
18116
52302
36442
66254
6781
32533
14297
67682
3015
175761
53320
27062
1756
34470
22402
18748
22763
77816
161614
28684
20326
49840
32312
37379
37485
21665
6587
77608
41117
29531
71728
29960
64462
38741
21659
10439
9165
31081
2818
24108
18412
51532
184932
34232
26184
58885
16899
31239
9619
55778
797
23494
28371
44139
30278
22660
139197
37941
24079
9220
61972
14221
104484
17211
8396
61378
124296
71261
128341
76372
9988
18587
9590
19108
101354
13904
45661
12034
106552
8096
27341
25884
44799
59133
12640
13370
18333
16686
53871
24746
4823
40534
18590
71123
47229
10141
80070
19469
21540
141002
14920
82919
76315
74102
13921
71651
51575
25707
58802
38253
38056
8318
17579
35268
37764
6407
8852
8784
32218
30011
60872
17706
71959
41949
89580
118015
14368
69001
161008
27724
239939
17465
7266
55366
56854
70622
89304
63066
43802
42300
64794
105535
79874
30348
14409
66371
30126
8973
288701
44974
23768
14796
14495
23196
58681
31253
93362
28675
11860
5765
14560
33061
3264
42391
61846
6927
11282
176150
156617
12881
38526
53585
13415
11760
49454
6581
20656
55512
38502
23976
66243
64684
28233
58103
7466
99327
30886
91124
60140
27343
25279
43456
20950
68850
82378
79670
13728
35299
8391
13201
53950
4825
1479
65704
47938
58131
1291
38321
12390
15848
12106
26576
29365
83900
36099
9066
1256
12431
43603
11176
52830
70703
17492
103164
58741
83372
15088
159046
23555
18650
104953
15769
7475
107751
5671
12909
25860
26060
20086
163952
9050
18799
40006
1817
1200
36561
66153
16408
21027
29363
9611
64242
55781
84358
35203
102847
67545
16698
81434
30792
39564
67628
59447
18113
55735
26638
49262
17416
921
36281
78877
8850
52234
36812
10564
82885
12586
80506
24105
88172
12093
988
58343
13703
48517
61341
57329
55754
77349
35593
92825
45133
61723
7971
29139
7000
3514
25925
15071
14710
11361
25672
51233
44599
27725
32106
53525
83913
25282
127002
88152
1272
17398
8692
40242
8950
22572
22775
14248
41945
6001
81411
42572
25710
37958
18520
64980
19422
37615
50508
9963
25834
27177
135037
80861
17585
50261
49985
33513
13683
13250
19509
8117
95771
6785
59460
74405
97107
20293
31448
48411
77007
3809
140889
41832
59903
33152
29359
79834
16874
70335
34482
43472
10810
39235
22794
86175
64000
25873
2494
17448
24246
11755
23290
249704
52150
81802
103672
98542
41197
49241
24588
73144
67888
20587
52716
69615
97021
45153
10992
51908
96191
29646
13868
80219
98424
36452
142866
86058
19088
49271
53665
19566
24063
92941
28549
4142
18512
79864
14662
14039
29522
5678
255328
50692
2453
33683
48251
20266
44348
41767
5710
28524
41140
31106
59092
14727
13725
59406
23988
30382
112239
14759
66962
68721
21104
26398
3977
74049
116153
72634
17949
39325
13899
13245
7202
26172
55450
10193
26428
68420
2815
15761
55073
107935
66556
36933
12586
10033
76837
2243
390508
16093
56500
67307
27995
68649
16716
42272
2913
6435
70126
10264
63798
133665
18553
4155
56997
22710
4432
18724
31250
318498
35890
230817
14179
28354
76961
8370
9208
75586
41498
27622
43405
256395
77694
37474
121245
65470
15353
27944
4733
25101
26238
65030
61325
30632
30228
6018
114001
35303
31523
9579
40994
18468
47465
32207
12227
63226
47238
38826
12751
3466
13287
32385
25144
1183
7751
13332
3295
42646
17780
7851
25162
41829
82811
32558
35772
9585
95824
46667
10758
32226
45655
9288
29531
32445
20082
50511
77165
54470
13293
44257
41842
54609
28357
5085
28024
4548
112430
3066
9737
69039
24913
24322
58437
182618
31557
190913
6196
34908
9545
41928
28110
19688
235622
69770
5721
9121
36242
42812
120772
49740
21587
5790
38341
74795
56085
936
6130
30617
61176
63741
1973
17873
7869
921
42807
75919
15904
21484
92416
33793
16751
20558
8356
47554
18601
47994
101733
40541
19686
3343
2740
35850
28461
36107
97537
16879
35652
68128
17780
52241
43000
26671
38903
347826
2858
37888
277233
31354
48976
4638
23168
74383
29559
33654
11668
7495
14182
17381
53968
42006
33736
34235
27834
63578
24833
1873
23503
29565
39093
64969
51414
34325
41656
15703
51691
45034
96236
63818
23294
78617
78400
50308
28479
75304
32598
5445
46174
25009
59726
6320
22713
21645
44947
18916
216604
11536
19779
9589
34447
65899
15857
42343
32803
41047
45571
2158
14396
4581
11956
19627
28307
30554
76854
108264
33828
11347
81931
44459
103257
20861
106023
28649
21734
13065
28252
64767
2555
174591
31703
58049
17106
67677
52655
32570
31868
21010
12819
34668
19956
163251
55103
16194
8403
30727
18059
14954
69305
6648
26488
51313
22316
73182
60063
29525
4626
30726
51963
10259
11176
10450
26136
9773
1909
22989
107388
27456
4544
47709
19811
27978
47403
11571
58665
118627
27669
86853
11567
7403
53205
72549
10969
13419
42888
4867
8442
17947
3327
31006
176302
30034
57491
20817
37760
24163
22100
51885
43822
135508
12706
49125
67640
27965
23615
45132
58129
140318
24052
23731
38832
20428
23543
8730
51147
3454
90129
34127
35309
19236
118962
9979
42598
38287
91942
20544
14580
53810
4214
35473
113351
47084
4521
20021
5755
70767
20138
13425
18098
9642
112349
9610
65541
35823
12986
56069
13238
3818
4013
15085
12008
398096
26295
29464
26794
5813
68736
31251
20665
49895
55152
5111
62172
10968
44337
153157
40420
23213
7416
63540
19673
13979
15701
14445
107314
45980
21109
3714
52333
3494
25708
18941
21903
14601
7230
11643
20802
21546
18036
16705
17588
27685
25146
26536
62867
66550
69335
34621
23057
16136
5864
113693
79658
108013
24067
51081
203435
20530
39783
89011
35334
53484
34337
65244
2091
62310
95454
24609
33807
28536
30415
45712
33081
74940
28209
24716
17121
12167
15292
57330
48196
21201
65868
18404
49766
8626
24817
25302
51518
41736
17691
26238
22056
81030
31843
17379
140707
51210
35322
43551
7179
400720
154390
47081
114699
24163
23112
38816
75606
11276
47336
66719
18798
10087
34139
53176
29152
42774
119158
53021
54675
23635
22724
17413
11459
85008
28509
18605
11336
10945
49580
20412
5679
141415
61220
34097
17196
20619
18642
4664
119786
19053
54665
93386
43775
66097
61810
48882
29475
5940
17960
39788
17570
47114
19479
21026
3182
96122
97418
10406
9665
29434
50982
25804
1586
23108
11850
8362
47160
29730
84779
65855
17115
102590
45263
6953
29776
9836
67668
41308
34961
46864
26002
23876
141442
8464
18988
76953
41970
17168
33872
90011
37746
82737
850
12946
8896
22939
41208
18594
20485
55776
67772
73247
18295
20413
25266
60138
18903
28213
30843
39988
54244
370930
71053
29458
26562
136751
28056
58790
38379
51811
51090
89099
9970
19870
52265
11945
11835
36670
70403
34988
31774
97358
61356
31728
37449
68568
94575
5858
46346
54453
80869
24633
56078
26409
18363
19358
19666
2395
44932
10119
47362
27977
6821
14119
29846
25360
26886
3709
34631
85442
24636
27385
41275
102858
10600
47505
16860
80806
19750
5613
71195
24385
72720
43624
29427
26515
22494
38689
16762
21470
22472
34572
49505
100963
30793
22206
76234
46329
45418
29342
63785
6186
24326
39325
66892
101039
12215
20189
11240
71327
6875
15324
17162
45937
40421
36503
17286
12381
24298
143635
40090
22992
58429
24754
61275
37085
14384
79014
28684
13577
42374
27295
547
36483
16708
21031
33430
62384
40600
14206
9437
111111
12569
52369
60931
34128
45309
52644
51219
38374
10881
2147
24480
12382
84085
73948
51753
14487
14685
11370
10885
2355
8018
66448
16936
10837
24523
24293
6224
1844
47545
33685
45985
107282
26973
13396
42678
42684
133506
78273
21380
94988
7067
22357
38727
9915
32750
78181
2924
35591
61391
13824
90600
9413
85602
58937
18488
27333
121340
25208
68898
23154
25068
11646
41021
63236
40071
55847
108200
30637
22996
47347
90173
8344
33458
136039
49586
19280
23278
277918
29568
19762
9873
17208
26071
68431
45145
57934
73992
18245
74687
15260
96560
43015
30412
6292
25521
46953
36306
108354
13897
52472
598
5603
15375
4244
41441
34860
32731
87409
12498
7476
8043
26982
41023
39543
50580
32815
2495
26196
19515
2863
25900
19731
21980
7804
78064
31921
38270
30710
177145
75818
49427
106664
69064
45203
44661
112582
13721
8243
63167
30663
60588
44505
28497
25840
20391
17075
36884
31185
57601
57133
45649
40550
25145
15091
12576
1869
23576
91259
39542
27304
1999
48820
35838
45408
32406
5972
60865
164055
108307
46388
29375
47223
22544
61317
18348
116710
28798
19476
21047
103764
28691
46758
67691
9574
60386
11380
34379
4497
22875
77687
10530
42473
21142
46284
24879
62226
6738
7162
20703
40865
28005
47986
33813
22407
71740
19552
27689
43522
31564
15282
3529
102826
35313
26087
126524
32992
15511
46381
5933
36328
81406
38529
21400
25627
95624
45818
8981
24362
50814
24429
27048
15431
197209
37836
39051
33708
775
4192
19805
15716
42919
8484
11900
398043
114216
19027
87362
40309
20992
118720
13790
23084
15924
38600
13467
27208
21792
17039
14128
71857
66778
82508
11792
57866
96956
54374
19761
55546
2399
9131
19967
66631
35833
42283
3065
16815
74392
3780
40890
14346
32143
2714
39401
141058
56456
29892
16470
46770
10714
52405
51261
834
44517
41667
54681
41667
22573
4684
5088
42973
14702
69995
49675
18058
25416
13960
25934
54143
81661
46407
5668
29522
2322
27780
34256
32836
20293
3389
85295
7755
128625
23785
11412
90623
82664
27354
22168
30085
7127
53438
33119
28071
73287
45436
85719
20304
3359
67017
33923
26230
43979
37333
26708
36355
4732
4968
15030
58718
58628
154619
51740
5411
17807
14083
18061
46175
1172
20880
3159
35496
9714
39852
33210
9491
74012
101774
13892
7380
60910
50844
50433
15931
21548
43507
61750
55382
7606
27429
48676
36719
54566
23302
11967
22000
40024
119242
30720
21315
8595
31122
34982
20029
24468
53972
19099
37773
41783
43998
17662
29450
20114
20593
48500
27156
23816
54191
72080
62045
24439
36139
32671
202713
22394
34411
5193
217966
34235
41460
14201
15405
12949
193584
14281
23783
15054
2404
41710
19541
21400
32006
45060
59062
31500
37318
6661
3854
1203
39100
43418
243875
2875
58917
6422
27479
21797
47499
365515
38214
21404
3331
14887
181618
17150
76910
33587
288784
50591
8835
111414
11751
14368
6228
7124
154916
9849
11607
5973
6320
38590
90987
9570
55969
85724
67397
14821
8505
211682
8369
19638
4388
17282
52628
8034
15035
16682
17232
31074
28213
50418
11588
26670
13954
8541
11208
42278
38402
12061
30488
2682
5866
35107
45218
70430
31518
256923
27943
63194
144309
42449
25635
10678
6487
126033
35128
4945
78853
90032
5335
23941
46399
2581
6858
102657
322473
45560
10937
14203
18432
8794
34198
10984
8699
7009
84734
104053
28031
11800
276275
19970
42821
14170
14598
18273
129557
33688
12368
24238
18000
7231
19264
20208
33583
4691
13072
18918
16899
272965
4753
45516
28748
36348
51165
17176
5516
64265
63681
41907
70310
5313
18998
59689
4666
215979
4914
105380
50541
46096
19783
112742
94576
49587
7537
12498
262468
9354
19531
246858
16021
8270
22164
46262
53636
105828
31110
33184
110800
38435
61723
4117
32542
63913
44439
77570
68715
9357
37098
37159
26392
20127
22570
35804
32093
5472
22135
47189
7981
40369
13613
74663
21122
20376
63710
448181
755
41809
15251
14872
27556
13189
7763
73484
88236
23328
39198
142696
39935
44640
62788
42594
49921
60996
28309
10129
32676
43170
28618
69985
42426
28860
15025
50278
83923
13816
13263
64510
49507
46224
52959
120545
48942
7455
41597
54621
85687
86112
43383
42800
83423
40002
18618
25356
15259
53322
57877
347341
167403
33033
20352
33454
22548
1407
13252
237853
187742
55071
13997
24355
13049
99522
50927
66720
14197
36879
29411
128823
107735
14069
74216
33253
38868
74943
24540
36122
13404
45762
19822
31830
13173
35874
40298
3020
31136
17945
7775
14253
12405
17812
34207
19425
31326
15259
24284
6342
40351
91555
91056
22802
1231
22747
25087
1994
50623
33082
25634
88880
1212
29873
193654
11352
24913
62045
17391
35263
15825
5081
34322
19985
39601
12837
24062
12098
85627
46340
42526
38912
54219
47770
30997
8972
100538
36937
16971
46361
62461
33190
32755
144130
59983
8103
16267
81464
64906
53043
35183
3814
31884
24780
48409
2776
7786
16301
128070
93570
15748
28186
42996
27816
34209
21628
50417
19724
21526
20142
92784
19612
126905
35792
37260
66439
17208
17081
50823
16798
3492
39348
86388
31159
31348
4795
108871
8841
99694
67969
7270
23211
43722
1416
65121
41150
11102
5077
71510
4903
84133
94439
61781
56346
28977
80180
35914
17147
19303
121736
17560
83178
52870
194835
3694
108358
33845
15743
29604
105395
50985
100028
7408
55449
14457
76832
24602
71499
89823
106247
42418
91817
41301
66820
3870
15944
178187
36770
37309
9961
56971
64135
28719
25098
17593
85817
36705
34099
27801
142052
32950
16283
29476
9848
5617
79258
7035
24019
135361
24168
119324
178779
22010
9626
2475
53678
32736
51716
34772
5118
41920
4752
3112
12380
34876
49803
14245
17427
37268
17562
30768
55426
63246
17535
79147
51918
61450
76079
4476
23131
63186
3407
11006
13062
79133
3719
33806
78005
14380
4142
58893
32295
36129
68240
47092
70598
31613
56521
329290
29547
62212
2909
46295
23264
36113
64240
7255
12162
28699
46958
23043
8689
76874
49506
54295
98016
60999
65761
33064
134750
35794
37913
6757
12458
28574
1690
24453
101814
150260
12922
47576
44723
49883
2022
48126
35150
22988
24625
62275
14901
11754
22692
91341
76777
71951
38597
234733
26572
40431
140593
53400
85182
20635
4924
47395
9814
69345
73525
56124
13543
30877
28486
13376
14110
83669
50156
212473
6469
35494
103885
50358
58852
29905
4702
13785
183120
10388
24822
42514
47264
26363
18204
62468
79672
70909
42250
60739
94265
52753
22736
15857
76899
94497
71685
38054
26639
5318
37798
16381
44666
62776
110156
11265
10808
25156
33758
23993
39126
35305
15531
36844
58564
54143
28023
7040
23755
46017
14753
43858
60167
8586
79893
27842
110461
23470
51240
80107
49216
83151
18283
45019
17986
130333
50233
42844
23478
78295
11704
412978
10084
13767
17539
84024
29103
10005
207054
8960
59228
9755
46407
28533
11080
63413
29495
78421
15179
5716
22830
55225
44380
45972
32886
21244
51397
39414
34574
7065
4420
22445
49774
19383
10649
44017
64445
45500
51665
77650
13205
17023
27040
74005
32600
120883
15907
34454
13427
21031
50942
116068
108196
31261
46964
40422
72450
40164
50920
63325
32767
16339
69128
61495
24727
92550
91940
29775
42579
9634
10622
47170
5060
97108
20702
21081
20444
95515
149975
18094
29645
4199
31892
48797
41416
44595
45248
21733
35503
75625
68534
49709
36658
14906
18604
17656
69939
29402
12349
17411
15293
20154
45676
26169
21516
12590
12548
99501
37815
33852
1988
28250
24281
20750
8774
16799
12644
60018
5568
10735
34032
1634
95122
39929
23274
35550
50346
4805
64889
44517
28966
139725
55607
38578
42137
40038
25463
66152
75891
7364
82429
36446
20691
41218
54417
49513
3496
40203
52457
96491
23103
47465
39573
32657
3766
100093
10630
16812
8536
32272
28265
4173
36382
60784
3448
6974
1107
54167
11433
14092
49939
32289
27988
21364
16856
2296
39062
9803
16258
2318
23856
152163
2518
7822
18046
29377
34327
7974
9195
17594
108519
65144
43698
15357
29230
10853
13996
32049
174087
7204
39511
97990
39962
40210
158469
174512
65178
68827
21829
57776
16651
7911
24457
6849
5721
31642
7813
36386
6690
44178
47825
17497
1416
28498
38329
25366
90378
28404
48823
17771
4379
38507
19633
15447
66278
35598
14236
12285
42560
49897
8593
50737
72835
13888
22052
27315
4547
23422
32690
49875
81918
47076
12776
44982
10892
30925
24343
50658
26387
17609
42565
40518
5697
14587
37919
70819
18059
52968
247096
7813
58124
25921
30168
30988
14559
54492
16981
34235
24746
93457
87032
7604
44350
17776
202939
129313
9500
50144
103528
80062
73633
16178
50791
20385
8895
20474
48175
1692
3425
7126
66658
25040
81054
32401
17242
30450
38244
96374
15003
64504
4451
15780
68590
45735
5106
3951
5574
33542
16069
119555
25108
36732
48734
25686
92089
21714
30633
51929
52130
29547
24020
70831
22580
9894
5809
26397
52885
46924
27979
24078
18610
16623
22421
29025
48802
59673
54355
47334
42822
82529
58020
6598
17847
19200
214347
22689
85799
36329
41323
26251
38805
22556
28590
14101
10025
131427
100244
54995
18584
11695
19153
52474
56262
94373
12460
41079
22954
70640
42155
139263
33885
16370
25307
21579
99386
19298
55262
23339
46992
53522
2936
7621
54833
67102
30776
79211
374244
44034
2322
64699
17612
29430
133045
45848
54401
18387
37011
17536
10348
36172
35651
41279
18318
76107
15434
41373
57585
106542
10832
94663
20218
256645
23008
38639
19708
16668
6949
121795
26123
36688
25365
86156
37933
47170
23113
24835
61480
58307
44671
39041
59135
12858
3831
94408
10431
29349
19484
45936
123585
14542
99458
29036
92075
52872
87738
472560
10189
109761
11593
28155
18902
93057
47986
25514
6610
58469
85306
17984
23134
52017
37833
21651
62221
69687
38873
9283
17862
23998
70658
61654
237249
30470
36800
23689
30230
59826
12890
60376
60615
4206
24237
18325
86196
56673
25857
2919
1753
60416
10628
3827
36139
37912
2248
60381
5182
2478
23554
43322
18947
45558
7650
12500
325175
38225
12963
58628
24465
19046
33366
35107
11429
47408
5931
30196
75797
77308
17376
42344
95472
6085
47445
17332
18205
46235
32892
34797
65013
8323
77955
37204
11673
46423
2783
6050
22985
20567
28668
30576
41047
42756
236981
26816
41288
28982
86133
36166
125447
125818
36097
30783
64562
172226
25799
89227
91193
56447
7651
4938
6691
18994
20630
77557
60266
11732
10752
122220
2635
32922
9715
57963
209556
78920
27891
24431
22348
13754
25593
25264
17526
65466
7303
48850
3132
34993
14018
19130
35072
68885
31281
83941
65064
45177
30099
120604
21516
22989
38311
75417
107769
17662
9551
35449
5197
22592
34329
8084
17481
9254
42145
45070
86552
93793
35185
47347
29946
16999
47050
66401
3080
11540
11826
37324
68223
75313
46984
80408
11955
19399
82211
19700
20443
20154
72729
38266
24214
18969
54475
57563
12160
56069
17579
49743
67921
107420
22424
83166
24568
24544
19562
91883
8547
63126
4456
89125
10968
5228
16188
33928
12786
73405
23237
95964
36907
211413
43482
68981
62453
359991
2406
5432
15676
519265
28758
16103
39806
42366
92920
60299
18387
15567
11739
16300
68419
47203
15667
94180
40024
89924
17631
64687
64184
94017
12675
22556
5701
14128
12550
31387
7283
15568
127155
25955
61216
10251
57273
31514
74911
29252
18010
33748
12761
15368
24386
33744
155016
16014
189155
67505
7885
24649
46159
66318
53576
7540
5512
40896
29560
16522
6029
41011
9923
61382
21117
33713
24675
73538
72971
70341
51109
45578
46602
12936
40108
36699
44385
14329
15525
28609
35117
62664
31177
69550
73450
23865
57488
25397
39877
7804
49731
30151
48561
81148
38745
16289
12140
103070
25240
86324
8543
42671
29968
15879
72716
53605
57754
26609
42390
2068
40940
12946
53792
45828
107465
33098
22744
91349
6475
22452
87510
61330
40630
25964
28708
57778
39172
23371
20320
78460
44615
16137
35464
30406
12077
22298
18706
22825
11626
126899
12523
57712
62349
31445
74569
12499
8386
27063
11385
21852
19396
15265
92865
15197
28310
219468
29995
14022
40544
67857
45911
76109
121296
19150
101817
30132
36833
55805
29837
26633
72183
78798
8606
19554
58477
23059
36540
12865
11053
37392
23063
19217
1537
1896
15352
9135
36295
15494
37784
5107
24481
5659
104321
29767
3319
112862
76957
51180
22266
61398
135452
13823
28289
25280
73403
10878
18571
16419
16839
53607
39609
38751
10497
1739
14101
51976
52093
38192
24768
209533
93460
71101
68120
64396
17561
304446
10405
53691
52893
18553
24687
15725
33688
9360
36093
34149
3547
77848
21410
38753
12274
169038
18156
46887
2812
21525
17458
36397
100900
6215
76755
12292
10692
37844
90960
12991
12360
42603
32096
55137
33210
29374
20974
35798
39983
14201
47231
13125
2283
63039
20787
37814
50773
15258
58679
4220
37504
6836
1334
63091
132472
208085
37196
72031
31052
20016
44881
441007
34636
28580
18768
66404
20496
75201
42052
16313
87868
8849
58530
20664
73893
75546
9232
16757
99049
28252
6533
10550
115147
22336
38624
98812
53188
41320
78174
31755
20735
20385
47578
22020
53750
34810
28244
31084
10717
84881
1873
31533
34641
46813
32165
22010
166153
17348
4185
77479
32968
9550
47403
21868
11941
70974
63644
68254
5868
34972
2893
79497
72879
59084
24698
23092
13286
117692
33280
142084
2926
73567
3605
72383
16595
91586
19640
15453
35753
56396
23669
4238
67279
79129
63913
21065
3163
116893
107087
20466
16460
22097
45059
12222
53308
155179
15239
5833
65894
13423
5835
7610
33721
11711
13414
117151
15627
11237
104799
39307
27357
10264
11244
5095
7977
30807
32265
15798
48177
30809
21656
73287
11931
25693
17957
18536
4352
98651
40050
82460
16795
20941
22499
23911
9808
51614
960
20191
12879
24932
25886
54354
48792
864
83026
101026
61237
15314
70569
71982
12767
42401
58502
58173
11135
49957
154744
40322
34166
42398
12659
38345
21749
22417
43020
82010
59892
2677
60269
4809
60578
230048
16616
27423
179389
46136
95621
35287
201894
33374
10082
45362
27126
23817
13573
9019
16866
35826
28436
62309
46485
46208
77741
35130
124330
31172
6907
39770
21891
75763
18807
34049
20764
19500
35636
18810
45731
39246
37354
42582
1664
55898
133778
53912
7847
94935
45959
26947
35692
23635
50272
68830
15848
53987
40746
15799
88738
3479
12090
43412
18419
360281
2182
61887
68723
23893
25945
32684
51444
39593
16719
88014
35799
25152
56475
56597
27268
3760
50851
760
6504
52257
135453
68910
51536
53132
12334
62765
21826
8176
6696
9022
76775
6065
6627
45904
27542
8861
12834
14590
11124
25368
6356
6223
22184
16407
66006
24306
56864
159997
23771
46043
17502
25512
21827
36354
151654
89450
5919
54788
48295
77119
62944
64537
16045
31587
10773
32511
1289
27190
29944
24917
118657
22805
27353
53158
54173
17072
55816
7816
30100
22073
28004
88644
212072
30351
35249
37257
17155
83358
52583
34774
34395
29230
58523
105619
70176
396529
18822
29453
49498
38975
28656
7570
14074
68148
3598
27096
5687
14134
20097
64053
12258
23065
1832
19236
26499
72496
14905
58493
6711
35974
87788
64493
32477
31449
13472
8708
46409
57226
52289
52107
3319
4644
48866
39001
56253
25311
98266
32461
59427
77842
66542
25153
10750
25602
24193
17762
35497
28827
36363
9572
76352
13398
43540
31219
31185
36119
15496
26448
15465
31648
19726
52410
11590
30520
104147
4416
10572
7528
15514
16814
79522
57324
18725
57666
6348
358219
58392
13886
108889
63767
22981
46967
74798
25052
16793
28098
64401
47961
10936
101536
24376
40404
33882
519640
21173
83768
35958
62113
49884
36872
63746
27353
57215
40837
139594
11982
27212
34696
71993
20564
132037
34086
38670
109930
44650
83249
8838
18615
22150
44449
14400
116939
25133
54239
7626
34693
20122
22596
29681
28785
12512
41517
113235
10154
16055
44720
32213
6305
7674
7347
23771
46980
2979
10713
102403
60590
17387
27155
31339
17449
26597
2521
33024
12492
68202
2530
28495
48936
37756
43923
38701
29491
61430
7364
20670
115473
41766
15329
141661
63109
26076
33232
54156
73975
32374
39373
96933
66669
16532
61858
58836
40393
65684
69802
25044
29361
89565
85600
15370
116818
50546
42225
11488
8158
6369
65693
45127
15633
3345
32884
85950
47210
22336
11897
25863
13828
36167
2406
22865
3234
63253
14230
44291
7134
16487
60492
110940
21357
57957
1953
23709
113396
1598
7775
13192
14489
22971
62002
14779
18577
57053
74607
73083
4233
23514
4469
47084
44703
20247
18804
74313
60085
14581
47522
8906
56665
76796
24046
2114
44591
152793
23626
64249
73746
23365
65651
23195
127001
25225
27714
42752
199665
48534
61903
61032
22322
21657
25588
42337
51788
56175
163271
17767
25847
27417
20215
48568
2693
33449
26885
112844
6872
16111
17914
23971
58376
10792
6853
11036
103406
24323
52343
38279
5281
28302
24478
17857
79447
44878
28243
53302
76383
102286
87135
30911
5719
77174
14992
55068
2584
7869
2250
98023
10255
35524
87763
23358
17456
84128
9256
6551
35468
107001
8672
35676
58861
31172
54918
134040
25516
28124
7528
23282
79301
20332
23287
144294
26417
60717
48496
8718
29112
4344
24913
7187
53139
10483
9899
15500
62037
259106
46585
25973
21857
57857
16199
128466
30942
6583
78250
76731
31703
5458
114760
54155
37447
7315
20609
104499
55052
56987
23164
20081
23323
4337
9922
43179
18970
6328
60891
47202
28756
42052
18498
16979
90656
20374
12493
34819
57581
18601
47686
108845
11377
87680
39150
3897
21283
26718
27801
52346
4762
22885
25216
80262
29183
60957
6944
31947
22489
7494
2800
11256
42284
43826
34261
621
6345
58673
44968
18668
26622
36181
14278
38241
13348
29058
7195
189353
9044
17831
15491
8253
8734
81684
39212
13378
86748
917
20668
115062
9910
21208
51423
10209
11408
37629
15720
17772
8829
5977
37675
82970
73386
72574
33841
68638
7663
16003
19301
52924
49099
31150
92386
40963
33000
36745
5421
94445
29375
111981
22810
25226
44602
13626
2687
15706
18947
29150
13334
80910
79330
22849
35507
6736
17440
20608
8332
153277
29256
44055
10404
28083
35036
102120
77823
49165
37210
37591
27399
157363
63061
8334
50685
39715
20372
8061
81075
54682
112387
32931
31443
9292
16274
23217
6923
25254
8794
15115
4464
61453
94633
36137
13741
60443
79605
13319
42341
27585
30106
3411
84683
3646
51212
83284
41087
51476
105988
9931
121403
22060
188691
68036
40919
33884
4853
95411
13150
19307
58258
71242
118620
6508
32674
96666
98689
26409
95500
37274
29006
36666
18494
72296
12791
39714
18535
30263
12564
20815
79612
31736
13083
54910
99910
17422
37803
13810
28414
4086
97873
8865
104650
36119
25144
4872
18562
32091
29030
46935
8287
24475
18115
18909
31816
82417
12108
56364
14813
12790
3483
110511
248357
61902
14836
11331
20447
14710
19377
42138
31923
46190
21156
43095
24998
63532
6373
9089
62289
3053
10776
71707
4395
37222
67272
22095
140445
22048
712
166272
19522
42646
43831
110540
32789
45709
81047
39124
149738
21685
18794
43273
33894
42426
30331
15143
13538
11194
102265
14349
40239
40120
18418
53769
78318
61677
30899
5718
36282
7377
16670
145195
136371
18749
44349
151307
230850
35579
9179
27949
34106
47639
59699
25789
32314
7796
35764
15451
60724
10679
175118
31671
45426
32183
86305
15189
67222
27095
57772
26012
16728
37239
8547
9301
44629
63296
36033
21099
37228
54729
4867
126921
29990
46727
44116
16229
78995
36275
4472
64002
34256
97258
7498
17173
21414
22331
3130
39859
18088
15803
25178
22693
5057
62750
28989
32572
57769
35766
8627
43690
20815
41004
104912
30715
30207
13871
46916
142089
33349
1626
69866
47879
9442
13340
4692
31744
185737
18823
85178
71675
30933
12714
32980
20574
59482
30093
17907
16131
34078
99228
166550
54006
11203
65526
73492
39910
330676
11222
13669
42703
11023
123876
57673
13011
6285
148604
121837
98674
16386
124194
110794
218408
40777
17045
18400
100660
54770
43128
22180
6567
31890
34833
113636
33113
2073
7827
11331
44842
89203
60023
27862
29182
33703
56585
17729
55179
20933
18677
10153
25618
15523
29265
826
57420
8374
67465
111865
25377
51465
26485
67239
5905
34107
56578
43304
70445
19755
2487
67221
5506
33515
41272
75533
49443
53895
58128
23877
24767
23997
39605
17994
8372
48136
44057
37432
85876
8191
55800
55909
7702
35802
29384
56904
40721
41851
17843
14488
6985
58625
69899
38310
12237
16931
96029
21458
12092
28037
14723
12650
88532
11277
81254
29081
3300
53120
53480
5062
19165
41918
70954
17005
36107
124536
4599
79655
25815
40645
111533
33371
13035
90491
62205
19486
34327
8901
177537
22892
19139
88266
101251
33582
41736
18834
29564
89578
79270
89589
163300
98236
59697
10925
25756
47424
58313
93145
41493
98024
47930
51138
36611
10005
28855
24264
88239
27682
58980
80223
25624
7664
29313
52682
37276
18434
5779
4696
22044
57346
137657
81608
65421
81967
79331
266971
47335
5119
8469
13605
35800
13092
84988
11614
88163
23496
23861
10670
14572
19723
34483
18889
46798
25246
63536
27414
57499
247348
43627
37351
5705
238700
26184
59809
44703
7700
55263
48358
14550
44310
31456
77750
115440
31648
43833
53507
47355
100802
16485
27417
26242
24226
54359
50557
61997
19213
188593
31617
1999
29361
48962
47158
7288
7492
78431
40771
27232
210310
11069
5725
14325
68761
106433
52594
23607
41826
55999
11949
14578
8408
43366
29680
21465
61597
78684
20338
11365
92374
14216
36986
23520
73517
30649
27649
23686
20297
71305
15771
50053
51499
49414
25162
24044
32847
37771
22579
24537
14192
12192
46471
33246
67865
37948
1726
17743
33511
54041
56975
3215
25737
99686
60744
53630
90238
21821
66162
39531
23829
66651
143160
12953
50074
23153
64093
17638
15720
53810
106199
26211
3434
102180
23198
191721
48640
71456
34128
7332
8016
62390
14385
18169
20648
11610
13471
38123
16069
115213
144175
250624
50726
29126
31015
57291
65065
27927
288313
6525
7538
31722
128675
27301
20127
26003
11333
67229
9131
28820
20595
10974
22102
45107
21864
14515
41328
15393
59671
29318
33164
37115
41234
50983
24883
15934
39978
21522
47060
35055
37089
41278
54613
33587
17857
9693
37748
13941
10698
52144
106005
6346
85141
136468
12142
29174
33484
38272
13181
23461
2826
37106
237150
16351
57088
71507
52043
78944
80528
68310
87467
21040
109388
15061
27450
39242
115531
24308
38449
80239
2752
56188
30825
63866
14817
23174
83772
47937
19411
99996
42035
78798
8251
49327
38087
12929
33505
30621
17945
52900
20745
23350
11792
27620
14944
81929
13278
25621
26918
50172
449407
77644
34929
29271
62811
45684
16495
1769
73704
26636
138276
52793
42469
251186
10536
9217
15048
1424
60397
49022
98493
31711
26330
42972
65516
43068
16538
31913
74264
46615
115514
33981
26701
10332
21170
20937
8304
68175
32251
15930
95496
6693
142948
22106
63116
4355
74104
45838
39285
6631
30779
20031
69859
8478
14076
15823
34315
4487
187259
23664
149963
9239
32823
39145
30682
51062
1937
42925
23550
16377
29241
94974
9080
38692
24641
23206
6871
21305
54896
75119
21110
27091
1928
37884
17645
34510
8746
5409
16330
36655
30088
297636
46140
202975
5786
29167
47836
22090
31931
19642
17131
7185
75761
32286
28531
21652
9693
2680
239165
37819
61645
43466
17310
17604
117961
20311
119463
38880
4299
5041
58861
78341
54181
29069
4387
10499
12062
7625
38873
20203
26669
62797
3182
41697
14910
86093
57965
80474
578016
11185
6098
78351
34425
28636
32239
88556
9836
35934
10849
26393
22931
19526
116768
54646
43649
55442
31994
30577
4272
46351
30711
23259
52189
16851
5819
12318
25324
49989
23628
120914
22273
27477
3435
44334
13174
38553
23698
6786
31934
34654
71720
46761
4000
27668
3539
42268
46635
58546
60766
10611
33341
37245
5027
228128
40062
37277
68053
54070
6248
3847
23480
44716
7699
61823
42725
3403
52534
29814
3966
4083
57154
62198
89108
13970
23268
49578
28764
19652
51087
42566
125888
7138
53578
135083
64216
26194
22405
15344
84217
10993
51606
34729
57161
56939
35727
95517
113075
2426
8656
34077
2039
59664
6363
39264
1999
41673
15776
2489
1180
28323
25597
176937
27446
20052
17331
19180
64065
6963
40287
7134
42132
42024
7208
2354
33456
62981
6425
9622
126088
24670
118097
49474
1245
63329
125974
28579
15446
2846
15917
21794
83328
26861
4036
42648
27778
35709
8602
24251
3051
15769
95829
25499
209365
43131
18499
24434
76978
65820
51323
34705
42393
12850
157961
5690
1589
39452
75932
60801
71446
17544
115735
1273
37224
86693
124608
97196
22905
40475
60888
19302
37197
25800
15355
17005
23015
21864
39885
44018
14910
5604
20575
16077
19954
26328
44650
5085
25390
20926
44539
94731
14125
87051
14194
33589
336238
21175
59854
29058
54487
31613
4182
77031
6241
7026
45594
5606
13268
55902
37968
30271
13907
11220
23258
7674
98896
24356
12891
69889
42131
353011
78206
7242
62688
10514
166809
16464
19049
29522
17462
8102
89434
9126
14259
1318
1448
2403
1986
8970
11996
3513
42357
22214
26320
28555
48119
20679
17050
36618
33870
27777
95472
62555
91703
10603
30142
39041
88061
35413
7086
51312
69222
9095
34073
5344
23431
29928
14753
49540
125185
6243
10668
9251
9963
27944
17217
61916
30933
47528
6152
3638
3419
3686
81750
4219
3953
13060
93116
64374
99912
28268
9181
40319
10586
19543
61250
28284
15553
34831
30010
74001
19351
11845
22484
62517
14344
9684
6182
91405
143649
17937
21838
148373
29991
32164
46541
36176
34845
53830
25331
14001
23946
59363
32925
40122
18474
756
14552
51150
8023
103491
14513
51898
5442
47753
12920
67612
4883
28003
38186
41303
23978
31753
73574
48894
7270
57479
42986
92186
41219
51352
29275
45676
2687
30309
36955
90896
29569
11900
8957
86123
139401
11428
10744
24340
6038
39259
48993
15511
14159
11396
16395
24340
63485
8754
10095
89343
59007
29012
6172
26128
6453
24371
127977
96805
2980
129461
28118
27699
29930
36475
32450
37109
38625
6746
16934
27149
27368
77307
7697
25161
71440
66306
70261
69797
15387
5806
13430
22183
4996
38804
28958
85678
44852
43343
26996
32504
50213
19271
24651
69225
25747
32251
93363
25484
4952
4719
45445
58228
14636
15822
9119
9322
8388
31145
63290
28921
25206
63320
19833
23714
20874
33649
35381
18152
10253
7330
177794
16857
6200
163496
80655
35790
7270
49503
9755
34030
24499
3209
3762
95629
45084
18985
45596
7935
11457
6637
21098
69071
13876
57368
21910
12656
77117
4711
69738
74995
81802
23394
54608
11267
33007
5277
118825
59667
6653
74677
16050
101660
19172
68378
51912
83078
21896
54466
94073
4953
83904
161860
19736
25031
35733
20289
158291
5420
38813
22540
42301
5390
15685
23033
44063
58094
9498
75523
44857
180026
38669
42710
34331
14991
8234
31661
39837
6550
23709
22968
48399
49221
105278
2945
36005
20329
45894
24533
36209
31643
4665
49960
7429
9282
71059
47958
55744
55038
68237
12188
17198
8162
19058
11741
15907
33276
3452
36017
18756
24897
35825
6331
55742
58711
6419
55447
20543
52420
38333
43399
94320
28515
106584
36335
155623
82509
11881
15769
72231
66650
12714
19438
78601
29038
32969
26572
20071
13693
60740
20455
68466
133117
202218
29687
22912
18414
25943
1887
62458
42691
12217
92078
22953
35852
39281
15654
262443
41990
90289
55030
41803
40459
40561
57080
24160
155227
56115
57519
33207
42397
19985
27729
49668
26572
26385
33361
56048
22221
19557
27379
28124
22409
15637
14659
5599
42891
7453
28733
46400
31131
15058
21459
59550
128406
15881
13291
12835
49510
5373
31298
4077
84340
46339
13214
23290
7238
75483
23291
36395
812
20586
36525
37530
447005
58087
26601
12400
25486
32488
30946
33066
36753
74066
41010
58281
3132
17022
57527
19143
5751
49474
17393
58452
47746
44542
23428
23468
30721
31776
51707
104242
24646
3974
56695
32148
8032
71145
9130
33994
13732
21616
16887
3839
61563
84974
30721
84880
53028
18900
16677
14722
29516
38601
51795
50969
37336
43551
28164
41335
31805
37751
43822
27520
24693
56238
53695
49587
14638
13046
11216
17355
40893
219192
20694
26082
285848
49130
11021
126848
48537
32417
59123
17944
19199
4663
19624
7307
11922
8765
49946
34014
8494
107657
26184
35685
46526
12252
23708
20123
12717
5289
20939
39782
1665
28244
19921
4833
2155
28132
96107
52327
31116
9609
5934
88420
47819
14114
7062
35789
91252
66264
104590
7444
1020
62350
3521
46544
16709
14156
17346
15471
2676
27207
59312
88253
55718
113601
65964
33675
20714
72136
13639
30707
59435
83140
15353
19335
47897
34626
51458
2638
72506
34023
34886
12307
54451
36458
14195
22158
17130
8121
18020
4890
65164
27417
187803
26782
14120
40887
109760
73602
240078
68969
3940
59954
12763
16651
54300
40204
113651
15335
8797
51547
84839
22475
6061
43245
148651
88097
12900
31966
31512
18419
13559
75694
3400
61184
79815
37343
56768
36270
30160
8095
61748
18057
40999
50827
4029
28459
45433
2065
33511
9746
4962
13885
151780
89115
127813
47801
31172
14433
9093
8744
63709
6210
47825
30207
17711
9824
4452
28585
61263
87138
108493
57074
27517
7985
59931
55520
150200
15058
39992
57103
55285
36610
71386
24310
9302
12026
69002
46193
18933
16575
50498
23122
17035
18378
71237
6490
37356
71492
79474
61270
70356
74915
43345
14992
17764
92674
1221
3602
70002
114885
5379
13235
110732
51131
62009
33093
80559
52309
79398
34253
14883
79312
68379
60214
10472
39815
4781
64057
55874
4311
61309
38134
137934
21985
41081
19328
317655
28969
7518
67851
9045
19191
9845
47017
48290
34379
28096
47838
19253
56953
61497
31239
100379
13608
13739
79322
14688
54545
8436
14815
764239
9824
38345
78896
53445
1167
43574
84328
14492
63640
189186
10711
10207
19629
6278
20792
53171
20857
24686
22942
24307
36737
11509
40647
78201
8971
103979
12705
112848
436997
29015
32779
58282
22684
62521
41717
42869
12848
5667
17722
93053
74059
44738
20852
63569
44996
27062
3265
25215
1977
70682
17728
43945
106634
43971
28434
17299
8324
16609
33577
18404
11777
24722
31375
39873
9905
57735
41921
22177
61334
1494
143276
82792
182808
30516
46917
41226
170443
4908
21323
55101
14613
18375
26530
12101
61216
31663
15138
56738
41069
30885
62027
12036
44952
6147
266531
1623
36599
19120
11934
92066
24766
47391
70750
233766
13412
77286
5888
79184
11605
39676
1270
24021
25669
41552
41690
115231
52161
20597
88081
156403
22354
6324
108316
62899
91685
8727
31968
14231
25656
23800
47468
28688
18481
74958
102925
63805
19861
9935
89297
7172
28880
42913
66127
3442
19377
6898
28414
140250
15884
29373
29655
47095
68739
57297
44376
14766
51843
131424
119056
6259
29529
23837
102266
56865
36656
19917
73845
16944
91150
63269
59943
16222
16851
1454
20918
79138
52768
98844
36764
29417
51862
22501
57536
38879
49853
151697
14615
11801
23993
30227
85962
106617
1994
31982
31821
1689
38959
35309
48387
47712
9453
10662
1710
35148
6411
70671
10988
71403
8998
63301
4129
52449
64642
31992
30076
48433
28115
23980
12060
35855
960
30246
56511
117329
76864
2797
66484
1535
62205
21420
9609
10819
55413
96384
28523
52777
17135
90551
20876
77882
59060
62336
8204
34521
24945
3012
18839
138691
54990
1212
34142
47384
27752
46052
10274
2949
21519
37527
67100
5770
121977
10115
37096
38627
9460
51168
43681
38414
53409
39735
28238
64853
49773
26918
17832
69594
75152
90932
46545
9646
31213
24622
13541
37216
61502
4604
51858
43667
6400
2414
36693
22704
41229
129140
157058
8130
67991
21564
38962
45146
13106
46640
34362
54963
20984
14716
296488
31384
19557
50165
17619
137169
107808
13009
27887
119729
36354
22651
102877
122825
18423
45996
5847
18587
318599
7603
54984
48313
2070
109496
13970
38325
3991
14244
72221
18531
84909
9256
3265
102341
26416
38833
26355
25724
20857
52789
80666
18286
7978
57205
10666
115701
50457
24064
108829
30139
19443
74907
7672
69785
89553
15604
51842
62059
2812
22786
48715
9120
6529
18957
18659
37409
63163
77401
82250
17833
69014
35566
136732
41185
23185
14698
40829
55639
60884
58202
17186
199859
26760
6367
64963
120467
81931
178627
10917
52443
36310
16999
7476
24986
24690
20725
48522
49184
141455
56203
13972
8012
54277
19528
1561
27330
73039
53035
14689
7453
30845
114066
3628
616
83688
21148
17382
38321
31970
14590
45968
28563
144802
45865
5019
8715
34070
26263
17892
56659
35846
11769
69586
133374
38364
51278
49717
73110
22695
22036
38260
50128
13914
34743
13276
53882
39231
48802
21148
21697
45727
8132
1800
115585
52945
38844
24583
30150
4310
536
116897
11654
79810
10547
15735
111536
21298
39223
40105
22377
41522
32436
35727
53039
109148
22844
45595
1948
42966
9874
75813
73848
12771
32496
72533
77850
32699
46321
8584
72191
46009
67985
58810
60492
25832
11049
94823
16083
8201
49047
73342
31357
22002
35188
216851
54681
27005
43273
20681
32649
18375
32669
16369
26263
42433
12763
39092
33185
87598
32268
69971
57633
13071
10941
22117
10077
78862
10280
23409
52928
77234
5766
34103
213374
4847
113944
38271
40459
70664
3716
119842
41376
35442
1364
12062
36268
15130
59333
24425
140130
20724
16758
37804
16904
45360
38459
12068
45224
10917
39956
48290
25732
74781
25896
91448
162107
24746
47709
81645
22950
64393
34988
17946
4287
81962
13229
25732
57151
67921
82123
118635
89397
4535
1376
52233
14352
1527
55443
40451
22551
12476
33451
95586
14447
7291
97085
11879
43988
29283
80330
24267
24147
45202
14322
65583
13407
33477
44906
234096
45692
25488
19759
16609
85972
64372
4157
33388
56360
10594
38541
21616
67178
16110
36788
75790
52051
89036
117246
32132
206340
18098
47558
29447
53157
19632
60740
39512
23564
25651
14622
79951
5440
25881
11823
73472
106918
33703
22896
14681
76848
19741
10304
76039
27872
24481
30458
17077
11266
16477
11707
41818
22149
28034
11243
26809
20299
65212
98752
42659
3825
36886
58837
42583
31214
11073
179181
8632
9505
17682
52223
30740
42900
2839
66454
12039
13087
48305
68541
27729
12145
29426
7847
28843
93655
18136
54281
11827
18888
141801
7947
28131
59722
34450
72984
29513
12044
26800
90210
22342
67161
44181
13965
16802
37077
32543
56460
118174
63500
21500
493051
5171
78672
3844
43586
132864
35842
3972
10672
20070
22572
37082
96347
29513
107715
49056
63284
39614
55649
21993
83369
28908
46526
73439
84033
10784
29643
53029
41915
58999
10996
18680
21818
62324
39893
40863
38953
18644
34301
9584
5458
35703
20557
48899
92798
34748
100441
8037
8471
135423
10968
89215
61339
57353
15009
21720
34243
34161
68728
12228
59200
71554
13503
37761
36687
121952
51932
36963
9243
20373
5377
44842
51773
26415
24806
127945
33193
17313
30195
7546
63173
19264
68122
8561
86020
7770
71693
35780
39485
39159
4630
144946
59010
125145
28063
92657
23861
8710
16417
31500
24172
21607
697
4237
38217
34818
58977
20949
67040
221863
94592
19124
21834
14445
12498
3176
17583
15341
35068
60283
16282
57964
75557
9758
14180
5407
43012
23088
38418
71798
15150
1243
36454
22647
35178
86818
71612
68446
17940
13050
83099
36999
32649
3205
3579
35620
41052
6337
3732
25627
53945
52538
1101
54441
5083
17267
2719
62358
62331
21652
104383
50057
36311
4743
42120
12360
30751
46206
24359
24689
113619
16070
21641
21417
1483
35718
40505
18012
36503
64180
10438
118857
75296
13197
18411
37486
80395
29277
4275
9644
56971
9040
24184
12701
29203
8807
27799
48785
12519
19555
84938
28798
47707
20337
20584
71530
77182
28506
62189
77096
22923
25135
39599
9877
36598
55849
6734
72777
83175
33031
5966
14298
22065
157463
21119
77940
23335
10900
13487
65087
22044
5238
22339
46193
52917
93812
24489
23436
36396
229256
93737
60588
94763
33745
20790
16740
75997
25802
18438
38921
37051
19340
5601
51057
15486
73258
21524
96391
88431
73843
8370
58950
22901
101304
11876
37559
35060
39084
82387
17348
832
22571
41178
18057
29518
3069
128517
7682
8508
3720
2160
41993
21409
6536
17131
73465
16566
679
62945
43040
34000
57035
109366
6349
33825
63916
79530
41101
30789
53870
8444
71865
58104
12640
29073
12819
3738
46368
94350
3525
63998
8743
42176
33584
26177
33060
22764
10734
53082
146952
38547
43982
10138
13256
99064
52814
64682
882
8638
164065
62062
146807
46760
6141
2682
9590
14183
116289
94064
42396
16158
57476
6257
29901
6918
21536
15995
20894
24539
22356
3408
100400
42322
163901
20279
69692
9167
10329
573
111860
36600
28766
44952
24953
326844
85008
72055
23415
25631
90048
23996
2929
33180
18384
29326
1839
105148
233054
93324
51742
15010
10873
158841
54376
70777
31478
38825
58044
21669
40523
37274
17070
112533
32750
23271
149169
13383
119521
40689
24527
43591
36539
112297
65480
73068
7915
2357
29829
39422
80173
6376
42080
31120
35173
41103
77654
131837
23888
66891
17213
109549
55086
8564
22061
21999
74184
30743
36146
39001
75499
56648
56819
125413
13274
13319
71870
103435
169519
42117
41637
18919
45215
67320
19563
2635
56014
13944
23162
39292
5970
92789
3409
7853
18945
31974
32192
46558
48442
7527
12863
52708
34537
28632
53095
59843
61244
54662
46152
51356
37924
23252
15807
38421
32382
45069
48879
10974
1323
35884
6217
5803
297003
6857
44231
38166
57948
38438
14909
34158
51599
22502
50321
21664
17382
10031
81922
8681
23180
7349
26128
24694
107980
39454
81166
25326
386236
12519
24666
67804
60505
79817
14693
72069
31631
77356
17800
35819
17049
20663
152644
80910
38489
9031
56989
55114
1621
15783
22336
22069
10458
32506
9332
30643
47253
51755
15327
31469
24103
11438
109630
81220
13290
33427
17926
106525
12327
45458
32438
38905
29969
47250
11539
37167
57154
26912
42437
9288
49378
22061
6638
80253
25901
15253
23362
65644
50422
44100
41599
53563
22807
138533
28615
62646
76423
11279
28833
18065
17487
11416
62551
13305
38256
40664
27752
3838
17280
49317
6560
30619
106867
48113
149402
23379
9740
50417
11766
37988
14532
45097
24517
56594
157186
35881
20592
51556
16389
38796
25622
10505
15280
72441
8205
28123
171747
54687
246019
27203
7333
26087
96255
56442
19397
36373
12726
6569
26606
17399
17854
13256
66354
39247
16575
42287
49894
14826
23945
143750
87237
88660
15627
22261
19579
48296
47021
26425
21375
24967
52802
19293
25703
148102
32958
33513
26198
36600
15169
49006
24539
21707
49818
54197
75525
20760
16057
18176
90256
2871
107552
113938
141241
17061
10141
20654
61503
21002
63796
41040
50221
50389
14858
24556
9795
11480
8296
25433
44448
29709
121026
148387
38170
38885
65406
71688
14672
43706
32643
39722
33861
64342
33851
82445
136590
132485
39309
9847
34790
103913
20266
30107
18643
11143
60292
92103
2153
22688
37317
26667
17452
22866
109486
61318
11760
26001
12588
74134
12768
42198
52981
49123
10145
29268
66152
71585
19502
18007
5933
8706
26978
37185
18315
30318
9359
50769
97760
9464
5445
177317
10546
84906
30945
25121
5314
21678
82680
69934
18947
268218
7384
43684
26474
36143
38520
72166
29930
32719
41134
26891
33244
22835
50593
23046
45577
18908
12038
57571
12361
20494
53840
11453
47921
31303
10101
40492
22889
25424
4165
40157
23012
12276
30011
41424
61241
20397
7045
113401
20832
1529
31960
17082
22476
85986
272247
39602
30716
40879
39349
11654
32223
39737
56630
24953
14000
6289
36536
52962
27522
26576
64283
136839
14344
29767
62605
74260
18952
270534
20733
131720
96217
5904
14530
7218
16200
56111
21284
62239
58573
16350
24985
19206
11029
48179
32360
40900
1325
11881
47979
68103
26662
21063
26395
17873
17280
21049
22770
44513
31644
57378
59506
1903
26497
51710
18897
51160
15412
87099
31285
20093
6855
12188
8820
35897
41626
119355
7974
104097
15588
16648
27638
76342
29374
49568
4752
19790
91463
67315
40411
67698
47414
34837
10066
71834
16935
43356
43355
32324
56753
49450
55323
41304
73712
49434
1327
28252
119574
10956
47184
15417
31045
31730
26883
14899
20584
59854
26955
64451
24242
34559
44060
42157
2162
59866
20198
71101
3069
259861
24756
26743
33696
31860
31505
45715
26598
80770
35533
21108
16842
53749
43104
39844
46095
55273
48366
107022
48954
51340
10197
27861
41603
51976
13303
32399
30161
39665
49763
33427
15523
5184
4461
60984
37795
51557
112591
41232
30879
52969
54405
36602
51258
45046
23523
54607
5886
18055
34914
13703
8025
236679
20752
12051
82065
17945
34002
11527
37047
17219
54639
37366
83741
49029
5140
16886
118686
2121
81613
17884
27452
32497
39306
39919
24227
22319
57561
11960
40709
36534
29494
60839
46517
39624
49052
27080
31383
11936
65037
105227
34837
30315
88181
18363
23180
78289
24725
18586
48448
35625
18134
23928
57484
79353
80076
99184
96893
66743
23320
39582
15134
45627
209785
17626
6216
11543
16441
26398
1476
19296
27532
2318
53795
13152
3141
34704
130994
59262
11907
52819
75278
169469
4503
53377
12929
42518
18646
31608
38260
53923
41859
11280
14078
76074
47022
152211
92622
25780
59310
47967
99858
38182
26330
34290
17613
152427
29865
94522
55974
3527
39097
63112
14588
40341
46637
2720
55403
17759
13541
23773
15650
52196
57191
34539
45409
60086
17375
17563
37854
14255
24342
3591
25435
62031
25953
34627
86386
3910
36778
38782
28505
10119
10471
5171
3970
24060
54405
25883
80614
64826
33276
50104
6531
19669
14046
18952
22981
17579
40420
19372
22940
23275
29514
27512
17320
11504
30615
36916
1146
28464
36044
14901
63514
127493
116983
5746
41249
20006
57826
17366
47961
83545
14031
45407
45850
55792
202575
982
64879
14998
44461
18724
140016
43243
17362
12148
4062
36750
29854
86014
59457
37604
23780
18698
35462
34102
52859
16247
66783
35663
20964
13586
38952
1082
39985
45956
24355
17235
43194
18217
11391
46580
33767
43188
69859
10406
16094