9652
65017
66954
193982
10280
45415
72091
11500
41850
36434
45213
7591
3551
59463
36642
97528
141313
40752
78046
79391
46441
32744
138772
56167
130317
48894
29793
218619
27170
50106
41210
45712
133535
48093
29823
68713
111702
22967
65766
93437
31630
31088
47258
135473
128347
30121
23465
30686
21418
98291
239933
115908
125209
45543
64371
51530
143910
152776
156420
45049
39738
114922
72162
24258
24025
25257
8635
19912
31307
58152
213488
36870
36875
186263
81563
36094
83804
48761
28218
55440
67170
33312
21358
41063
33302
19045
21139
24468
34946
50358
22997
91848
141502
34174
121321
127950
95706
53618
164222
75183
159491
50759
45785
56742
32313
21460
85471
14702
31402
58435
63667
27020
44631
45003
48355
34143
34282
65610
14221
82465
43762
62641
35518
48118
55325
34369
9564
31536
37019
81582
125061
29004
46040
52857
81609
63472
150587
15543
20247
2471
99076
65778
35054
155460
64517
32867
25637
36593
50017
48486
64652
3029
46896
15729
101292
14477
31336
127218
69872
47925
29570
11469
27271
28082
169136
56839
47138
13697
78741
37470
26851
7690
58411
10473
26989
126123
44138
183577
150064
121306
9097
80217
67954
138681
13746
89417
180352
96680
10915
148993
32589
98145
55731
252393
41227
90123
46360
99009
31929
72727
30005
49946
53743
44452
58941
34574
87809
116395
47340
50580
25141
169599
76217
63573
33624
56001
88025
18322
157422
54581
92736
66236
14578
49466
32167
208682
91264
103972
5056
1469
48853
140896
70833
80756
231978
68727
36818
68172
76562
82456
50834
89538
19709
97341
268388
29098
19365
90268
44943
16984
50292
54202
144232
266942
22376
34409
81384
8186
36021
92041
31778
29395
28940
179760
7407
35394
61449
33091
180302
35330
52979
119778
107830
64390
25120
50100
103569
90364
154930
29556
251161
159673
206687
70242
57456
135896
123539
81214
38493
87669
38345
37424
31303
44087
180002
53281
45704
24484
250335
23903
131874
48589
77446
102374
33762
182530
73048
29081
28717
59450
29503
28611
35027
107524
38768
46875
85605
50028
108122
76728
40719
85662
143219
52982
13425
65239
71102
110062
159399
78176
127277
62163
5630
130590
35741
98966
37117
25875
86116
62340
76900
148712
13898
16617
99411
113510
33439
21812
190291
119784
97159
85747
54359
136931
40862
115224
57311
36989
16137
37338
42345
42852
62621
80524
67101
95749
49232
85940
22479
24354
109839
101758
52466
34513
23447
104740
6565
39939
51897
108579
28655
39891
25274
175210
94478
45595
90783
20681
178591
98970
16667
20203
67294
19305
80254
51380
57109
26986
16959
211820
24776
109592
175823
15087
341083
58379
15302
77834
67038
14085
10423
70557
17650
143728
116922
73525
162219
33902
63279
71724
109972
138986
37319
12672
33416
27369
26583
54522
21383
26657
72400
98919
26746
117808
27511
73852
24303
148697
90679
377101
36764
89962
56513
23275
29981
106140
132648
46536
60690
47466
11652
76304
128998
53921
109040
28258
196561
28292
101025
15821
175263
21443
69890
8484
56516
161760
62599
18281
78082
348179
21498
148753
21242
20934
26105
24210
16685
30408
7904
100861
11027
37229
34600
95670
32506
134274
27910
127743
123077
33758
60209
46670
27151
29199
19838
76784
58367
11639
17047
94964
31402
132370
20308
9582
47637
66120
71914
119921
31004
42802
85087
22433
180468
43370
18172
53762
46493
38433
138552
38396
29676
94856
38631
20968
144215
11017
71054
20197
98216
46597
155086
9415
108668
59929
71303
36626
154948
92874
13026
19810
55071
100008
240791
34130
31348
6272
20881
86825
60911
17465
67581
28294
101224
44582
27561
117300
81778
82508
162135
9657
162649
81726
6017
13429
13879
49760
51818
34767
107517
15834
196658
19316
70242
17924
178495
33162
170313
6242
41845
70262
149639
16546
28710
74449
8181
18048
37604
11652
27380
19952
87285
101046
118916
48651
71773
27980
122060
276637
16923
118578
41805
35095
8592
117792
27608
65617
191436
15542
22786
30237
21278
58802
18232
109439
65325
16561
45150
153926
14426
58096
41560
30337
51513
10616
61551
145608
78059
3848
246963
96710
191539
45716
35874
161728
83386
42975
28182
64786
108822
10320
122468
123716
271383
57275
35497
83346
30608
17318
26083
93013
68540
48267
12181
38241
49659
49436
16272
138326
196431
81436
42351
17961
73181
15809
135782
9144
63397
19431
28592
57279
84828
6371
59360
187804
23299
8629
18227
11986
68516
106551
24816
30093
18583
137203
139242
86846
70277
166818
24475
135044
37387
19588
102572
77406
69913
96696
74403
70947
17479
38903
26745
31216
76444
40146
35360
18631
24044
149981
56302
71801
91978
12140
49124
34122
96778
92186
67087
66698
20106
97503
117250
49871
35218
14489
91288
48980
35806
123027
145280
76161
78157
120556
67914
21543
103873
53015
55610
75401
249106
23648
91580
17356
93108
38213
77721
36454
51745
49577
71340
13704
41687
63497
24850
59754
148925
107796
146177
16722
25629
44134
108340
34037
27249
20337
90975
35341
12165
54890
141290
31197
53603
48485
27991
59405
134311
5803
143942
119869
35143
35167
54776
44008
51469
136065
43931
50196
85597
75975
131851
123341
141206
76590
43521
41631
149308
28869
100879
16315
62518
32376
105004
22882
156202
29953
44227
57912
72129
87592
28613
14729
207067
67889
41899
14713
106958
76914
74682
92825
18061
60824
111238
40053
63737
50473
85912
11724
11009
45585
173407
45885
38679
57635
26738
40306
260858
78334
203246
66843
73837
26877
32503
65876
5787
67333
39967
26279
61337
40005
30222
9656
73016
8411
40102
32796
40471
46705
58692
155404
24905
29346
63086
195766
27788
50588
17297
115285
21235
61997
49177
137107
87518
27617
21452
99638
52312
90603
27064
131024
27836
127061
57925
95253
191713
75421
150601
53035
93630
12737
121973
216791
58403
80324
31833
150897
48819
37693
64226
35785
92319
115458
99118
69277
61286
16799
103117
40398
151930
38534
47050
76098
130301
33138
188268
150330
105508
90025
57474
132117
156673
49053
36671
155081
111733
17918
69855
109081
47584
28095
63161
31148
41088
40876
22445
47839
44947
27977
75743
50011
11707
12496
46336
51720
51080
43817
56832
17302
8673
49853
77537
162388
165167
111688
76019
31245
119340
51396
41658
170825
23924
56425
83896
67171
161987
1184
3941
16645
50218
84059
33007
47011
16704
54639
30776
149667
26566
35064
9986
63908
31351
41113
82903
51208
22353
25831
120855
43730
68824
30104
129717
68214
131269
124354
153296
22714
144084
23312
41515
83526
69574
99565
85707
58400
223704
83221
58892
37535
6872
245730
67723
27620
28224
12568
118142
3425
34982
50762
17469
17459
48159
55068
26565
39240
133343
102856
96426
52046
14993
45842
397797
126406
98223
9387
107468
62117
37500
122332
18230
18957
26509
10022
44290
78239
27713
165129
34531
83934
146110
9686
58651
7090
13100
18713
26767
71603
66401
75346
180415
16872
8646
152441
56124
34372
78991
15702
48361
97315
122571
67880
52147
135067
17373
79897
19065
56410
34415
27414
6161
55751
98031
58071
33426
39465
122685
61955
179669
138495
176792
185240
52531
70186
42131
38294
14587
263473
26268
85313
25669
75256
10856
60446
107991
215906
99006
40988
37710
31664
146693
34505
111019
14399
119835
107714
32353
222758
22090
87333
125311
92325
15560
72730
242196
154428
31488
148252
22784
69534
17698
43399
63345
62093
122548
85298
261661
26340
8093
29667
66374
56559
47367
23731
35823
48583
37857
5491
40096
79472
25999
161338
35536
10913
48902
108274
160406
24282
26886
270148
10518
74616
139774
30829
63651
69079
115927
68333
151434
90810
23884
36956
43881
80290
21828
103307
68061
138016
85489
55283
31074
378859
76068
48834
18042
78451
67675
76541
32916
280058
39787
109065
12884
12404
15777
377867
106496
54455
129482
30127
44871
80058
10704
130566
97980
46088
78528
35389
31648
119286
157186
154361
12348
173119
80078
19878
152841
16289
140395
48083
27183
45911
55280
201347
75357
77596
19524
75324
49472
217799
74029
125216
9717
118009
99782
113056
77389
38242
105216
22402
60336
60170
103820
268305
107228
66649
172326
46643
54479
15391
57720
97455
109709
64832
69248
57275
48397
161329
45816
39466
51341
40832
155021
22376
192985
86357
15751
13727
14263
40054
45923
33787
64591
144459
28313
74127
80839
141586
255923
12662
26525
53994
24090
168253
12296
35654
15114
66261
18936
43534
111427
33469
19013
22836
84960
17668
16920
10903
77452
113298
42142
31115
50214
31393
53779
22382
57694
25598
76228
252997
115864
72586
47237
40166
27869
53744
43538
46439
13698
45338
24424
42656
77734
26241
21886
64963
14259
59552
34019
178574
87389
59323
15750
80772
105458
33563
88366
17416
12126
182594
69590
90208
218747
33166
71560
14586
44016
68720
80514
28782
58757
31142
43343
83339
84916
326427
98473
10039
60457
63948
76866
80929
75274
35365
14250
60384
49288
15620
13670
18830
15361
27884
128593
132610
165709
188026
30879
14173
38752
54895
61709
105415
35856
269974
56227
20531
53796
39355
22957
10584
69461
293625
46613
95857
8000
18082
81696
36186
78890
16099
27539
133137
34245
119212
37653
20018
61974
81865
90982
93591
87491
42566
88972
14862
56765
538746
151868
196469
99037
178037
95629
145022
163166
200611
136623
238404
43604
50541
184389
119121
48873
216257
23603
61039
51137
70473
45241
19613
78954
275836
271471
107501
31364
15993
92975
80233
214494
7609
79839
21858
44335
25988
65970
144904
57723
29830
77675
41114
157487
95033
96421
59291
71261
90629
69467
20603
114177
8504
44564
103846
17392
51433
57209
140021
72262
40306
86886
6405
34296
93464
66910
40591
20191
87430
9999
24353
48845
20200
35893
12507
20782
75220
54514
145033
41587
139104
46418
88439
10807
91652
47073
16662
149600
49241
58791
35482
20111
77555
174559
61689
50162
35910
70276
128475
65102
98761
72493
38905
31278
79580
47858
85007
39995
11579
56942
26800
47530
164706
71893
104911
24165
101137
19400
93196
54437
72864
82830
37764
74556
49141
21729
150377
88531
204155
99068
14065
36333
41639
169832
178527
57914
89720
111989
134555
43816
57345
44881
65401
38468
52990
19331
107255
141386
10492
124456
344174
41507
25771
8267
23351
16674
46450
108709
31571
16601
48269
3904
19569
5614
17418
130215
81282
44555
50574
265005
18062
74502
99362
12409
42886
32361
55093
224796
20294
60043
43642
37054
138725
64834
12288
52637
22689
43527
78422
206719
101639
50908
17955
22635
13470
20632
45248
23940
62421
51787
13875
8803
127542
38484
8224
59086
68433
67680
36017
41820
65494
32792
22250
89399
27980
93465
73349
59167
49732
40277
17433
36285
181496
255513
5453
51438
34048
67472
45539
74595
14061
23100
22692
104353
127526
42392
29029
9326
33077
80848
66379
27587
8982
64073
56021
53303
34406
24537
47067
60925
27602
42078
129057
12160
106827
34222
48108
38462
39005
151208
210317
45180
294787
76351
83390
20941
242495
41870
59789
65523
15373
25100
40951
26620
44541
115393
107193
88121
105203
90913
40482
37989
16935
38368
188213
109284
34139
121208
53266
95032
36664
134456
56695
37076
78099
84358
74854
213938
93131
156446
35923
36976
17446
84175
68808
30260
114380
65418
22311
47516
158892
93796
126286
23329
40075
105048
171572
34522
216448
229853
43792
28827
26414
140183
54057
15694
7909
30466
24826
72448
14471
26503
64570
41027
52076
44913
81332
13538
68143
213122
259985
44687
45275
71168
98027
105309
32654
30107
188448
45223
40439
52086
87505
38024
223498
76145
18025
115384
8156
29930
53211
112704
73996
48611
57670
232337
47605
14638
10243
69382
37799
51214
68778
110131
41916
92561
57952
102437
17234
76782
52794
134421
13764
43212
227460
56326
128886
19469
75877
31637
11523
86445
60205
47902
123890
73973
20097
14290
49892
28589
81266
48941
165494
38097
87444
102876
121799
111023
164036
177005
22266
60385
90454
156919
36727
77156
81943
83748
59319
68044
12375
93621
89240
54253
100513
106395
18377
45038
16784
16461
180288
30926
151913
77218
194590
11805
75169
109270
105057
72598
12325
23261
106901
57065
54783
18133
72700
19459
61987
195025
35116
156127
95105
33470
32372
13359
74687
63057
39207
159267
149778
17124
121457
47875
174228
47165
175010
161473
25478
36594
65672
107036
5799
32687
81567
12097
70439
21520
81767
19088
21531
84641
181932
52976
12539
124853
20824
31632
29630
29953
36459
27516
36296
77657
33297
38569
124023
4072
35690
49213
22006
160720
73379
26719
44234
56364
45484
31450
128883
119517
14999
101348
24229
71445
131875
37446
145515
47701
215131
51313
110531
87857
105679
62519
86064
68326
19269
183819
33328
95079
90608
46813
28492
29060
8136
148046
61885
36597
52686
57141
12570
10030
77045
36024
85282
182304
57499
329327
18558
73216
73762
54617
45012
106611
213501
37704
78788
105434
57215
199372
76976
40434
89763
97899
38858
109762
69671
230386
40552
90453
91417
43393
202769
102638
111556
40809
320297
8412
61307
15900
73161
109041
94173
7931
130642
103954
93951
15015
379465
20811
25767
35414
29633
41594
82014
41093
34306
29433
284487
93849
50453
49187
31738
43125
120538
16791
61274
33411
48899
95695
134094
97949
96326
11624
90096
124130
64814
115042
50535
60377
146054
24594
97119
39358
96866
222630
109338
43798
66746
25323
13798
62390
15425
47055
13736
18375
51664
151806
76502
53122
49927
58789
207076
64855
33594
17355
56951
17027
81425
28278
5598
67202
27541
6715
109509
93987
30649
76675
49944
22320
29240
46408
67070
27242
70359
62298
170108
226834
170673
150103
53459
96434
34073
22863
13082
60570
21906
86107
270705
19641
53302
54372
170502
23855
93927
21110
65876
159859
131637
13108
83910
33568
37862
20613
18680
46550
191588
23164
76445
68141
50248
92686
26013
44903
37745
28748
38933
37678
59350
11868
17284
160757
53946
34750
113152
31502
89215
127407
46655
48989
121260
54908
129422
97324
44103
86239
101075
457211
40699
21935
58915
236100
23540
97059
75549
43326
129821
43184
36306
85804
76987
75341
52838
88738
26243
92862
17393
53100
30211
13988
108802
64378
63810
27045
24077
17553
50430
81143
8975
73274
22090
41926
40783
79580
146773
144002
79600
45247
151271
60444
116388
105824
47633
9138
34779
55301
117577
49239
90013
120087
34481
23684
74229
63846
227681
36454
48743
89073
72081
190366
29931
38620
28851
22967
21395
150932
55896
32127
53823
57893
8443
140680
178127
138572
88949
34274
161245
66322
21131
37843
89815
242709
28184
38190
46935
95422
59384
50505
185962
59885
6360
47361
19141
24522
18707
16514
160297
109791
30504
51519
90187
39192
96845
73783
20283
25486
41404
38876
38648
19108
24849
87610
77066
68069
55856
125291
89755
50459
51197
104153
27467
90456
46426
111642
6281
83174
24635
50336
39672
83480
22531
148347
29105
86542
95059
27578
48187
7925
56199
37586
10170
51131
109432
71317
40129
18562
77953
14910
21056
45850
54866
154035
36609
25303
2517
64615
86649
18011
21751
36228
60856
80658
131033
28142
51910
81456
65111
39947
52412
64766
19354
47342
34087
52580
21748
4499
44526
110935
58455
35724
21629
11966
119795
48038
46171
86177
19015
45738
34305
14535
66743
82822
15159
20644
35956
30971
32224
80253
50370
29184
207244
10573
45187
78888
143473
3754
141232
132779
65657
65838
37703
15786
65847
43117
81158
12351
72000
20930
31218
98064
176739
26186
34811
144610
95441
50073
71400
71347
271343
237080
97240
32581
43084
27611
30890
8706
68993
101364
113593
33192
91368
41600
90759
51396
61857
66226
125222
20371
106631
36115
20559
44466
54714
58527
20932
53317
65961
6085
30088
24349
20588
25444
107210
40608
47346
119310
63860
34821
7696
89147
148169
25636
138798
81649
16998
135529
175576
13509
91950
7426
111539
18087
64185
93523
52338
102212
39941
155050
17762
139685
200999
58844
82000
49051
12547
28369
31362
114626
35669
106805
52078
76370
56015
117210
69031
59452
29308
7106
147034
24891
39317
28043
7155
61700
41928
5810
23373
150437
134184
187095
37334
166502
6079
99211
95432
67527
97218
10194
58982
23217
163576
32313
197103
23891
26143
63854
33798
3482
15218
4718
142960
77735
53401
19580
85854
124991
89537
38567
95627
51056
59364
12035
75718
65687
20527
104957
59365
102229
289486
22040
36722
86915
7287
17110
10839
168877
26742
26683
32739
60039
134326
16509
190548
1773
21367
113579
31306
35883
86044
82956
45217
33470
134852
21259
155170
62196
14924
100618
16200
30813
38025
14182
107983
41892
152005
8625
43653
19924
111680
27286
34809
78612
43015
35457
70422
20673
21394
42472
15232
54694
113674
136376
69649
47470
112190
16373
62654
214701
42579
18193
44362
104344
15852
26959
46514
16844
28907
115811
37212
50957
104485
293278
32147
92295
123095
28303
165098
133176
15666
112599
102936
24636
17111
37741
27301
361507
24359
35679
22108
11237
67582
11816
79797
64345
45990
89732
116341
23506
57600
70190
116640
43524
32603
15103
86539
99520
44991
81946
41749
67959
156036
80085
81359
187262
69475
15131
4841
32230
54568
27022
130967
63497
59593
76095
29537
29262
87337
103256
272698
36722
62452
67109
17709
79439
34101
40912
83203
32438
31131
43889
85555
57315
94121
71561
43861
42848
69756
67903
171431
159473
10172
80600
109438
105745
54924
77280
130950
176378
44400
81252
46607
43033
3235
114343
94627
125379
25741
42277
42208
3181
54638
48746
31877
118438
44758
33738
41942
67491
20781
96509
88380
50092
79805
56436
114373
11523
66000
16101
36432
171710
167496
31614
32596
54543
49961
29081
93340
178455
8298
71238
8698
46481
55160
22948
56275
128551
52493
83090
135843
43638
225452
132170
58283
94805
106254
117257
71739
29539
91508
233551
6304
96898
20561
50210
16362
54902
48779
203017
139658
8196
88585
16239
51311
26298
127196
57453
33214
55827
38698
54062
130001
215050
28266
39392
9823
46851
22778
38857
51053
57145
43773
176066
43944
206555
94546
250905
95638
34303
22581
35391
21291
83078
88522
71552
15410
77957
43147
30809
26879
100433
82085
42724
27542
9381
256434
157901
95501
54906
66167
64378
17261
68188
102288
128052
24950
327774
11684
117700
15400
60665
220190
343095
38637
33411
21311
83036
61819
13364
58511
34727
160939
69319
38884
80054
99795
116991
104562
38592
381503
19058
51201
27198
47000
18211
192214
20720
8906
94562
51432
67184
140488
63919
17236
144401
33990
79195
184590
38885
49508
65567
130800
64644
16244
72308
58035
84985
365946
71266
79185
42291
11362
94229
126247
8505
96609
66587
31041
186473
57902
31333
23912
8247
85058
33620
4978
54215
29377
18527
14257
22528
79897
108926
38202
50741
84346
336641
77567
57623
108864
150855
60628
33551
25864
95895
188047
33910
34703
50709
28096
68096
112238
10923
117950
5356
51355
57251
19798
29020
64619
51194
25871
37503
46959
93620
43315
120195
256308
223032
39308
8613
61430
38246
71207
124681
236311
183032
39693
139084
112460
72484
11884
161339
21451
93813
63743
19374
23050
55092
23079
12429
21984
67702
58954
71181
173951
63190
27225
221952
68020
30805
23825
25282
38122
230580
7278
29792
86026
26225
39793
59689
37329
29607
75326
26779
45594
119293
113657
41806
24400
19146
181854
83330
78238
32337
226668
71249
47686
49931
103761
109041
23127
232195
166024
30248
32815
67407
24988
68217
49156
46446
49748
80081
5780
54500
26651
23391
27038
252858
32141
49614
18816
9717
21570
39311
53470
179319
45932
95439
154759
167134
99200
35053
22204
11917
38718
42210
263610
162943
162146
89719
18460
81472
31694
28688
169621
134210
12909
53607
128302
43277
85637
37573
26058
27427
39237
78463
75603
154086
85415
63635
116038
51191
75778
31968
92486
82484
116604
79916
56299
31917
92126
9769
20571
139767
52120
38475
24655
14343
6518
17035
17961
98554
167213
96129
58966
32785
55180
96239
228690
41912
80672
23167
114119
24150
68163
13580
15018
57344
34954
44066
45414
40356
55213
45545
204260
90245
6562
17341
117225
62040
38594
47142
30534
166247
64079
82946
20643
28385
57922
109205
151539
160477
77035
33016
50576
27490
81105
36019
9417
27597
63929
41339
117026
20561
105684
34945
25280
40609
59049
14751
53101
86828
53616
63339
75837
190881
137343
89282
22974
139769
46570
11091
26334
54073
35370
81698
74541
28514
26595
149542
35292
44569
36991
7270
87852
5239
17753
86053
18285
117259
153834
197531
62077
107773
183340
11800
56654
92016
36826
17473
95366
22879
39629
74183
70736
100864
22732
13247
25491
86602
106855
14793
52925
179123
64940
104728
93999
30007
24619
58532
31098
75085
126730
5744
19763
77372
68224
32548
201550
90163
8790
14570
107685
29924
83195
179243
134780
34286
44650
6199
30949
44923
114616
75645
83396
61077
21720
19527
160170
14559
31610
49775
248683
146320
46134
62627
42542
58494
19823
44068
7879
57645
105928
23460
37657
21485
13846
43086
74660
38238
154557
41066
70273
3329
80053
102682
145894
54490
17685
37212
33585
80102
48963
28446
53957
97161
85493
15091
174102
68032
133353
26570
28928
32467
18670
17157
258189
51371
52994
88664
33800
20650
52066
21640
90477
16824
222452
67470
89864
80635
29960
136259
18288
45814
63299
386841
17898
164610
135827
47499
58983
60613
123730
42041
257362
11157
54189
65594
53469
160436
113188
34574
12005
23164
25896
117220
28983
16071
59358
10363
42734
37872
60786
12192
33918
68016
63648
38410
72524
37523
61436
167351
107267
29647
143725
39143
58574
119948
66486
60337
59858
9849
121802
72007
89329
105213
45726
80378
29546
20169
158790
65241
35873
26563
55119
12028
128372
39629
43913
95819
37414
69154
77683
28983
26420
24806
36649
69359
45722
160634
109272
36962
176305
63107
11995
28575
23478
10651
196699
41113
88701
28052
54942
136564
32956
23744
234302
60785
139755
45113
33812
182303
80816
18189
64010
44525
21899
87309
60211
54497
18091
36470
66350
47804
50102
74110
15030
24481
67268
61414
161329
108184
49127
75725
23541
36839
48685
81308
30237
208832
126326
125438
79614
10181
55435
57099
63523
68728
71913
22760
61220
76799
47899
67094
41082
221384
4383
62586
14290
44619
57648
167738
99891
42259
83609
42436
126750
159417
27903
96886
21287
33059
171213
60881
18599
325138
14790
214669
51911
11351
62336
8891
140621
20852
45428
74388
74135
48571
84744
31519
217763
81597
87521
26375
80197
181156
126196
108146
101179
13406
107175
113943
48280
17463
52836
54621
125324
16879
32787
78826
34309
32565
204779
66848
17017
49298
4305
27461
17967
60985
63572
38992
37653
110483
167000
68798
53690
117258
28777
207106
18531
125502
43005
156645
31337
52370
14704
186502
334290
25624
30871
71471
43925
60723
79356
37199
69712
41696
26811
37160
28840
95684
40676
14697
118696
171526
6406
33276
121745
83687
53086
155266
52617
97287
302718
17112
62455
28194
20812
71056
28897
60430
55022
101568
30934
29847
130866
58300
30845
23043
108803
142501
80442
29335
70021
14283
141996
37708
16758
61734
93950
13399
16321
43220
96009
25347
99122
10727
72858
25764
160742
42090
141161
94381
28251
60327
199235
145687
110881
92504
116109
115697
121208
27785
44092
175330
178754
51170
60813
118922
88655
27644
123419
73475
46916
138498
189975
402118
56083
31170
123032
46220
75160
48013
203828
27454
41521
9831
31748
65756
48696
104436
31298
14798
61514
10186
19974
37485
48215
43077
280900
43800
37557
63645
99299
89794
196130
47837
91376
70607
81937
15573
50559
123169
52580
30984
49264
24546
45432
71545
90756
11195
67926
19552
63925
124010
125912
16439
61358
52362
30224
201374
42223
225946
142367
9515
40072
47825
19060
9515
38259
97338
32502
4876
61634
33303
30963
27363
18352
45774
11064
13277
13936
51336
168890
35296
40093
105906
93499
13663
67714
73484
132229
38345
42331
51185
155326
11458
30511
27818
48804
90950
100027
16538
49854
95618
35939
107311
17661
40302
203542
117770
19894
32774
152462
114359
93981
31455
41739
31995
40055
216332
48563
18879
266911
94109
26838
78762
16847
51510
26508
110134
68682
6582
70694
54555
37926
17166
17763
11220
73476
27744
99484
364485
87817
17779
70853
14914
29570
35653
166049
59719
171323
41895
14187
17999
36905
30121
242841
53294
19917
126069
172008
83075
114555
111064
16926
43429
140147
51939
38556
14349
92575
20542
175398
219041
3812
90974
148870
249725
15813
44917
38435
77769
90654
53943
137143
144916
48279
110490
82712
46282
106970
16919
101612
275732
19006
97836
494342
29080
63616
69072
149776
81828
69928
230158
191001
14455
46057
36288
94553
57737
211722
72557
75111
60214
105122
49612
10855
68042
41510
76875
48974
180775
18975
86860
22245
34041
172328
59936
61111
22158
104461
60439
18195
170019
76310
101403
12913
131494
139538
43230
70756
26617
73809
50166
11489
33626
97440
40077
326476
46880
30544
15915
122677
26100
76846
65392
60646
22437
153253
104021
31643
53226
58216
150678
41110
175661
79870
88349
79958
91652
13220
57754
32264
60386
59646
11283
111964
72679
23513
50271
94254
104891
107068
31495
28746
19461
53852
48659
42622
164955
109996
164749
70435
38790
16652
201364
116257
49214
67284
125400
89932
69979
57190
59087
283517
63468
28284
137318
38993
7723
35135
110983
50236
77232
42433
69098
83802
101132
16862
17579
29599
140272
81101
99582
48319
39998
145159
26447
34347
5738
143778
35654
117355
39535
64436
98347
76305
50930
53300
14727
184141
54123
39805
147032
26606
72248
78263
15047
106070
230253
42401
50527
24796
35268
136449
31464
49298
49616
24807
85772
22650
27336
20561
103804
6792
12119
95908
166818
47783
33290
21533
37171
39796
40420
48577
105416
140653
39816
35890
15749
105094
19508
52293
23783
37348
95259
17299
21562
21662
27558
80485
63581
3095
47761
97585
55526
70603
15655
78869
98499
106860
19846
23886
113365
14862
33969
105319
44978
30603
44677
27651
89908
30937
91774
77868
25301
67832
33381
188849
60676
21628
60589
58780
31969
62804
106191
3072
132845
27092
139122
50087
34594
43569
4103
29487
61321
14202
27789
9743
37887
44151
8769
32264
63485
54102
141103
44245
92965
160908
49546
181035
27955
217195
132290
42463
208167
182813
43105
44454
24286
59939
3918
10656
25017
106030
19689
11707
20451
33185
22693
217161
83634
250415
25332
29539
54403
20281
117279
28838
128579
65920
64695
32587
74634
25758
34062
82727
37354
49923
37528
83111
62178
7474
39906
69361
111509
81781
19285
60414
91952
30199
62640
42936
15402
58398
9043
36612
78519
185641
49827
19960
31944
42643
8512
80835
48685
123137
134305
43121
89282
50619
76678
105872
6874
40334
151074
9086
67374
27629
4647
61810
226655
34319
105363
110503
9963
89725
46544
170392
49433
146497
153372
15746
61468
60180
103729
152775
60547
49266
45845
176297
28141
62307
49265
56059
4809
230350
18567
53437
54353
183770
25020
23209
67264
63948
34018
68468
52010
176751
106145
68561
289162
133345
24419
45512
75257
21609
18744
59839
16064
47459
45662
79038
16891
18495
156653
85301
7180
74690
21518
103756
78519
24312
91144
110653
40668
61261
12944
27212
14659
46328
94029
79145
267910
43945
100549
48197
68534
60786
208512
46519
35791
53304
15126
41782
59370
48050
44244
98512
24483
47909
228300
88023
146168
238580
33039
34936
98787
44859
19269
126567
126264
24624
120596
48639
19357
57251
21131
38525
36380
40816
4752
32215
71435
81710
10640
70000
48169
121458
147380
80223
85007
37617
67447
103827
192927
14455
43903
19895
78575
184158
35342
49618
61890
9258
16005
20994
53605
39412
36027
85270
30633
9625
134978
461093
54329
94339
110500
90248
42232
16700
58461
170354
161318
173248
223768
66938
49693
18898
98593
194463
158935
121431
64936
36591
34886
55571
5198
56102
152230
339954
182025
61529
27795
83940
162848
221455
102438
166187
19887
9496
33844
22873
9742
3707
5681
71058
42985
43705
15595
73124
35223
211533
51497
37637
13555
20607
16045
84336
98531
71521
57983
53057
43689
102620
59430
79661
50032
17679
93654
70482
72394
23815
56097
39887
44075
112471
52649
30458
31587
101116
108220
40280
16809
30680
249625
93728
120175
143528
44607
63371
124762
45879
122279
54198
76135
17227
141292
36565
5559
68749
210929
123008
140286
273453
22327
30542
60060
204186
81583
30683
52741
42200
49356
83437
140814
183498
109926
128079
127080
48051
23452
40417
11695
38874
22728
46693
22270
116248
38084
103801
93418
43824
90596
32306
30107
28431
70365
11774
24672
133177
9186
82750
76923
110290
122364
63685
108575
60848
102604
59422
79677
24582
15641
16865
43033
69610
6536
61431
58131
45440
90453
14279
37392
114681
37235
105527
124971
232010
24807
76167
198864
16615
75257
87811
48682
14167
49328
62901
23935
35931
46929
28406
67559
48450
106229
58054
16181
56953
64074
104302
103815
117883
136798
96197
134553
43388
31957
128977
39944
21562
80773
65860
90834
29114
63250
25801
98851
26344
15433
18001
21288
27846
8646
60864
21575
13704
40719
23953
78673
14519
40080
43395
55743
26534
101436
10379
51466
80578
22720
12216
15228
97448
123437
21399
178416
58564
113780
62700
23989
126067
206577
34120
89915
38291
68000
48271
110457
100411
82814
80447
20822
47253
48220
21516
210099
17933
73158
46709
26366
68020
233392
84326
118474
63028
71176
37779
40622
72252
13605
42467
75118
53348
244174
67805
82700
119549
11395
53407
44932
51387
31263
69328
63688
23736
129307
77862
29585
71525
60860
94228
78260
96040
173004
51390
54392
8521
56102
55670
7727
135382
40951
85244
200332
141290
33389
39547
44584
122244
10453
13343
20462
8109
23862
51006
87048
393157
34038
134091
120250
28235
22278
92104
37070
53033
115164
118366
16258
123899
108704
109304
105117
51451
27573
10026
75057
141792
252310
74974
156468
137025
31152
55671
16062
28487
90986
29733
43182
122589
63020
123607
26155
50148
27934
8858
71875
37631
56713
102179
5892
17300
60178
89724
10371
129287
33938
25925
52789
97707
109394
169005
196906
107009
81075
59034
47882
26913
90091
37108
26796
84160
94436
51470
7182
95432
68179
146611
32737
129087
213679
23817
112890
160655
33709
210127
99725
21027
6567
78810
75301
54992
37869
22708
208796
22915
22348
23567
101313
258559
12337
57813
32319
95949
69910
47148
64725
58503
58899
14065
125173
28728
43273
57802
29245
90725
138659
39716
26287
45873
79549
85583
36303
26541
113155
70421
47220
26310
29840
32000
66905
64334
63562
9078
73528
38874
12518
21618
8990
31425
24934
173307
9730
19018
30698
35974
60783
150561
78686
350396
12789
53067
71372
32418
89328
7319
22684
133344
46619
27469
2113
47406
29821
44770
101899
53908
44125
13939
368132
125760
23196
33282
3432
82628
81147
58271
82881
37297
8403
32297
7184
62324
73724
84437
27771
47067
17627
6046
51677
24054
1239
94087
155541
247802
47107
37433
110017
29397
68150
58965
80789
79194
34398
138001
71480
22903
47841
46747
168322
21131
156972
6139
40778
59352
117918
57561
89183
89004
122904
6548
301520
119649
54397
152802
50863
71833
186378
54685
94080
18478
75623
50090
69447
324531
127586
128943
13674
23458
61447
74714
105218
84308
5324
41195
20485
59055
52978
17572
53478
56194
42373
158240
62300
53694
57263
39956
75719
41284
108630
23086
39735
100928
128160
73938
224468
37119
102462
173186
65477
26711
53349
29831
59149
32281
39665
40187
146559
117420
27641
76459
107646
74520
156276
47837
29354
57404
31163
42713
93186
171590
69950
81423
64416
343465
57874
41189
124216
190615
7138
45066
44263
116222
21984
27740
74323
273909
168641
81499
20645
67522
28921
49892
101538
139685
153416
47415
84369
124892
71102
36530
55994
38514
52191
11592
95656
46023
73991
40114
169348
50048
84847
38680
57449
59973
203334
26831
12407
87982
62095
73550
18777
68441
112478
72637
45363
18251
149858
86316
14619
22084
238443
15094
12047
129856
25179
8722
68061
218707
32658
96547
28212
19800
59334
17947
224827
108297
57939
40875
51836
103311
8180
65091
63982
29744
28252
38004
74589
75380
89839
38207
46696
98122
165601
43222
203343
166407
51221
76755
56632
81068
245591
224975
81350
24185
39465
70025
43310
173625
37767
45535
51742
44641
50407
145059
41053
27700
74404
119624
50200
27037
58368
11766
17361
33203
44757
77301
28576
193113
241478
131760
113718
26625
164117
63665
67795
147095
79613
24499
72367
15984
63552
164825
173370
15706
60955
87584
15187
8393
50422
119422
61081
95246
3872
248210
18576
203561
30609
34808
194570
61064
151636
212149
15851
136741
76006
30798
87729
52062
140531
11607
38943
108796
16237
50154
32573
29903
12220
66364
101531
20875
94113
138721
66441
48027
29666
97769
41978
16178
95788
21137
44392
31743
36087
86006
93523
145263
71667
42758
38130
184134
7028
116511
90003
53326
26116
16777
115175
207099
31620
12558
126569
133460
37292
22588
17843
127298
15704
95847
173079
103899
147558
101400
51507
67829
12672
89047
156847
7060
144838
37144
27163
27844
39933
22926
109544
27557
53272
146476
24308
27226
108043
62520
13617
57322
77364
40224
34223
79191
129044
114839
98350
48733
32325
77826
132871
33055
77561
103650
143652
39647
37970
38614
51685
124670
54050
101388
148740
42729
54332
59090
65592
36239
55899
36994
41294
64752
34844
86348
78623
9870
3525
55264
51444
190668
167881
140274
147015
38530
41128
86371
190199
96038
80334
51500
53966
131863
107936
91329
22157
32223
10823
27326
17036
192199
12194
53282
20575
63558
158747
55284
14613
46405
47295
54159
79824
182652
177878
46944
132181
53745
35258
3660
18845
15269
122931
224520
86872
12943
43201
121183
130771
71074
76191
43723
73759
40185
24408
122289
74105
14102
63446
94502
10072
49172
215534
198163
6882
59274
157760
2942
8026
74278
84894
176285
62401
26749
107572
101620
35508
23565
19415
304164
224799
2200
15623
161434
52571
31802
23223
74970
38333
28319
87027
101726
67311
25611
49622
124344
149016
12471
66949
286550
62630
132165
23624
135972
180184
83400
109711
118788
165635
42377
35332
45971
65275
160298
151069
101944
11490
22027
201004
17742
169639
39818
49668
36725
88802
12301
59422
217062
131411
125280
38144
34879
29624
66421
120486
28682
88670
397597
70719
7894
49437
15635
24925
25928
54086
15084
83446
17018
251463
54095
16728
54007
48867
15035
52535
272847
53562
22102
21443
33867
87729
70507
104698
66615
86505
38770
51286
34271
22014
67786
19504
96624
86851
44243
60926
71234
30697
18114
52684
57625
22720
37269
77194
218306
19531
44040
45043
43791
67610
42023
50336
205701
143057
63085
75517
142869
12045
275593
243149
157674
71014
17272
40757
11172
53337
76734
35952
19373
125828
120107
43684
88628
18682
43871
23506
126633
62686
100269
51414
137901
31670
75407
61168
65495
83704
217175
69012
27438
57001
66309
93931
33061
29553
164717
38166
230577
39498
8892
112462
37175
19228
47376
24657
24067
61490
3271
203017
40025
63473
67777
55578
75430
69184
34587
7618
28147
25688
306966
19159
51811
70037
58521
59894
110687
29658
64740
39131
84301
43992
63900
73479
237782
23249
110431
10998
13973
53335
91807
132956
45549
8900
32534
43655
55459
76580
40845
164531
39633
203683
41892
50995
47031
18485
111554
111822
49102
55709
16124
62142
129349
45345
8147
165674
20485
44131
76061
14068
63283
143249
39453
38025
56957
25769
22037
33686
74400
13128
82767
79806
81888
26578
46575
150788
11547
11803
96681
73104
34961
23412
8188
68823
128178
19142
140583
42766
142630
82333
20189
104945
33627
70738
60737
16909
48016
214241
30245
73842
229921
36305
86924
44641
23946
13709
45991
78402
104910
132448
24682
66940
60559
26388
100754
50210
30469
137331
240954
41864
15121
117220
8479
100540
50433
20885
77254
10869
66069
93844
20003
36980
32395
136579
132698
72684
61462
5078
21501
60704
105873
13560
79191
54034
43941
113505
46516
23253
97081
81560
92787
46997
172388
170527
94204
48638
62965
39779
143200
118612
17387
22706
65312
12049
47439
94429
128625
76268
83991
33437
26498
235505
90702
25912
108640
188027
69734
64439
118806
31811
1448
62054
61061
66829
6149
25721
67718
39599
11363
25979
49273
68021
68083
60652
14214
30209
54415
227881
205791
60241
47416
98995
161471
120633
32873
11981
61946
72698
46794
88386
18612
47351
182503
50611
64001
34374
8330
11693
59998
99642
137012
144608
126498
95545
59309
79273
10562
85458
51527
157387
295406
227267
10235
66160
40985
55519
70455
41014
30351
92192
191609
121819
251320
55738
180982
142371
6975
68510
13477
61710
24992
54515
15907
21696
96468
46857
37024
135012
8323
122181
96048
71460
41285
15923
29564
20264
50311
34695
145089
48826
34392
18324
30552
16849
46792
15188
173449
28077
75435
98927
25459
10644
213675
64798
85883
18264
107968
78291
25398
74285
106774
230791
77564
42536
26887
221452
63546
42100
333945
52955
81874
52957
53221
246421
50396
139814
32450
71772
28696
112266
66653
5414
57446
102667
55083
37219
12867
37352
185497
106573
156642
69657
97245
80792
113152
85775
112507
35501
33896
63842
29760
130013
122992
55350
162024
76817
30423
41287
222442
86334
84879
34001
75670
129475
35502
61564
26379
22730
39947
19533
29690
33441
30648
60295
50030
221142
76271
91634
6331
25403
37202
105440
141246
116351
24430
12809
111984
27703
60126
129883
26301
42511
101127
59344
68896
41355
18257
52399
96439
51267
28984
114316
45102
83213
85233
116197
36902
47178
52917
5762
51954
31248
82979
170322
45529
79253
93111
87590
16627
56344
23763
101542
82589
106189
65423
9510
40070
24864
36129
41931
45710
217162
92704
118820
147648
22550
86219
34308
71716
103655
88316
42292
21719
137872
86331
210712
147908
22036
36141
104480
97266
354775
80452
30830
77204
183216
8009
155098
31192
19572
49530
43715
79437
35943
225943
60807
7898
149814
82971
168854
48796
133066
92167
149530
260795
129595
160286
36906
7095
9472
157035
34698
78760
79652
5368
41943
12593
27742
73429
52948
79527
76182
74149
28093
272869
173532
40217
45266
56620
34176
126874
24036
168920
43901
34018
101769
37272
41818
49391
123999
104853
119423
87794
36119
36425
104453
114675
220421
27219
52269
186694
29583
66046
17310
24038
145696
4236
150947
16072
108218
16460
62363
75797
122694
27147
69176
132610
137607
108279
63751
34241
50111
16279
17008
75908
124824
160466
72831
38849
119671
40261
26083
61892
45569
19990
170492
19902
251198
225394
94458
27696
40551
56934
106065
23396
16190
324034
31367
12818
55290
24029
148098
40317
42615
12449
53836
69825
64687
215204
96364
27742
266732
17512
65064
41618
13592
206164
22921
140268
38224
40614
92937
190187
46429
77699
94426
188576
45975
86214
102584
55799
102818
44508
206190
67810
45505
115637
216544
92329
186699
5787
213511
18874
118631
43565
150017
34465
37089
155875
21201
12209
166959
405709
84641
131417
33789
19759
21028
64643
18673
53757
89793
15454
121054
29932
63170
14983
72698
46452
43039
182857
57833
45734
58125
48373
102289
76152
38432
21997
24306
10841
79423
173932
129241
98175
12266
118419
14973
18716
35274
34928
208609
20097
46687
146810
108917
87303
32361
71796
19078
7795
38602
22015
88487
31228
58925
85414
173867
67658
12172
17463
44276
48155
22442
123612
41870
107328
27271
17740
67683
94270
140611
40610
58043
94552
22968
49719
12171
183764
81216
45964
72216
103510
49271
35274
92051
149402
23865
154908
141374
21003
76551
297292
23585
17356
59795
38822
19111
147412
161117
36675
39334
37040
39249
48698
5381
97862
59679
35172
4902
61246
16675
51229
58573
37872
78084
71936
82562
45446
112425
233712
161162
176448
56665
32957
59076
189323
24385
57328
71179
154278
14621
64732
22770
20366
43727
412987
69300
24279
25589
56931
45408
56574
70410
34909
35688
103007
38943
66102
23055
46808
17435
47737
38001
157132
37665
85528
29598
25720
92898
72135
18272
78117
43826
31741
72085
117051
243583
64817
33828
184605
31645
63752
102471
13592
16389
49460
25789
22252
125711
57462
78815
74512
130699
35182
30254
33928
23225
50062
36381
129726
50192
60888
104135
16635
228385
40038
132217
54690
97613
106313
271686
75226
3610
35294
132195
35620
15825
239836
86004
12414
139456
36530
167314
89104
45344
99250
37199
124199
32232
57271
73105
50839
51819
178325
42417
24183
94315
87260
144201
69185
87270
17404
29026
87370
142799
30243
42271
96411
39891
25086
35493
40117
3162
25828
56701
36971
18155
39447
32886
101951
23920
37220
95560
41375
29559
54535
101797
14999
48465
11975
143001
52500
88855
103185
24194
16219
74337
75486
133556
209539
22895
120817
66109
172804
22863
15649
17941
68829
32743
51336
88489
53151
10514
20693
110035
15299
62969
31586
11181
128832
41963
248013
12585
50002
97972
78496
23310
86785
43102
36375
53551
87687
48256
175421
83194
38170
82311
55457
13982
98115
111222
15442
58500
216201
94331
46463
36316
246239
264457
38098
21004
99539
154633
189089
41999
14057
56829
22878
188514
63591
14251
197598
196117
59113
4310
41218
15966
28030
2163
7180
34447
50508
65961
214448
103061
62065
16547
4923
55436
19853
68009
50744
10683
34664
40795
239794
55883
43488
23717
78524
23291
56671
123467
34171
34433
48326
128417
15104
21889
10079
27741
27085
69841
10660
81877
94023
5048
148434
74868
28749
11211
28645
117093
30883
54909
141925
21563
100706
16808
173056
55630
37694
178226
40032
202225
91246
39555
112543
16180
83285
91931
172574
63432
31852
67540
125658
203987
187666
29643
52940
71175
117554
278199
86999
106947
10875
116528
28917
19239
185321
32264
25496
128927
98664
64038
178199
9551
28266
41324
52307
71353
19376
113445
212531
44554
33313
180787
3597
49095
99414
19854
26107
48044
35088
55221
104656
193178
54888
20859
92850
16373
34888
50968
66168
94607
61591
24687
39788
41670
123759
85605
198206
101818
139704
121428
200746
22354
68020
145535
229549
171069
109513
20955
90644
35637
103828
24294
73679
101083
43795
12311
46750
47193
26266
38042
9518
14779
16928
55506
69566
61775
192082
145116
6163
178104
206080
185545
23315
32636
117728
38033
19520
55165
143423
11705
59013
70083
26913
9188
101876
45745
73398
171097
152884
10911
63877
26596
87653
85979
40877
104947
47554
7268
13654
60312
92251
45652
87122
168846
36271
38144
26441
272473
36342
33554
50271
18719
108908
93291
44637
62866
82150
27223
28658
44035
48240
21566
240968
81878
106029
93173
40941
124499
42523
135741
93404
53240
21933
153402
97665
19542
9721
62196
246376
81061
93461
163118
59625
103003
22704
71543
116184
44932
202237
63057
10681
85055
43013
24909
162166
64905
39769
144549
6832
19698
76288
117711
55582
192801
145664
40556
4657
90496
19182
12053
70251
45793
73362
52458
86024
40932
198906
54649
134666
74295
97378
72864
25428
38017
70816
238834
49059
157668
69464
18807
30197
39066
27591
76094
101700
18306
73893
96136
148454
93799
85221
189711
17211
5741
54136
47015
67877
7694
72059
54900
53323
103608
71315
95875
14473
6035
14359
91935
85378
119558
11837
20565
32580
195777
95102
103228
25654
30451
46331
34228
53062
113679
176111
33463
55793
51948
49654
54801
83139
18187
56326
287863
144241
135685
164447
41613
110388
223483
59826
20485
2666
118255
86923
21222
16302
151653
59692
61630
39610
73882
80967
28229
84860
92223
52641
17406
7756
59503
79065
62025
310552
36108
4553
93797
109762
24223
175137
93677
61487
45195
23845
85836
69266
64285
53421
72550
13119
26833
43951
59451
7484
8492
125131
9100
26519
62691
133964
133394
307803
66177
88163
30449
105333
12779
24293
79208
81388
18109
33643
13369
21547
59215
101626
32879
111861
78107
110906
92937
20589
106406
23913
2964
39606
47518
198397
98308
42974
24951
178229
52397
174261
80097
78590
75832
52457
11010
6942
20238
71073
114356
33495
13178
7639
24913
126369
22692
72712
15360
98603
18687
83964
78337
89885
18644
11573
112598
21176
27295
135369
56290
62179
29092
297911
15893
39843
124287
174930
223481
85151
52408
92591
73736
4782
269446
50052
38439
38236
32649
42166
19201
79244
51955
87008
41899
64523
110446
113170
25889
6266
164213
84351
55993
120565
67165
93998
98362
23404
9184
66233
64621
192442
39817
9531
44452
11701
104036
63431
24992
9722
43961
10205
56699
121393
70466
29184
29817
160238
42424
142699
38532
19779
56161
145855
42030
22098
23509
21359
17675
34069
71465
14023
93333
171621
158883
7360
98382
14793
3926
30071
60671
88724
71768
10160
83039
72265
92717
10164
37866
92458
25761
126297
33045
50297
73258
29840
31959
71784
68139
100573
10427
78678
177915
88975
20419
67176
53238
152547
84114
98107
70642
59008
75678
83739
37617
195229
162335
39903
185381
276013
9503
100526
30873
83926
86965
23823
42773
126708
151368
45185
165717
146414
32915
58356
38610
135098
120528
211684
57621
52560
36165
54893
24631
74425
53271
85879
114894
5393
13312
56535
22075
28517
20205
128999
51666
53143
114294
178715
159271
62612
70140
49446
8131
68304
24711
39204
84042
25280
67493
5975
25175
9926
156801
8822
14515
21734
33715
54891
11883
106222
26929
23427
56944
35668
129710
34647
121560
11778
13260
25100
8539
108207
58490
88382
88578
34422
67527
25933
65608
24626
65904
108508
25689
37737
158456
44469
52917
129003
21883
64547
187464
21083
64007
101118
19524
6598
87738
46979
5361
7057
26316
50674
9000
129437
54929
96236
36779
18759
68342
91281
28550
126021
17153
57665
35604
80633
72737
28456
184281
56397
78831
171440
192110
23983
119707
114586
27101
23574
69412
42460
12008
17871
63185
12804
35403
20616
23532
46987
36531
58962
32206
159002
105785
176574
132400
121132
100398
101683
25113
97354
23865
77970
13580
44861
66321
111168
16900
101432
23322
15912
100261
15282
189858
61396
22769
139367
14043
25808
27992
17934
43525
36152
102053
54949
49601
82430
35754
32223
83972
26860
116816
61668
44768
43545
14792
325320
103651
35897
111941
5316
85783
24451
169545
58381
115808
46416
13052
12903
304323
37287
33421
83619
63444
49100
56269
57534
73939
28782
49264
73528
32937
148726
39288
69450
57762
42916
98638
26497
11749
68894
34283
10476
68695
32754
27739
62174
46754
12028
37398
66889
53744
90126
162064
9806
46596
49597
12222
14063
49221
13608
157965
43235
63631
3611
23144
11381
120472
64995
58746
46336
63563
11811
46187
220346
81372
34383
234615
24489
41819
17842
61459
44110
29385
79804
15589
17270
40415
8409
27448
43307
55761
21626
176144
187114
18865
67047
15952
69349
282275
48297
66787
94143
43030
10910
69509
96733
49242
65270
5206
113902
25939
150840
15854
251146
34874
67976
33363
42029
54057
50460
63158
203048
40755
143066
29394
54377
82541
59701
22833
88736
97843
22211
19409
46674
60746
34049
22543
67838
12153
15467
15208
28364
55335
19097
33279
58222
72266
79095
46815
28351
38055
15505
40722
69171
54697
50130
26326
92718
10464
101732
15101
122768
55522
8142
122690
17470
243123
35531
73968
32753
107215
14370
44058
25672
44371
39181
74732
40705
21523
155542
19914
80626
31670
33023
16169
60496
59613
4587
119996
14793
70448
22545
32307
53454
62910
8139
113486
266570
59376
118193
20713
140282
117380
188118
31703
23792
46199
90455
31499
24053
49405
35763
76256
130138
53263
85368
20523
164514
56225
43242
201917
169817
120077
92955
69220
39484
40153
51196
13759
19649
34355
143811
49472
87208
59055
81448
25051
26339
96779
77543
34200
32572
70387
217633
117321
72659
4535
207671
154133
88103
109511
125897
126582
27580
73008
25844
25826
8204
55423
208115
7422
158750
62390
48799
52089
35858
98087
8008
5968
15086
20682
326593
268752
47079
127598
85850
72432
63247
118610
86833
148806
86403
26955
38293
39555
33702
27414
199776
24119
23695
112490
47724
13015
94407
76168
23131
13403
29232
264506
43939
73272
21490
38040
66323
187637
30964
26544
33861
35323
15536
37793
49784
129001
44006
36121
23711
30798
28108
49974
23830
14355
67279
23733
67079
22777
107779
55109
11665
136463
73039
34128
19528
42317
62600
164562
36610
23505
61485
98770
103885
9872
110906
85380
86065
42809
64948
52801
41317
28230
51478
42804
24877
16005
45880
182922
11819
20243
77547
4135
86388
114664
99837
156727
58322
31847
33563
60458
63599
16719
74017
25252
62379
61835
161048
12085
45121
61856
23234
57578
34331
30376
94276
65448
125243
75912
68672
33044
151969
108013
72958
49557
43115
14923
30103
190969
190201
63017
115605
97997
30107
16769
37203
37673
9035
33078
39623
21942
30669
14386
215899
61300
47276
46002
22424
16437
29774
55818
175107
199000
55818
72174
23301
50167
157613
110249
33505
102115
43780
90222
102980
66841
107324
41820
46274
12264
49671
14498
39542
68631
49107
81383
29160
110420
142499
48641
109490
29784
153471
56005
57790
76176
69706
141556
20902
31150
30584
54220
41097
111118
82671
24690
60935
93785
58660
64081
48900
258111
248968
109212
119367
59296
74092
57140
69722
162627
29427
88004
29570
19068
101851
32019
29750
28343
53018
12568
199108
39295
16749
68215
32911
159340
37264
22314
31231
74926
19996
6523
85819
15409
11955
87237
15942
119995
131267
16919
93223
211461
22934
48107
83770
19995
33145
8623
24834
33177
49664
101287
19965
24503
45425
165992
75678
34320
37507
81660
33988
13878
50676
44948
111079
104355
82571
38572
30411
22777
37521
105093
29921
89210
153541
50972
114705
26948
32597
53659
26799
86318
36738
19557
163046
137649
33530
317562
76951
40915
151009
39442
42220
53182
55404
31786
56877
39167
33176
153274
63271
69907
72225
14498
28462
31407
15248
15489
6435
49472
148615
22001
11183
43486
78977
49259
19443
42654
11936
95399
33410
62057
29582
62586
199434
24573
52126
24730
29958
30937
41425
75702
47247
49014
33500
23802
88742
36416
58317
28880
91493
17579
51102
36963
28528
184013
29746
15220
198017
23107
35109
72289
63235
33510
92009
81151
131877
9233
235267
141216
139110
20672
133176
61691
135327
166440
46280
39793
23215
120402
51181
191557
143210
27145
18477
19646
110082
62750
76221
18595
8057
154501
71998
59008
43051
140400
57560
264261
70143
47786
19326
230665
83385
33038
85087
90304
99318
95870
35276
47276
22290
128235
67499
20313
44685
12908
25451
73455
78271
66712
16018
12737
244550
17980
113574
18569
106360
40957
51017
39447
42445
187540
96068
56920
91252
82435
42444
70284
101776
88792
73538
101476
7882
51237
21215
38316
138163
15106
27376
26082
142309
75806
53564
112038
38304
24523
161529
36608
26817
30777
103157
11330
61049
88219
21857
220365
124035
5498
27994
42647
61545
32850
190099
28030
36391
135913
41899
42827
90493
222811
92236
10306
112123
232671
41268
20055
12329
15127
15162
26267
76517
82624
109827
72388
73596
109078
51559
10426
139187
47939
13198
51128
14147
36262
97596
27838
46580
62143
15800
37616
28063
33549
33902
73533
12462
24194
22829
68314
37586
61134
37294
62822
44440
146323
219374
45749
17646
9676
152061
117537
71323
175556
47106
49067
54068
146539
217991
201415
25799
91763
18374
14884
75196
49450
37429
80093
79867
205024
12854
109210
139452
33758
79470
89405
143363
74886
25512
30620
26759
171912
56085
85157
48582
60532
20328
79950
213834
25414
23793
12710
63640
43852
134849
55559
11848
18055
112395
190765
52949
144101
36770
63608
31231
18542
46424
32032
70302
30364
13521
245579
30458
26757
34021
45466
78912
43146
67211
63297
163275
167629
51442
25297
49030
29464
47356
149383
10765
79526
15651
76463
50269
293974
54381
26885
38300
95485
48622
47299
150149
49706
137083
51217
90595
32277
36310
45647
36364
30399
108644
55581
8229
39722
157166
94555
148738
21060
64324
94029
31657
33981
149589
16061
36596
47935
21872
64302
84351
311055
52660
53307
69281
38327
29587
110057
46191
54566
160076
28396
34939
93565
61099
39200
57457
29722
14494
58057
18101
238145
42163
38601
10989
73913
27894
21500
104677
45307
16142
27075
60480
252324
36736
66437
52009
69846
76018
192017
89623
12718
15510
10949
95003
11471
22473
11418
10597
68900
171385
9406
71954
148506
44680
64516
93390
185831
25384
139951
6905
27933
22043
32487
141931
74061
43676
36104
37635
47253
177599
21788
34578
43022
182858
36064
88349
38134
120757
99110
133000
25498
22700
20668
50901
17690
3612
47230
18625
43897
138440
111045
139195
27234
203491
43768
6521
90337
112326
9690
9305
78891
61807
269537
78087
47121
70491
11946
30560
68941
45639
46268
27691
78183
117605
25069
46317
117109
73939
132504
148917
26870
75756
96222
32430
93115
82036
91453
48957
41900
18875
119181
30538
78747
13274
167851
118421
19013
46562
104665
121584
34539
4606
71730
133132
12589
62295
14742
62415
146741
177441
29130
72815
126665
90273
53238
91406
12633
22074
171191
56627
134442
122448
83877
20188
25658
16062
49758
131147
108929
67092
50489
14961
75985
73576
68566
77776
14741
123487
140282
29349
13085
244101
41997
158478
159756
46464
14761
8185
47266
73202
79107
97317
112954
53751
65290
18515
271755
138988
109005
32083
178122
65715
84084
28603
98007
44075
9083
38735
5787
13310
210345
95518
147461
3138
17173
37062
64046
5565
164785
117115
120795
37039
136292
59558
69223
222649
84156
41535
105864
42413
35160
179871
23454
57979
43269
129088
114866
6906
185530
61347
19821
136515
24584
59164
131404
50967
42663
62869
82263
90121
68425
191267
46505
24921
91431
23663
96570
11148
69808
110987
66032
86708
86573
36492
43069
11735
52402
38633
37141
55811
100591
157641
83355
12671
41576
120437
176699
90071
14542
31340
166623
47667
68621
59323
155393
82912
45983
113463
96337
15681
63421
50795
8061
13688
117124
30892
63270
21857
255751
172014
207139
56645
18520
128200
9895
75333
14087
108036
50551
27591
151349
180737
31366
23310
14304
31478
45866
114457
93076
40345
65653
18764
47839
123499
62832
36201
74197
40585
12186
85110
183217
60202
6717
45738
80052
53966
36285
99469
59480
41156
34329
32467
250447
63826
183257
61240
60805
200455
42909
178526
111939
151853
30851
147027
16705
153736
1020
37409
50582
62139
84250
60604
24101
137125
44340
111783
79113
151729
55201
73050
177173
222375
164229
101828
14534
8787
106159
53088
40681
17975
156271
37310
56294
25354
92562
43564
144233
68946
9284
27744
49897
51368
111688
134907
26813
120889
20141
21291
15335
25796
66898
59329
11132
68018
11616
48162
217696
57428
34649
71244
150517
41333
40554
85093
31014
99286
64101
53157
32491
35780
31095
24213
79125
96681
10852
119272
43371
40218
16604
167810
57653
58981
70653
68113
121726
82280
362059
211039
5746
48653
51909
15445
198509
55304
62021
38989
18798
24453
117512
31561
129998
25336
46021
5537
142747
37885
34220
38413
96192
124084
81507
14791
14720
98352
11325
64195
22672
20969
172710
64341
79861
72403
106021
54056
30077
24055
149437
85247
133478
191122
13981
42572
77766
90321
197670
385017
43878
10636
171496
60743
88022
25779
9985
56945
37789
54364
67414
14781
111277
64816
62755
51387
87227
24724
218837
74377
170836
15301
23342
46767
110762
211238
184015
58297
172475
91872
264351
65198
79758
75390
45921
64655
122077
43490
106825
50191
43134
53228
21973
74307
90218
46562
50350
79552
22977
73193
91934
61776
167767
140043
104728
53116
10099
26504
61852
145922
101511
22263
23020
23285
73630
45706
155101
17238
73534
51336
80124
68216
42820
11075
80168
104658
47916
64482
38908
69821
109882
25620
140363
27513
11765
37972
191111
28705
12914
10604
164824
215681
65931
44695
63303
144333
63201
100225
34817
63268
26193
157119
94117
146516
46139
174491
26245
60317
47172
43849
28518
7977
52745
98452
23035
22553
68320
188587
54277
82241
60461
28823
10936
29359
70354
12826
63082
38951
246574
22135
97822
144396
287356
119717
116722
82614
24324
117358
76934
120885
29724
24596
207518
88133
47712
15851
53857
143078
59277
38891
45648
7028
98639
56506
29299
46713
45845
8243
66999
160883
6957
80913
30274
80619
16688
34677
30996
20662
15907
42784
81541
164149
25434
51391
14205
306630
174745
76103
43025
16781
129419
62388
46598
76952
337298
66331
58737
177211
49928
46436
19427
90178
11990
33211
21369
19653
127373
70691
44630
111294
16196
43369
27583
143271
70726
18125
40406
30356
45612
102998
85663
214215
18596
14401
112244
56848
45994
61111
49377
22660
57190
54051
32538
409622
56626
14124
33466
44042
80921
53952
42305
166612
27480
109872
33232
57164
169050
170105
55422
70798
62079
22396
62753
111944
47763
70976
13745
27590
82510
256303
241243
303576
37562
81942
19822
43389
82007
55088
35855
66836
34463
30514
43746
77662
45681
159456
27672
179369
34511
241621
5901
81917
68305
36548
26637
166003
2330
130863
136831
113343
27175
60145
103845
23158
8112
26830
110012
157046
17322
74017
28046
66614
45821
17051
174186
96640
87100
73262
48165
6316
50965
99365
58259
250543
74264
20087
59127
116826
55734
98342
24354
80183
116176
48046
54444
8627
33785
61237
38759
25312
132960
26020
29128
116749
2147
84197
69552
177518
32195
16356
77551
181993
43320
35742
179157
16441
19607
21759
54751
189150
38502
64708
127636
108376
6433
23193
67463
97974
43960
19736
48652
18215
53013
79609
79629
35119
52051
44694
19814
178314
23016
217781
108374
131086
32704
47941
66801
46012
161007
22277
66540
36738
40873
53961
119628
292841
38045
81863
15736
199675
62780
147061
74710
37232
44505
56994
202075
5536
26083
53421
60565
38263
196504
105878
63482
29830
37285
17452
142268
36648
14676
38101
63825
90402
31261
24505
24006
62626
105437
28090
94132
26720
246780
85566
48643
91521
111543
105547
117296
35379
27560
30468
50691
138042
60602
266482
65435
16217
58018
33460
15724
24857
41477
99608
39578
12580
40055
36066
72701
73030
90225
175603
144083
58227
57393
43366
67971
128686
286249
178903
97318
273392
14919
73644
99587
95969
168536
76068
46205
53343
75302
124793
69282
182986
119811
44527
26758
23996
11484
28532
48332
35138
83811
89824
180166
11507
44181
78532
387741
21825
86706
82269
9858
112719
40391
67501
26662
45334
45025
23536
50830
78612
150707
49157
190582
75807
92427
31701
36420
113981
5695
43797
62899
72566
77515
51557
11297
28741
52535
75620
60390
12205
36007
11719
47862
89016
115053
15215
135680
40024
104730
37208
49877
24664
19741
68156
49478
10333
21614
82734
67209
45338
54667
32574
35934
59348
43863
58455
26897
43275
8552
97605
84580
129002
120426
25920
31406
18775
117371
9898
20749
17102
152846
72902
89614
107132
70240
85822
4104
46279
195876
43514
20549
110971
10510
18724
102445
85706
28325
71547
71390
27956
29949
16094
47787
34164
35197
30486
31695
38980
67600
42962
68805
8476
59821
7353
45131
33207
48690
5989
36994
52427
19275
11461
161677
50890
154064
53255
35981
94450
34586
124930
26071
92361
36240
123588
52890
34127
14845
45097
57213
36335
56706
101242
73886
69918
27226
83078
42655
103658
224690
39928
37416
151732
108550
19635
105460
53548
111604
76389
58345
191112
10982
264205
156328
71844
187876
48086
204877
74776
44080
206983
60925
96317
21786
43138
128524
11619
201421
24016
24053
47551
24821
148202
135174
9097
40905
26650
8798
138506
149610
27023
28849
272221
54535
212495
79714
38019
73283
200712
18755
28901
33635
46881
115732
26064
429259
53391
42849
26213
191714
137760
13880
33360
30649
25110
62020
22399
50743
92863
63413
129168
35273
37549
13509
85841
24766
23482
17758
114604
19155
135496
42247
19469
196892
109208
150676
32783
80384
30658
70381
85737
85855
10442
10014
75132
129524
21592
15366
29548
42293
39196
263667
296630
51502
23995
15288
14436
66207
33579
228645
21281
67047
29084
115524
27117
80068
133841
16030
29371
32398
179822
151283
30968
55816
22796
93989
67138
19604
59566
110375
31180
12534
44769
79910
58891
38913
12772
12998
44302
123704
88387
56426
63396
16037
96260
64568
142565
59992
63045
100305
99149
57085
457259
28579
22189
31809
98743
64001
86153
17305
129226
104608
276606
19934
18318
46818
59444
53943
84679
57426
86235
13683
149037
117767
38081
218250
35122
27103
31847
9678
248933
32197
16628
23920
101032
9905
71505
36393
11937
9028
114224
112256
106926
204095
62114
62600
213646
312188
41198
24218
49283
36911
36550
101806
16997
48870
47067
109434
51446
20312
159438
51714
58172
15904
66463
147563
80658
40582
28317
12564
160878
78186
36948
34623
58799
19967
12944
213611
66026
31700
157249
123374
41742
135093
321172
52116
73638
42970
31923
25442
146029
9139
43243
20509
135572
37964
45544
51683
34026
56470
179879
11459
33397
106351
98849
32849
8571
84600
86903
18513
119399
180039
35581
42680
41738
62110
67855
14259
183620
65470
40076
69675
31127
64428
191374
196623
245423
42645
17908
28283
50147
33400
49701
14906
61146
83124
98613
42196
55697
10691
12356
125214
120095
28243
140538
102387
60385
86622
26437
34591
39850
92250
50569
95147
95487
26548
30869
58567
60716
27569
42230
77624
25345
60451
112846
380752
113861
114510
77813
40389
68985
188771
30445
24669
34577
130172
149530
41980
40930
230221
63709
92086
25170
6862
38441
105205
40267
27800
54402
94153
26304
24253
168146
130517
140481
61732
31982
46897
42427
82758
36471
31234
27042
32924
39860
184863
30948
17432
13583
223633
91551
86065
277704
60594
83243
60804
33774
66698
115884
4054
37189
4668
136133
139455
27606
72738
75408
17216
27808
71771
35610
40818
13284
187984
60626
39857
27983
61064
49709
36288
92019
105181
55135
20353
77595
96299
28667
3948
29471
32818
15359
4760
18201
68791
36151
26381
86088
309152
77137
99064
71629
27556
105975
36851
16522
112107
10594
26743
65673
27106
122519
35186
23278
124895
48888
29797
90704
130558
20895
71134
118372
62168
53307
64409
52129
61120
79264
180752
160886
45179
85335
29443
139773
35633
36690
79328
197632
19298
10510
70663
150289
10549
8278
180118
43928
57539
235363
149799
23948
11303
46658
19776
26991
122890
62658
201645
143287
71168
123545
105780
96920
65638
288263
20058
11816
167152
78063
100879
34405
96676
34120
98379
67060
68015
129778
92459
19607
18409
47964
107276
70290
10117
185549
76325
19469
33129
53022
75844
60548
22592
21643
84549
36117
142530
125904
56891
82392
62519
40757
19531
145369
348662
5884
57444
124316
11621
25511
24153
37627
122330
13766
13586
271755
26192
21103
12753
49609
206642
12495
136557
133938
91611
57386
268292
98610
54989
12624
63567
70048
83563
58344
77858
12922
56667
31287
79948
40367
43157
75123
26308
223770
37742
53621
72824
117255
113351
26287
104046
28857
47585
127726
23709
15785
10834
106393
40550
148971
84159
35465
49236
78966
13418
91460
166119
39359
77524
46890
44531
44894
5674
34248
42264
93739
11936
114165
48668
54228
95837
12290
28416
125171
93830
141820
211376
30902
56341
26185
50041
18587
89440
37183
36894
50779
7990
27555
29053
220620
60935
20672
54038
36678
4203
97226
47929
87748
39798
47822
42136
57221
68737
50188
23910
75820
42615
74551
17694
26072
71562
114890
28541
83882
6321
57664
87679
123033
32124
51576
41940
94049
203702
11214
22914
74829
18998
13027
127717
61489
21031
39825
24310
31764
70595
32092
55240
3701
173083
65764
112554
62008
167989
38892
33622
192938
116933
14113
78396
178280
50255
32208
18587
27302
76751
41272
121638
126424
42998
129771
118748
40901
156425
102497
69182
255013
58141
111027
11211
29769
186582
50094
141137
9609
63566
7775
102800
175323
25407
32222
62977
92634
73558
34942
47651
34882
294054
26841
47755
87089
108987
84964
229415
12649
23008
143042
20150
37582
6717
50088
60689
78370
24515
129160
68459
49138
12057
139256
29581
64120
122278
34325
167545
30914
26814
17793
15430
49161
137656
144820
64374
42036
153193
17815
82015
117113
106072
55579
74323
54738
37373
200462
75872
54859
62396
41647
57154
188102
18218
7618
34884
81457
12101
21751
44226
14787
38442
11173
68420
155491
86699
20786
62232
25210
21949
127207
69425
31635
66974
30896
33056
48811
8520
34006
20434
15540
124847
62511
8644
97613
95593
190542
55430
242479
15430
10997
5439
43442
156683
94216
173207
151217
55503
11902
145081
156572
66535
49467
15198
75130
85637
32231
12380
17933
49328
65680
14633
15441
53900
199981
68586
18284
65122
35869
13852
252171
41787
18701
13999
23327
51957
111486
57214
65191
131914
121162
163979
59970
29738
19413
24407
46188
174018
196656
64069
36535
27063
51478
68173
50184
77967
134184
66986
100220
259592
65203
143097
29975
98577
24704
105571
87155
81504
127686
37324
63570
70527
45142
40291
97044
105808
101984
11134
28064
15066
45574
30537
101733
115677
45957
53939
59389
74789
59673
34287
70472
33666
79656
24897
56848
41188
21511
3216
44890
47910
79769
140353
39322
46963
101177
39352
45051
21978
96926
45071
43227
142378
83241
79260
8619
38591
44574
90943
35294
467860
18824
83757
123762
133992
73540
84908
55913
93096
55268
41254
98357
41446
121357
52322
30707
19156
76558
48053
31508
10387
17143
184427
43524
22659
128184
27010
324903
23566
93061
83553
290902
37333
53153