41971
1217
37039
44332
7762
73217
37875
28938
6503
33423
34459
22871
35121
73175
92563
56081
13269
9906
40717
38105
89618
7946
23225
44226
11137
10795
26487
35691
1982
37116
4641
19170
79174
73788
1383
43101
40170
13864
20738
8486
29841
68199
40248
118841
80278
8766
35246
35376
84000
8734
51029
60192
6195
20364
30022
78202
2661
6330
7499
4844
58287
19551
28236
7983
32026
58842
23267
30985
42508
41814
1719
101191
29072
98335
5707
166595
59432
16778
23383
3840
65272
2608
33850
20833
65241
2464
6566
33304
71375
66874
10021
109686
14403
5577
4039
42883
78675
16276
6736
23540
21719
3090
13400
62731
119577
11065
11990
1875
35729
762
7674
32364
38193
13898
1916
112794
64940
122753
1680
81261
24109
4763
829
124202
119125
988
46822
14241
66538
33827
28396
16081
26058
32230
25082
3293
10674
100041
33442
48663
84664
6968
47355
11146
15244
1474
41864
31390
7981
51534
23792
15518
7134
1892
43817
17841
12255
64649
26182
20397
18687
45840
14622
24038
21953
84242
63675
32722
6319
20994
67612
128443
34763
76561
53525
32181
69650
6707
1134
29351
38064
3468
25522
57152
25455
11483
38459
77788
13655
7982
27572
605
39888
22943
64343
14202
12788
220152
23835
48549
37246
54764
12721
29586
6516
26992
1556
5599
17682
9636
1813
8169
29906
9927
37148
18337
312
23233
5660
4225
26636
29858
24320
9027
753
2712
46888
29879
61626
18707
36544
43901
1495
18304
15422
51060
37138
5656
62287
34295
30130
22413
12083
7509
47632
11907
13752
17544
66724
35576
21779
1259
22349
25198
6094
23455
1668
103425
17650
37755
35903
26619
14334
2602
6762
2150
9482
48414
64196
6932
73624
13494
48514
22235
8045
28517
112171
44241
19913
27828
87234
83309
9562
8714
7556
30179
5692
69773
10085
42002
91341
13428
9158
17429
2872
42193
12070
20964
46005
101206
12368
1672
43331
24886
21324
45025
13336
40009
48122
21013
89735
5350
3679
27383
49223
24638
51026
31284
15894
34106
7364
47605
2351
2543
23833
19302
24972
612
83250
16208
76564
9683
19915
83657
36272
65838
4630
23852
2589
1163
6629
27219
36439
50940
20434
36696
24816
105714
23451
2442
46965
58075
70643
14575
34368
6982
45180
13540
104727
5592
7548
11772
63527
47055
6510
67682
7338
50119
93956
10899
36415
37918
32643
17489
20430
11085
8099
59740
23839
8543
7615
130160
46638
13305
12395
5056
95141
49580
26861
11800
1009
38277
927
78440
12695
161637
73559
55660
60541
37605
22392
67843
72133
23139
3513
22407
41242
27379
16764
62363
954
159470
15415
17432
5935
5236
75102
57053
34298
15117
5433
32948
7389
155973
16017
29212
8500
11965
19704
6474
12688
152180
69864
72683
503
50223
58040
25243
9834
76526
6723
11243
24270
4349
3195
18535
17324
26903
18601
26524
1846
2847
18791
21679
18060
118623
93058
9089
39688
20288
9073
11639
90167
6431
30484
1172
23165
60659
2504
80093
13741
896
8015
16604
8343
2540
22520
71554
16799
119990
23453
13714
29296
50470
60362
100460
13638
23396
7033
11560
1474
34138
24042
16627
3732
97181
56208
128524
37555
36164
21703
7582
74253
66134
22063
18260
37512
54405
9276
18387
26230
10000
1659
6310
49171
5073
29067
2704
15814
8232
23048
41331
2597
19647
21026
71896
70925
25011
17975
23569
4180
29289
117493
10109
32204
11838
10599
14053
19853
21651
4973
4258
6275
41538
11600
6876
64852
116046
11112
78202
21597
29073
93515
17580
43490
32566
1444
65621
45288
11705
7627
33639
29132
45342
13113
4397
79506
35456
9048
15073
34278
61031
24816
1986
52643
10074
78816
15017
86360
16633
7794
47317
24879
757
90758
3534
90623
16596
79867
9497
27015
155577
14736
15244
22222
112374
2442
23161
38175
22535
4758
2811
13656
20643
16223
17809
13020
34116
37452
21163
47512
45692
10652
23026
32974
7550
30090
15828
39127
39832
75892
37294
11991
27474
43011
22342
15223
8656
29830
60718
73752
69298
36489
21316
110270
21368
3536
13092
38638
34541
15310
60538
17276
5975
95312
39391
19133
56615
5995
47132
8574
56089
69538
36076
12854
20795
40414
18869
4889
46420
5501
40502
11639
44568
65715
654
69518
38063
7318
40094
79527
16958
6537
26445
433
8928
3742
12693
5337
3352
58349
5175
26664
45427
9925
2740
4037
3660
24975
16432
40264
59686
117934
4827
22640
46489
40697
1489
75580
91465
71165
8552
62404
31983
1701
37645
9469
7072
46161
15747
42920
29917
197352
15066
53774
51729
23929
66807
11226
25622
1710
6754
35249
17152
3521
229103
9062
75646
11901
19279
6476
1282
42944
6562
11447
19509
53152
50453
12521
7736
18244
15332
19443
3193
10002
10477
34570
54785
54809
1358
40663
113658
83206
17282
6004
18677
100707
31213
10858
65903
29519
18375
71159
7754
83905
13593
12632
14435
26114
15390
44636
80028
92105
57262
26400
19661
48900
63128
23519
41238
518
44609
4152
36062
29814
131638
4592
53252
30334
74687
62414
68150
100682
6441
12995
63759
42438
47398
36325
39609
10836
58626
3035
742
8607
2615
5798
222
2102
12604
32930
98315
13214
3307
1379
3274
15024
28984
49401
43451
76728
57452
6320
21224
1229
2922
9234
26544
18401
32250
20033
71550
50679
33536
39406
9862
31985
25392
23674
95835
1626
67146
29304
87697
6528
66708
33382
1768
11418
9665
43077
27792
11515
9419
12120
6024
1520
7226
11107
12326
86800
6650
29486
46079
9781
41700
4922
94007
57535
21810
19013
11624
19215
24381
58159
54587
29445
62676
45037
82756
41328
38961
35384
116033
53675
53216
98125
8094
26662
102759
10024
33221
8459
26745
42227
29881
10535
36563
114656
6490
2545
27224
11870
14132
15701
4359
41422
33886
45653
18647
29081
7136
42111
144806
48375
35660
3437
13384
46546
16273
67459
87348
56550
11434
30896
80742
45738
9215
27318
73269
11882
26634
6789
32540
3486
9605
504
80085
71542
9091
62696
14019
50264
13084
16516
3194
15327
11911
18263
890
84192
16629
3429
69897
85572
3661
28549
43698
20080
74617
9714
66921
18264
17343
6439
29221
97591
5093
1527
16478
41880
15402
15823
32917
34890
84461
107518
30418
12174
183506
31674
786
7061
7168
5036
49163
1680
48129
40837
16109
21872
97735
21347
54298
27992
56407
8464
12408
6556
38527
12826
101115
57520
42021
25818
48284
13490
7090
2287
38760
12499
9628
16481
1578
307
64768
92420
118492
3101
50685
25123
8022
20946
9591
570
31776
67980
16947
1065
19540
3891
14073
21040
81061
8704
7186
36974
28478
3082
728
35087
31025
6227
93450
32773
24615
20756
2353
23249
14335
7913
5140
9505
28086
8127
9058
11059
32409
3061
26428
56335
19796
14604
72570
102777
32476
83132
31443
13393
35303
11601
56065
12875
3313
4116
104957
18553
7236
61603
25050
5968
12730
37359
4051
34202
7013
1431
10154
46745
36025
25456
14522
31346
48172
89380
10380
9824
7285
10526
4299
711
32841
9376
58361
46850
4626
41670
5704
14547
36916
43925
18167
51986
19839
4754
16130
35684
4810
40008
115002
1178
37750
73635
35978
29698
110262
45345
30325
6022
23349
9397
37529
97523
30476
17410
17178
21649
36193
4791
93246
10565
3232
48610
72360
3037
8306
8905
22718
12729
65726
20857
52825
42277
3049
78206
7999
80827
20399
10808
57972
87808
50312
19648
38638
6024
21364
33755
16235
5426
32122
6877
30349
32068
4908
8329
33015
820
4871
62781
7091
119479
7065
4053
81339
8489
58664
40148
3610
5088
5742
6197
14827
16230
7655
5359
71750
17539
9689
6585
187074
26957
15546
41327
31137
25491
35073
7923
14084
99882
20249
71440
180968
28938
22708
1415
11487
2637
26118
4118
29362
158719
6683
23701
76440
1832
1693
14154
20943
40197
16197
28378
14487
9123
13563
14962
2595
12618
57834
161610
34145
6832
5318
10030
17993
11841
3034
10415
3024
88426
19281
7814
68523
36991
50318
11411
30858
56423
18048
122749
42171
11296
24478
2883
17884
88998
50637
70004
60906
11433
6648
9911
22648
19215
35569
23731
10879
10887
181545
5362
96853
25737
17205
25891
797
46253
71035
11811
30380
362
1084
9018
40694
14249
62760
52035
37028
3723
66866
32624
6860
17946
20902
2211
23505
14444
5823
60619
5690
1751
14259
15757
62062
26346
115172
73014
48555
8246
44037
77039
17143
3394
38795
6854
1300
29145
44420
8014
9983
20730
7536
3668
3505
12968
31567
28288
1964
35912
20249
5854
40142
12689
31299
83312
81899
33049
24942
54723
29124
8959
16849
5838
29645
2472
63620
16530
127205
8738
9903
8200
43872
10562
52816
42204
3827
35055
8665
10381
7443
42740
5778
5493
24998
24599
34377
900
72732
6065
62076
5722
73062
10852
5286
65870
22265
126565
26818
7336
3121
10570
170295
18948
23003
64570
10092
22407
10439
7748
1382
40009
49375
6957
4434
20302
137150
26442
27662
1976
8095
11194
20795
7174
30069
148809
55328
37023
4201
18920
50703
76462
2689
12898
6445
77474
461
69625
20800
57773
1354
27892
40484
3048
4504
29683
35658
55969
29045
15574
7706
797
19681
12189
16153
20521
109469
81344
12903
41142
7853
43887
21865
3167
13311
20603
14391
35752
31855
1707
7729
7389
14050
5439
38527
21094
49242
24262
117339
24093
12254
8184
6216
56449
22964
5806
4130
22580
20544
37500
11478
3472
70634
20269
16820
19136
3556
14939
11644
2932
34670
103461
6767
21948
17864
17437
19744
140309
58032
146682
11264
67016
28856
13137
6073
77833
1557
38468
43212
8977
12447
56153
79714
16359
48234
2598
35645
69709
59013
50255
2121
30375
75272
17253
3678
21212
21750
2534
44528
388
13573
45636
57714
4952
51145
55611
8331
3922
29573
46145
9689
18186
53234
99807
32298
132511
934
17775
90886
83917
19627
28771
91541
14405
119906
5969
3813
1713
35021
2630
17395
3867
100041
16899
4447
3023
69324
133472
44844
19746
17343
60810
17453
49881
44926
102172
59121
62556
48982
43294
17227
5477
41980
13901
1679
3186
10760
22050
18175
12458
499
14090
28010
11787
120765
8800
1422
96465
65371
16695
20741
30798
5286
4915
22652
131552
35081
68335
30305
7133
3360
23029
15550
11951
13048
1255
13289
93222
4140
13763
14584
25110
3110
17775
201580
132131
111426
13304
25674
4747
85246
98386
28663
15279
13422
62008
26944
43182
516
17035
12223
41587
47905
78197
80604
15679
55298
101626
22436
4923
58921
24029
18088
31369
120378
99721
8123
104152
10731
90888
18618
46314
9895
4876
118189
6844
59933
26914
6537
7319
40844
26367
157535
25815
19397
23440
168378
4309
40207
16638
21593
16389
5601
26283
1060
54075
4767
55758
5334
17055
9507
5199
17725
137014
131471
10207
36921
105010
43254
534
19762
29450
11102
23555
13066
9407
12501
15036
7496
3490
938
4157
38798
3048
127145
26106
19030
45790
187278
8990
1259
2168
32450
50216
4212
11260
69963
27500
3173
50684
17168
20857
41437
25159
9775
22650
59826
1518
14622
34033
31158
48104
4198
65872
15181
18648
106116
17100
32513
22484
49048
64139
14889
4369
16087
26382
2694
21167
10932
3302
13353
118895
13681
49874
42439
16506
10021
62769
23893
20002
21384
19808
11182
6098
3875
10864
5887
11521
39740
15734
29352
9370
30041
2625
31247
3763
32838
28408
25133
4824
32762
109676
15749
24378
41955
6296
4637
27835
35995
42498
42228
89749
20054
6018
1161
41936
9833
35545
1888
109541
7684
43701
112359
106021
72738
143065
4791
32407
24034
19446
18602
2196
11197
2305
8254
68292
107804
27192
31724
71065
22131
45790
25573
29258
44155
110735
33321
82106
25943
11579
15900
52132
7915
1928
3526
19257
4549
1836
2747
106073
10113
6359
26306
68546
5641
25328
9262
21662
2826
104140
11713
81037
5498
41249
9182
103525
27429
104874
10169
53725
3734
173834
31143
17317
19334
1240
27305
97493
12130
76084
33515
6233
34189
2688
38516
7415
48817
12355
87255
5610
4839
9876
90072
89903
4262
4037
10158
28175
38361
88722
7093
23076
26560
30626
20153
46483
16617
14027
51118
37529
47456
10931
20118
37562
13128
143878
19962
14524
35512
132104
18765
50226
5022
142530
77667
48262
12464
17405
162242
10084
7276
2211
6747
10589
9169
99049
56807
5948
18646
34951
5813
15990
97014
245312
30292
112454
12963
7851
12323
22476
53697
66994
19019
6778
1801
25083
14097
45286
58730
49695
35391
41163
3221
59584
110244
11804
121282
100388
22779
52257
156508
62155
12701
37390
4920
5198
28763
7609
25615
79852
77056
89913
2167
58673
4931
271
15978
59276
7909
26151
75343
55577
28913
56270
18355
28509
11632
11522
10818
4403
72799
34656
2991
22136
91062
33969
6775
21743
10941
737
87595
53259
59713
93912
22970
24170
76731
28943
84079
13120
30487
65263
58227
7283
19698
15245
21280
6177
2155
52100
2339
5965
3392
13481
1687
28583
5378
58197
18026
29683
33725
7446
41927
35781
39503
31764
16878
22942
5416
13425
9627
1478
113205
15086
1737
66979
1976
21374
11009
35379
22921
1108
38248
42320
39428
38869
1294
25431
70318
6579
38015
2927
9212
1898
48299
27371
11748
7539
12218
12340
1082
666
19050
147948
24146
10022
32918
55820
25802
4704
79248
17719
7595
68573
37536
97425
30275
1905
4013
3521
28058
18621
35867
36950
1440
4728
20590
135025
4845
8133
202218
2617
34423
19117
33428
5633
5433
23590
67809
50920
6808
49947
136968
1227
28460
22908
56633
91556
25953
1306
3512
19949
23157
6455
15679
52069
56657
35042
48558
23046
8626
34577
107857
5562
151559
7066
6943
12457
18739
46244
7352
8010
3610
103107
20918
102098
4829
52965
14298
5230
6181
9290
51799
61081
51869
90105
10234
90575
56962
16524
121401
8669
22840
51204
7250
38552
57942
1084
65875
13113
104014
38056
1076
29543
20381
14570
12735
30564
56190
10195
5565
62446
592
4254
25015
4800
26082
73588
39553
2471
49422
40853
25426
3312
1564
21952
56046
15628
66594
14466
13487
4542
11010
46024
112015
9277
131075
7122
136308
39280
33184
7499
53917
20681
42508
198959
73429
29288
7970
2972
77015
9960
14497
2618
47417
96085
21330
20219
15180
67337
27651
3483
7177
9650
48450
137703
44773
2569
3641
35617
4672
27240
16537
49280
31820
22507
8927
24770
7784
101250
10965
20840
26297
41645
14620
18754
1153
14300
15065
6327
64478
4220
52119
3075
7116
64696
26242
27496
35098
11862
17243
15568
10284
6432
8377
13727
3953
8116
23457
20426
7146
14314
8601
11582
5677
7927
2475
1453
72360
69891
1167
75741
14130
17489
53591
16531
12520
35933
17975
19353
9346
56244
12950
43809
29658
39605
31233
18021
3225
37371
37009
38322
4835
16908
7203
3945
9941
2337
32887
31899
415
30871
117231
18563
61869
60546
4940
3406
38436
68281
4274
12627
101922
138655
52871
1421
35978
42530
4413
28960
105549
35828
67578
5536
13118
10070
30778
4659
24214
17334
4621
78761
13152
34556
3970
20401
19355
4213
19255
16877
18159
11897
12892
5182
1755
5498
11972
4592
56941
2494
13885
61448
95181
39881
621
22103
110114
42851
9077
29225
107754
10913
38903
1981
24903
64292
10443
43788
36196
4131
73424
18831
55025
59726
19827
84881
82330
35986
17828
51295
36365
56768
31879
2779
48795
65165
15617
13457
6638
12653
1657
5044
51066
19028
18106
15639
28094
24539
208
18740
13848
42466
15408
15969
15841
84950
2668
11746
21557
60766
31070
32306
25977
28620
8112
53502
44410
875
20872
11479
46334
18789
54253
30309
12819
23177
2183
23881
40995
6048
26968
93737
63820
57750
64616
7308
92977
17963
18463
13696
34867
1876
27249
87680
14668
36414
150557
347
17465
31831
1605
6701
22041
34860
44315
115646
106016
44927
26155
71117
13841
25501
56889
645
11082
8664
4551
12794
32985
5629
31825
72083
50540
2586
4120
15469
10653
18551
11296
2343
52993
66974
8291
6062
29939
6097
73772
19591
13786
33445
26268
118533
12865
10457
9592
12429
15791
13262
51229
17776
11368
22641
22613
92928
11367
8726
52652
5633
31690
22275
75479
8988
2547
18892
44128
10825
7894
29835
3510
28569
30678
33213
3639
47891
14635
31077
20813
59179
1267
6349
5000
13131
40091
12423
6559
23379
64479
5431
8605
11542
46400
9528
56698
7698
14600
52320
7428
28834
27977
6588
4729
30460
917
10775
78535
13271
6236
111363
3351
15871
114040
13814
33087
1127
25907
82977
39097
612
2585
82637
15033
21069
46517
2905
7649
20279
8515
1451
14645
26743
34490
10291
13965
11850
14533
12720
21447
89190
588
18093
33082
33388
24688
1918
15861
19845
9127
8789
11810
5108
50261
217906
4691
10805
15205
1402
167885
8348
15204
52656
4651
16624
38767
6144
13308
16884
1478
31215
1862
48577
5740
54667
12471
6804
2680
4662
48783
4030
53261
21683
72923
28236
13654
16705
34140
9574
50509
4094
94272
161954
7400
18195
16658
7464
53038
45234
6332
14235
93690
7600
17659
25790
46154
53397
66514
6281
31512
20526
10982
7570
32175
18843
13433
15536
3003
29937
40595
1320
45043
65398
30287
44773
20674
40965
47708
5681
6303
56252
135151
15140
20673
35308
47845
17588
89529
35832
12920
14374
17030
47748
33514
31042
19312
68361
35591
8747
120739
169485
45314
15195
13451
73534
1558
24744
3752
5700
109658
28097
9325
29373
22879
127819
6207
20269
60908
36766
58818
74370
7828
27627
4218
14740
7690
5395
13308
22153
564
45313
50169
149863
31271
14132
26928
59170
106930
119255
5346
27374
60916
11114
9213
27357
7663
1103
56190
10836
16843
19137
43270
25763
1604
14063
7669
3491
32084
15888
5478
24352
6479
63323
2090
61377
16544
9608
23283
2142
715
42392
35522
73044
36926
1082
5762
14674
42908
38057
11110
32748
54218
20755
23160
111500
83748
161301
60929
46750
10447
83765
37302
16101
7486
24129
22026
75960
2208
34359
110251
52027
2249
30176
9757
55028
65972
9140
19364
182964
5350
25901
1317
71331
6510
24259
47235
20035
39325
30649
1977
8293
39859
4006
8952
65278
26315
6053
35561
53516
77889
44255
28007
8933
26398
1433
37910
21443
32078
22501
31483
24945
7206
18572
40464
30464
13544
49707
7195
29461
24417
2097
41777
14497
9599
38788
67912
35249
20701
24545
7615
29792
50620
45401
22499
19176
3298
28930
14220
12836
56974
219935
17806
56497
3117
20999
78337
78294
14323
7321
38769
53898
18059
30344
626
32860
53539
4164
7797
4435
34759
12392
119994
74126
13171
7014
7462
1634
43752
44744
51642
57703
33693
4757
12338
113862
11454
33321
45664
89875
46422
59222
19745
27744
30471
10477
1873
11207
2127
18893
1908
96581
1137
27742
46870
6696
51867
6985
1374
89535
30384
6960
2383
68305
71332
97602
57651
39541
48479
1634
99413
7380
25987
10904
33270
39563
37911
178899
29667
32489
8042
29014
80407
34201
51038
33981
158095
17152
6386
27437
20573
56697
114695
44435
2759
7126
16269
9086
5675
58284
20936
24798
1524
18813
11607
53871
8809
584
5563
26830
15905
107375
10938
15081
27525
22305
22180
53091
14746
35899
3795
76885
49648
10854
4308
8996
91951
82540
3455
59864
119755
9641
6316
134187
24820
8452
1780
23625
504
15772
22385
69303
23291
41473
83853
23101
4477
25535
40739
29716
60075
40369
37938
58799
14017
2124
16352
60157
67423
38938
24748
18918
30039
78363
43218
790
5281
1944
6752
9849
35778
5530
56150
12185
71687
22053
60199
8448
1576
40816
41401
27822
20977
2970
99336
22823
22478
78569
21482
54277
2887
25205
7903
7161
9022
60177
20679
11116
38738
111571
3962
39279
1147
109577
7837
37848
59885
26956
90876
5861
39928
838
664
5901
9713
15258
5474
12099
55920
19622
9469
19109
2875
72977
41684
64118
43472
4103
55644
128200
19798
68528
4407
2653
8710
6326
23829
41192
6029
70805
18187
28156
48987
47434
7098
12666
17283
2269
23263
15653
22065
20540
19584
145231
7892
110497
25106
35138
4930
14330
31647
7153
62425
8079
8354
40005
12183
18757
7843
45859
16326
26022
24542
7872
20274
10723
32086
77406
17698
28460
2036
26117
41401
34240
28245
1183
66518
143537
28094
19657
25913
33869
34713
8027
28836
2659
29251
21886
94154
28084
2279
53723
15798
44329
3632
70830
8946
33571
73742
77038
10659
62430
46513
16172
5784
30593
58730
35614
77530
6088
20201
59122
34143
30485
34340
29593
22441
42109
74380
31787
5659
5511
55234
51655
29883
25873
27228
20128
17856
37250
25010
13046
7802
59080
45888
42876
35716
4201
18340
6100
55269
9734
38706
41323
59813
8105
8101
9385
13041
1799
66211
69457
95888
1694
5007
16063
7907
20069
35996
16302
20116
5640
71561
5949
19286
89427
87667
38209
21631
1105
8060
7989
36849
5493
4540
27432
20388
27029
6348
70558
3329
35752
44375
6539
2140
14767
61371
19048
22484
9064
5232
4129
31413
1566
67260
55889
35495
66008
27171
8300
11286
9017
19197
66586
12254
10700
26141
54583
28655
39987
11854
39221
81762
6022
4038
16055
6245
56616
89770
19964
24195
50042
10759
510
20161
25715
15890
84492
36769
79200
27160
7216
38497
84727
38670
11921
48596
50148
167642
38452
78675
11541
35389
21148
56628
55370
95564
39266
6067
30849
42397
12780
7074
59852
3441
64412
13507
3252
30941
28844
5306
70945
55430
30179
15777
20443
110164
7497
91180
22364
27156
57647
13403
2189
21064
2123
66816
5406
105097
36598
20194
8332
6884
13305
18943
4093
7366
102551
6756
65538
29719
76139
67860
115001
27170
123057
55121
55734
4252
9140
135857
5436
14394
5462
100531
14013
69207
33744
2771
6351
48986
10847
22110
42084
47237
18922
14377
154505
370
2579
3847
86034
123845
6943
40281
48435
21061
19918
51052
46637
24945
94906
13878
60841
44075
41831
7269
25312
77831
63237
52238
14585
35441
65109
38651
39756
31014
13868
40731
24892
45357
16583
108383
39114
44954
7350
9264
43145
40181
97588
19328
47845
130937
13369
9358
52916
740
120328
12483
49312
27701
45490
9513
63938
33768
17693
11715
17239
72618
23345
7875
20710
22430
10466
20989
6641
54318
32565
42114
8883
297968
34548
2291
115493
90131
53284
59953
21299
92892
48741
62861
180976
3223
17978
42335
5864
6108
31236
18797
38924
5856
3771
40513
84897
16126
7554
40154
10746
3576
12006
14365
4152
15234
42202
27323
18895
10464
36570
31729
5239
4352
63376
12148
26379
98657
123257
27895
72694
26420
42781
47972
58087
19917
3109
829
21842
18606
12237
124050
1504
22319
12603
47331
3007
10899
13728
7531
34441
7446
23526
45830
51975
42634
61007
3610
5310
102414
51382
6147
39652
19409
9678
53887
14415
101841
12393
15858
25252
52556
18260
55235
83603
106916
11717
13543
919
12884
9310
112636
45984
11164
63830
4844
25358
18257
8789
75055
57620
110728
8188
38912
12424
6084
4199
38032
40715
37985
71090
13465
40141
36255
62337
51568
64619
40968
21050
7519
11761
611
27001
32882
19440
11487
82631
12846
36885
59800
3347
45920
11249
28221
40346
3546
15300
5962
11195
5418
20758
4245
868
13918
13771
14971
20566
2124
3152
2917
42474
48110
19536
52171
54489
11189
32309
19295
1976
30917
40925
10969
8272
1287
39417
81033
16847
14947
30922
15104
35920
35592
8147
54475
38263
9176
3847
1021
1132
1186
8312
46198
7688
2528
3502
23593
766
6600
215828
16952
49609
44023
50480
16120
45868
1695
17860
8856
4289
11649
5505
17733
21846
4323
14001
2919
75346
5498
32522
6483
25511
17977
26076
40839
22337
14343
101812
2555
37377
31603
29200
3098
23596
18294
51211
66779
16906
9230
19817
28150
33756
3139
35980
55396
42198
48110
10213
68486
49186
24537
16761
61813
14807
57486
26063
19419
3508
73549
14318
57584
4347
11457
20321
19137
10081
41745
12349
19642
6383
3419
4523
53674
52582
1315
70027
11148
6161
141036
25918
13686
16954
15617
37907
6263
4377
7673
46407
10433
56302
30567
3324
2106
43683
32223
39869
12363
31962
13940
1698
13525
80412
3438
48091
22038
1633
23402
56710
564
10114
3059
17568
28359
40821
33324
117089
10242
25222
11725
38487
13520
82916
71757
52850
6753
768
38796
41948
6640
33946
134436
31175
4284
22972
3099
1796
33941
17090
22584
8358
1851
24195
70696
37784
3047
30830
5375
49534
65871
18092
1359
84666
8401
34554
44450
14643
9477
28371
19141
9460
7070
14585
6665
1957
43598
7517
75304
6883
47231
13467
38315
24196
17577
26322
30579
16440
2576
5779
104360
35110
31341
27455
77101
30864
41144
4890
49426
56753
4183
61950
78890
9442
15883
5623
34756
8767
41280
1056
59218
4939
70333
67686
58681
28974
11761
24365
2342
56602
39845
2050
39617
105064
6331
47255
213
33497
869
30163
5069
8730
96827
18900
32573
34811
11059
47068
15884
3493
751
6680
16161
23176
25998
29677
27674
11904
32259
46533
970
11051
30112
4571
15265
60619
45802
31792
59405
43845
8858
6648
63913
51503
1725
31874
7698
179359
26557
14432
48436
13499
124553
55360
25996
36241
72942
33911
24547
35357
10108
1708
58206
18911
15629
31935
38252
30327
81587
14965
6464
23759
43922
41477
33004
5118
47807
4260
45669
38499
10189
19595
12074
31493
27080
24753
10000
23195
18435
15966
28277
55015
1186
53831
11882
16068
144176
17068
10284
12662
13528
14906
39489
61364
644
36431
43993
36163
65676
57104
3596
151097
58117
4618
41105
56160
12466
16937
42564
37566
10722
14713
38665
16131
14144
146810
36714
28256
71404
27392
10935
25024
13506
41168
30503
222749
110058
46306
10243
17122
42986
12561
4823
12310
12174
15924
23189
40079
12569
2651
19024
27440
1941
46115
24654
23748
42041
14759
27876
8246
29790
10947
132613
21495
21179
200578
57066
24552
75599
34433
54742
5164
46925
18882
88816
19360
15269
36633
74075
1774
69216
61446
2992
12516
2594
47668
2934
2661
38910
30849
12471
25981
39154
28266
8131
27809
7267
41273
5766
71788
17866
7413
69783
40112
43228
34152
77724
2396
116025
15105
22126
14687
12427
10815
12057
11345
12642
27398
4593
10706
26844
17875
4891
15587
59039
24092
32182
2321
41074
36894
7502
20371
10457
13003
66542
38825
16080
48546
50340
76399
3467
9716
37549
60747
645
33497
32662
18724
20350
45103
11493
59392
28161
14994
3349
25057
22010
946
28133
70859
73655
18406
43545
18394
9339
26648
2992
6977
19262
10657
66276
1585
11082
16471
25711
5191
20291
3859
16278
15764
22744
43364
7513
18396
23118
19818
23492
50431
41016
4575
15012
17440
7801
35017
16119
424
36795
23920
56297
44202
18570
10453
44336
5113
14532
13418
50769
41211
20871
21485
7343
6275
11284
29201
16732
223043
2160
198804
4837
3764
3829
42673
65056
26820
137357
22090
55420
3211
18195
7070
10951
37566
28177
14726
63870
20363
854
2514
74347
30004
28685
180662
91062
20699
7735
25511
26523
65135
31587
10175
28285
76957
7047
26161
2316
4036
44248
31248
45280
22916
4627
4958
94792
3410
59048
51803
126319
67016
20066
14606
102844
63830
39530
13982
3127
93855
20223
1603
44738
30004
30552
17939
43521
23333
38229
49894
21683
39298
588
8960
93372
2443
27045
25278
17615
55307
31063
17476
41261
39608
28882
10305
4920
993
65520
57404
22775
20765
28359
10203
3788
16299
2306
4672
38641
1992
14268
74428
9917
21281
27903
91692
3291
104795
125419
27837
78631
33357
20665
23508
7972
56733
68275
60465
1588
11788
22238
5322
8379
34082
42508
19015
18496
57056
2643
71622
36002
1372
29243
5984
3906
26217
22013
58149
26324
2072
7969
218699
67949
71406
124247
51515
22707
663
660
2287
5530
7556
5250
9485
43876
114952
11235
676
46571
56907
31513
35694
61282
29288
14248
47464
32235
69831
80080
39575
120988
35464
5155
67237
97439
15866
7779
68740
25658
7532
20434
34320
68792
28062
16730
82813
57996
12849
4471
58080
29924
54018
17663
57275
21795
1371
6316
1743
5263
7004
11050
8687
7239
137841
27917
50071
11775
9165
4714
261
5852
4442
524
5510
45693
4779
52689
3634
12278
40835
14175
16600
35954
4628
34272
21247
35812
5747
47188
49852
81993
9726
14265
843
48257
6635
27120
25737
3466
9445
1434
24191
13315
74146
16299
9484
12490
2400
23509
12856
57147
5871
18278
58881
39718
12920
10209
15694
11321
3123
10165
52022
49548
22705
6152
20196
80674
34760
38337
84677
8365
73293
2505
24225
21137
11667
13067
25189
8034
120304
8437
19393
67262
35344
67921
666
29371
24260
15625
47674
36503
25478
31772
34428
111017
78264
35202
49886
45959
96729
151261
15966
47169
46331
63836
42602
625
63634
19779
12525
2560
52460
5828
28929
4406
39379
8925
71542
5377
9637
7474
33611
20231
8611
61071
3008
79957
13611
4579
5111
5836
20285
4489
11451
14260
20310
9184
62822
43068
12042
14779
50214
610
34702
13201
17010
44977
78157
45694
22736
15403
15484
37272
13730
9138
6758
35095
19597
701
35019
27979
31470
78437
45738
3889
17307
6338
3729
42599
32503
35130
18409
30706
64490
49469
36585
79575
7020
9302
14362
16399
20636
20030
207599
1937
131558
5416
78117
2130
11617
179323
9737
27809
25814
14540
19904
10413
20038
3059
29377
103975
47905
46148
3343
52175
128915
116211
97933
7601
21385
19649
1219
52802
9158
105301
27807
19959
4547
5573
3343
13723
78457
4185
56887
32730
8899
14319
18606
26970
36207
153459
1388
17030
12171
24614
131887
40286
18260
79220
29562
25675
12069
13238
76593
36297
35076
4848
33073
198934
32351
2325
73628
54312
19293
35302
40272
72168
26527
58498
8705
23368
27245
13010
123399
2927
25922
2083
53071
36884
16127
4826
22948
7271
50130
37642
47606
23695
1226
31705
71848
58403
56178
53013
95338
22618
2730
137610
15304
34001
9566
56361
16083
8194
18421
42579
6881
14303
26464
46509
1149
48439
69832
98438
26378
56048
77643
185673
17841
15821
95351
12839
27507
8082
79711
39886
47406
76743
15861
58248
98041
11948
8143
22314
25146
43147
67953
14615
38828
77333
68827
13511
8584
1882
45825
55014
23785
9282
59545
10511
27018
11700
4734
23178
17848
12146
43123
9380
38995
69951
1781
1400
21131
896
13808
202065
9098
8837
34947
63517
2258
24496
19010
81917
34384
9957
38077
4438
27161
22248
17884
14598
24794
101732
2386
14605
27046
21217
14355
67338
13640
34912
16491
16899
96341
88908
67209
57443
36235
17388
36644
99393
6479
15246
22456
50362
24724
33265
78168
102764
16535
8386
4080
1723
28039
54125
37789
37831
15794
36266
26015
37094
56845
23087
30546
39423
29243
10597
18870
53688
103174
15290
52701
33713
49827
6627
9751
4741
109514
31196
1811
39197
34356
8632
10522
42280
6203
10277
42625
39411
14109
47354
39799
97434
15097
4635
15823
11418
23711
12013
38865
10730
18683
67648
934
63919
121152
64800
29162
87022
6327
41168
116111
65749
20446
52242
28441
13888
96162
111002
57164
2451
8834
23375
8509
15990
99452
35893
17500
646
20660
24599
11491
39168
37990
43872
1066
7560
12931
12604
5329
34725
60212
39165
57391
97290
974
15456
38390
8440
8252
55172
826
24121
54451
20050
15242
118691
12272
59885
6759
64445
92062
20720
5806
26874
48777
10025
13626
23875
75807
10270
11828
5810
11472
34161
49694
612
33529
21481
34536
63063
7680
64578
6551
3105
43014
4312
30370
18542
2100
54348
10884
23503
9852
21631
10250
2817
48263
50203
38604
48224
43927
30436
40706
22985
7559
8393
9925
60517
16403
5401
1696
108048
21438
11124
1083
15090
74312
2578
81031
12273
74434
12148
15685
26569
144759
15495
9037
89162
53849
6668
78942
4301
30012
55224
6964
82933
1909
7298
46618
17285
137436
16285
10115
28643
25487
11451
4919
93890
54649
22277
16334
32366
25008
73212
6281
4267
28051
7171
3564
4656
110790
77424
42099
31728
12111
28146
17631
6276
5845
72596
39297
28652
44182
2767
20453
39489
1246
28588
36819
12028
17794
9802
72375
3167
1046
17230
70810
9074
17390
3925
15657
5558
23714
10809
2632
23798
63389
40066
79767
7619
1700
8188
14153
38452
22328
4066
48467
44425
28891
8973
66448
45531
10907
17689
68143
126874
4009
55338
40266
5781
47393
35538
1582
28642
95908
8143
2421
2448
9852
16190
12873
92049
21579
32444
114956
10339
1646
94372
2269
23133
39966
25378
44290
23110
33381
34318
12284
210269
97026
33148
15131
155713
7158
4297
3399
15297
127386
4602
29432
40472
56176
9741
113095
31543
12818
7369
58275
72513
42585
43139
139765
32247
12461
1094
70656
18171
24316
1839
38130
13001
11797
27662
27252
11426
52424
67275
51651
47155
61543
5021
69341
46062
16649
30337
42200
41249
16971
109383
100094
23822
11367
5633
26596
3611
10539
8018
10266
52622
83690
65757
4823
33717
5913
42489
2068
51860
21220
5743
1918
42855
16995
52370
10644
3219
42882
11014
28067
35434
37415
4119
9815
18114
42327
3432
11310
32608
41288
54743
45844
15676
62758
46453
15999
60123
31323
41137
20197
36109
2596
21515
115056
67734
5650
69221
20521
49058
55541
17132
5816
16999
104148
23582
51950
43177
81456
25680
54726
8165
12607
8657
55156
28654
2369
54369
3686
16467
73085
14214
32370
84925
10617
6368
27313
26235
13450
14293
7943
3528
2479
27258
86296
22166
80182
29587
11200
168751
65465
57122
3473
14563
14748
14489
98815
31533
65223
55398
4244
4409
9527
2780
45999
31218
4259
2283
42715
19497
63223
63176
37939
5272
69740
5102
14280
66542
15062
4457
72400
5405
1570
12378
93745
25157
18923
13218
10868
39350
12542
36802
77340
4015
24370
57374
8205
23874
59745
10600
66941
38536
5414
25334
45264
48690
78655
141773
58297
37513
34008
2704
12717
169702
1275
106559
12430
10825
10576
2558
140136
22507
51579
27964
13691
126141
17897
12620
15801
5472
46573
30797
33180
51848
4699
127836
68250
32200
110050
12515
7005
38434
9228
3003
42127
19646
22722
10940
49946
34104
39345
768
69220
33306
101232
1852
83325
47318
37350
88211
20580
31593
20931
32040
6238
67567
5487
15651
19125
47339
59559
29799
12509
89062
18373
49385
10475
11175
39658
29126
1430
2891
9058
7722
93280
47246
2566
22505
6082
44836
21038
19918
33912
105313
31146
24671
37474
10599
11878
13838
7192
7470
1814
7889
155220
19240
14469
82125
100234
69552
54650
68320
50929
2865
11475
6690
6714
40823
17182
107765
20583
15627
32793
7700
23582
13144
29932
16944
35014
30799
2431
8523
44860
32003
10507
5273
80049
9188
13836
12464
901
6668
79589
2001
15227
18645
51190
20314
31488
11399
4740
2985
16141
10280
37406
22516
38458
11315
98647
13816
70573
65701
30577
32427
12565
17593
15932
1707
20200
45276
38511
21286
17514
19962
12830
64920
4770
15407
82246
20796
36420
33279
52004
35783
2558
20777
37378
31957
67399
6141
90129
2528
34887
49252
8439
42451
21339
6867
69929
56570
33599
4415
48218
20362
48373
34668
9358
40040
29158
32202
156594
21195
22406
95904
92570
33724
46755
4076
26421
48011
1299
8113
46212
20885
25082
8075
113629
14295
36498
18901
11856
18454
18672
107757
59895
71474
57541
49879
44572
4523
110306
30767
56892
33975
29767
73622
37614
17020
9043
2824
22576
28972
16491
16335
49159
19719
22666
29706
18783
28400
8091
109611
35866
23378
57695
29561
13836
29097
12068
48950
1644
1221
17835
4029
10114
10777
17906
35989
5691
2830
5520
78815
106572
34748
25039
12431
35163
32574
4106
97070
36315
484
131330
21297
107720
99026
46884
38964
7349
53793
80964
7824
45999
7381
4203
4294
18150
48425
31517
6178
41744
16629
73728
22004
33470
8452
41566
10811
15107
15870
44622
24832
58234
34513
65004
93138
170084
6344
9659
27845
171910
22723
3002
20993
32760
46378
28337
7666
64190
42743
81427
33133
81166
99725
80367
40221
10809
8874
3500
15756
11061
36600
21169
6398
9255
17975
2708
15113
15185
26380
54129
5064
1574
61428
42438
23093
25175
40087
43337
27515
41920
8539
9315
54439
19438
14719
16314
62431
22811
17223
18166
1497
17855
38825
104804
45044
31726
19287
6666
4761
48215
42632
1553
4983
19444
53144
60957
32850
34858
9026
1826
26827
126670
50572
14693
3364
30717
74857
7897
41848
33600
17088
8465
10728
30350
88462
5723
162310
4739
10092
13524
9389
4540
38436
10301
46701
27820
21283
27756
105117
30094
2259
3510
10415
6041
53880
22503
8229
31419
24453
9537
1172
19045
28785
8616
39477
19488
6296
21054
56740
52829
117797
18159
35108
41253
46284
62512
9130
95571
13833
18345
29277
5478
39236
39563
2432
16769
17224
32315
96380
19662
45354
62927
12831
24895
21397
10427
34387
20840
26179
57497
39590
1714
19709
2759
20235
13761
19891
26109
7765
25135
987
81730
1192
15180
23408
11542
4905
25808
6114
73101
37794
6218
2356
42081
28028
163214
36470
28950
8053
38802
3032
47567
74626
12276
45858
52393
7984
12881
1631
180649
94404
5083
27846
86680
14258
868
44137
46486
5572
40290
4336
49748
7193
17118
1363
22769
11165
16657
38501
9814
13482
43522
12136
9608
24360
112621
17099
1205
12110
4430
27640
10427
38306
77789
6927
22486
15294
91438
27945
6297
20289
36010
89426
58207
19632
63900
30034
21739
49910
3070
18356
15378
26898
113267
86757
38443
73532
41091
61295
18854
17269
46348
73851
15964
22812
4342
16477
20672
22759
93059
60836
55642
22825
58024
10497
30468
7859
1686
10207
1497
4370
4264
14701
103288
98914
42424
2130
25218
14457
15813
74075
25052
54583
79090
21936
9727
23313
34925
41402
43911
46842
2440
14437
119883
8998
38256
18010
77398
53591
48853
21969
43404
31747
28682
16311
21648
16434
1531
46258
57225
58719
11042
10983
34874
36845
25581
16263
6423
37627
27957
40475
26518
8621
11168
52545
7474
12434
8265
65406
3988
76807
18933
37596
11870
2632
112468
31049
6742
5635
38282
21146
48802
16645
5776
52587
44277
2324
19336
20193
10143
14767
20774
191723
5642
45048
9203
5116
17601
33595
44668
35937
18827
5241
79671
488
52585
1756
9104
108222
9779
3940
69623
9426
27898
22667
65358
25253
1178
31000
30950
12609
16242
84919
31606
47085
102755
62083
1110
41574
27687
52588
12878
6696
11101
18787
42484
759
4651
23814
5828
3151
11130
16577
15235
6539
7719
33367
40836
1177
24005
14617
3727
38432
3727
28103
1622
14692
179189
29679
42419
16271
48820
20045
10126
35312
22338
21648
75847
4475
21745
19663
4047
28436
12114
13302
34818
6526
38815
11850
14361
25330
22118
3420
15573
54727
42323
30579
60041
61502
52037
71519
65019
34937
32482
3884
3009
11911
32509
12890
26931
43680
70933
9762
70328
116936
77681
129522
4637
68306
71317
310410
2980
48764
5175
169721
99657
1928
4503
64450
937
44343
45026
20873
5371
6535
3514
49246
5556
14094
12087
186909
63250
10847
23152
45650
7489
65675
63702
15485
26708
10628
63820
2909
4253
18467
17201
46600
4366
38476
20635
124605
43986
619
7295
37953
3746
7491
41724
26094
20416
47131
10712
47238
22684
76721
66933
9707
6637
7112
65255
7478
6776
2416
26379
14104
2541
19787
2697
40048
41812
25312
3965
27895
6757
81677
24321
8656
30970
94076
57595
42114
17581
25131
26068
22719
8081
13377
32560
21970
62569
16093
43858
15400
57785
9100
100571
62692
3508
10897
24932
12938
8796
34728
35723
16394
44251
61354
32344
66256
4293
41675
9451
43244
27642
15743
2342
45174
1760
27678
8754
21021
73951
44385
3632
42598
54810
25929
1768
24277
47215
39101
72192
23243
56790
12578
159559
18021
6760
6376
9637
24175
1606
36540
86902
71566
28803
16346
35261
5132
19263
17911
49226
11211
11054
23925
11210
12199
32441
43553
58173
13063
14504
45235
99968
30516
18139
28707
7663
2641
7558
10844
40364
17179
6143
5433
64151
11523
2696
86073
13332
83767
14788
8373
94965
47066
41576
37761
48887
49431
29336
9814
26220
80944
69744
23695
33625
8087
27535
17328
51927
23066
1867
44182
66378
5427
87170
8734
11694
39367
4436
2026
54047
8768
13714
8218
151585
11233
83472
13706
100796
26303
84249
135992
42191
16937
25936
26422
59187
41690
31749
34807
17483
20546
134667
6744
12505
53599
20674
8008
38099
3751
27487
30036
18948
16453
22282
29104
20633
8060
52967
67803
25561
36568
59657
35950
63572
5265
3496
2108
25977
14140
2787
5999
32126
10776
10991
31480
10928
55787
51103
20460
5218
19495
41301
2566
22389
84615
3606
69593
38467
108335
72648
42631
40094
22826
29218
28751
9323
3471
14012
31867
7951
50846
44368
39755
32109
2036
25961
6091
1379
2504
19243
36820
31328
1896
38684
16865
82473
31812
11857
8239
13510
122004
120756
6948
12706
13538
15472
84376
56100
5090
10255
41728
97724
8340
25231
35712
18525
24176
10097
9894
26461
1200
39449
16689
13017
18139
7935
3245
188462
18531
24596
10671
29911
33217
15844
38708
12421
41026
2244
2417
4028
44006
1208
12964
16126
55860
44781
16745
42849
11787
7901
27639
4951
30704
51307
2461
65890
91398
7967
3672
30084
15653
17868
14760
26992
2569
25611
1461
973
18952
7242
13370
66441
35731
7013
12992
10204
23695
65905
55070
61693
44680
35719
32022
79386
30866
43303
14811
25091
16095
34705
60535
21259
18940
6250
21194
22134
10571
46707
2860
24541
58786
4716
10828
7356
20664
2657
45791
11459
24528
916
1569
15688
2053
54163
9387
21448
59878
4962
51341
6769
10599
61395
10946
18275
11482
66081
22760
10689
59552
10864
32398
1406
6184
25713
1837
47442
122445
6478
11633
11508
80375
2824
39795
8809
60372
13610
31122
13952
25364
95727
12817
33699
89318
10555
18225
17420
19990
6577
20877
8575
6051
126100
2281
6089
36008
54902
26118
5061
30229
62505
41260
5635
15368
138700
12366
5504
65428
4681
24426
15438
23857
18454
35762
8058
95300
110240
57404
137866
22409
5536
36628
21135
1591
64873
33513
15390
55776
53998
14927
71915
104972
42173
44929
23649
2366
2026
40878
70457
3826
3000
224858
21851
7870
20965
5081
66411
1179
15493
49343
27009
5495
13901
31881
2670
8370
27343
133538
146276
11545
101386
2148
26953
16944
26368
9912
45532
72603
192208
21897
13282
27388
31349
60860
19624
48803
21544
5952
42896
29611
21429
19975
58308
394
14372
34269
16305
16198
6823
1925
13973
5408
46222
9091
43851
64432
2589
55593
50989
28256
29382
974
11779
29394
10212
2904
4347
6177
7075
212655
17036
35496
36959
50969
32864
67481
28134
82611
83883
14744
13804
9864
6576
12974
58997
14991
14305
4632
1932
48515
87603
11000
10218
28168
33624
41616
62337
12397
27133
15369
7004
16802
6656
52195
18752
21819
7337
900
76614
27284
6847
4771
113116
7528
9523
6858
64642
18261
36772
60948
21541
11067
78980
2467
2781
94384
83412
17846
14641
915
47981
23244
30580
1606
4009
16277
13920
12922
87736
32095
30617
38823
11545
30137
70737
19514
13164
11177
64014
29925
40320
32284
56412
1937
4919
35889
1450
2519
89613
10697
54085
23603
40595
2867
39549
46178
24079
20007
18168
31805
4161
2955
8250
31425
50147
22923
19044
17621
44274
14117
93887
6406
59400
31275
24213
41600
31180
47371
20812
60377
57806
13950
36778
6844
107673
2813
14368
23248
27232
70326
168243
76692
44813
39442
9600
36145
48678
27987
37391
18191
13015
175576
7806
6785
24786
41043
18785
19126
1226
31637
22067
149558
30667
28844
756
8497
28632
6184
3326
5346
34186
12054
90133
44871
851
22597
75695
45235
6786
16607
11689
26302
63546
12163
19871
44658
24720
61299
5483
33996
15783
23699
15217
33274
32563
12684
17559
46908
5725
72813
31634
19245
4706
51234
16157
23569
58480
48065
8545
25478
37136
23177
29704
1943
1507
24621
81125
17267
16837
52932
34369
33309
29770
41774
8770
24161
14658
21480
17397
987
8965
5155
5951
7837
43872
65757
41372
83116
58054
29552
74098
7742
1933
41335
5483
8412
34968
69117
3291
5563
7065
22732
24832
139403
62110
8539
70042
4230
226242
9899
1502
58745
7937
4567
9263
80754
87364
47217
41285
14747
45560
86606
4260
24826
17870
131856
46797
124330
58858
32412
30798
27063
44644
19596
29114
4838
1833
20827
36969
4744
7981
14646
38007
13876
62444
12913
61162
2419
30924
13761
20359
904
69346
27624
9345
3545
37504
88022
7131
4304
67130
8374
40058
22293
53366
85617
10860
1684
4450
18584
13312
16417
32991
60015
8236
92308
38091
4596
57873
19174
9028
20969
49112
5343
9009
22715
32895
81090
19182
3983
17386
2448
8172
7583
19269
12954
49128
32186
24532
56671
14765
10576
62552
40941
17527
43111
9302
26925
34941
82599
32417
38819
21070
10181
53552
25615
14006
12920
2980
43194
27331
11789
25127
5464
106107
5121
85980
3308
29732
555
33035
17072
44529
47089
11049
33823
27862
2335
9840
44511
19047
63813
25700
50881
2227
73293
27222
65787
7105
4406
73231
21581
2810
10125
23663
10593
161511
47996
59790
36967
6791
21832
34216
33324
3268
13986
35413
26309
43626
55222
42488
33763
7405
75820
11854
12972
43865
2999
24651
55880
19773
18823
87651
2155
6176
99449
32842
1014
961
10148
4403
101914
67332
34576
62347
34543
23137
12766
12527
76181
5301
35557
10486
58848
11546
33182
50744
21136
28496
26786
31952
724
53855
70137
6048
73941
7803
2457
23961
1843
47256
24367
26321
4894
33780
43140
20590
3995
34118
19437
90196
93434
6605
2464
81535
51654
96456
39861
82648
58866
99073
115513
36696
40450
35546
75667
52246
3250
51459
58658
56243
24336
31382
39984
12815
22759
2781
15990
10025
9005
112679
3579
6519
28709
6270
34013
26268
3776
27044
5135
42537
35471
21721
17144
14311
14431
13012
30858
10212
20494
58624
26282
13922
41639
134864
6250
24226
9368
39608
35322
109182
10370
14137
6235
23174
4265
71945
60353
77757
56628
43767
7426
90777
84015
35229
30020
8418
34300
11992
3558
389
46557
5266
6301
10018
38803
11824
114256
21232
55763
5403
47928
25656
11796
14348
14417
34648
22383
44190
3803
37913
20161
3516
25292
54230
39969
39783
11746
35916
14240
38260
2574
10026
6638
14953
2893
21000
16334
49069
61543
97443
2523
30139
5133
20368
30601
29880
47877
39558
48342
4585
70705
57164
26390
3331
27171
19022
61844
33460
24492
3053
33942
14596
8980
41504
41426
17370
30097
94046
3047
36202
1753
9869
26286
52841
39800
14559
41213
44524
19728
107722
44314
44658
26795
4149
19467
37728
19233
7068
3772
5287
39428
108003
52702
53256
19946
42470
43348
46415
12046
62456
7682
69303
49586
11761
19227
57003
27723
14011
62690
52651
52661
4168
107090
30791
11290
9080
25450
15527
10652
21587
78839
12997
146244
4170
23365
24618
21730
21119
45957
24880
14736
22884
67465
14602
51218
29630
30001
91627
8481
12153
21780
15488
31690
11416
69065
39431
4689
50183
39204
18843
790
26038
47169
54628
8327
11591
14938
2031
20581
5039
107179
16579
31668
15426
11685
36548
24326
38196
12702
37174
2343
1678
63219
6677
38776
4987
24426
53306
51305
37646
18724
17475
74289
33930
6601
17689
18964
5867
36626
26374
5605
1425
15503
29218
12762
26763
8774
48666
112321
6408
2295
14695
2261
7947
66033
12976
25943
10239
7320
3919
1941
55421
75539
21633
3758
47428
22038
26251
12826
45089
52105
14589
90245
19423
25270
12279
2411
8445
62889
95858
80673
1386
32260
35275
12850
55710
40725
18206
19690
85120
25312
16844
19192
24334
27993
49406
22996
13737
73012
85525
8493
17057
7996
26589
84334
23050
1108
97420
38763
3278
35784
49671
72365
26448
21191
36258
35746
41807
43257
35599
13611
11702
95147
68686
20030
79019
47035
13699
10276
65019
23399
47069
4975
23205
12933
74695
26741
29936
12086
29493
25094
80498
8764
64807
16873
20280
3943
23076
50193
23612
5898
115780
11799
28695
11634
11330
26276
63910
13981
12159
19667
39043
9292
16778
3858
2177
23564
76893
11133
13096
6964
4157
7845
47341
30850
8862
18152
24887
138698
64397
70818
32374
2385
13586
17201
6031
26103
12673
34829
33210
4540
21214
8249
49886
8454
15029
15895
10657
100425
2814
51121
1326
64494
1038
8417
100974
2783
41148
88771
5220
9463
61251
41889
57851
110900
12292
11223
3373
15580
31471
16221
4593
37835
4596
31638
19888
8062
93777
10233
64758
4256
7796
98420
21830
15028
9236
3472
47540
50494
20584
2592
72153
35977
29904
75346
111304
93060
72833
95728
9923
26376
18828
26986
10607
78776
37300
26161
1372
15434
10895
16716
35590
28388
130022
23449
24353
70341
16432
1651
12466
2776
7420
62496
25402
21041
22041
15991
79475
2064
18577
5815
43156
15991
5612
60938
681
45272
31669
4270
17520
43108
4372
43398
1721
16763
10191
4492
4072
110308
16157
16648
6770
13563
10078
43718
50329
80761
53340
10910
9839
12253
3330
49430
76490
23696
12763
21658
38853
2073
11946
4657
70107
17630
32342
23506
13189
8646
8018
28065
39536
11477
78065
85930
33005
12835
21473
44430
3232
13007
17697
34909
18333
12457
57926
24563
20223
69339
5152
68592
64875
17506
6136
76022
147098
14157
120661
4703
15335
6729
15211
21527
16119
20960
29935
36310
68602
11707
4378
10781
9077
6300
7330
23858
2844
32936
36501
11850
33268
83047
128168
18294
30932
47331
3890
35345
17208
8309
4417
2262
6165
30645
5908
8381
32786
28864
13475
9828
37214
21547
9918
114027
68488
43491
89445
23465
2079
73783
24459
52178
130516
29947
18372
90543
16698
565
13204
11489
14994
25044
19448
9472
20713
27690
5379
7180
22129
43624
9679
136229
7854
92468
36374
29721
42871
64430
122953
14698
92580
6239
48013
56654
1946
33073
2152
14400
27838
7321
8533
42643
3947
39761
3418
31876
8349
1083
9344
28510
83806
14526
86166
41967
81832
46279
46082
12129
38949
28770
24195
91214
48628
44270
23863
27428
20748
113679
9189
22682
2455
89819
8028
42740
32285
21525
56532
21575
8176
47364
148628
29914
55275
56953
24347
36044
81815
18127
8763
18412
50086
87631
44901
143917
60120
87120
14129
33801
100719
11580
9550
84396
11903
16296
7178
68356
66976
14971
193786
27312
116747
31464
42951
25219
42351
88188
22880
139500
15260
40010
15842
26377
48839
7233
2125
34313
22776
7024
41871
5377
13771
21432
26513
42520
13641
11913
21818
55573
3431
44625
14858
26934
21479
17576
15925
32003
7168
78842
7075
11327
1877
27777
723
5597
60047
28572
34352
23510
62032
7281
45974
16724
3794
94451
8695
31808
54073
15438
17713
58655
50349
5487
34008
8767
83473
78160
9553
56803
71314
76729
36658
26998
37936
26781
7003
12729
61196
4878
22161
25219
8041
3529
34779
2156
32893
19423
22208
8072
8623
10932
6886
38625
14482
3300
15836
37923
11454
21916
111707
8447
8000
32269
8543
65578
10253
26790
42154
2152
50598
47865
13323
16937
89627
48085
2679
25254
52526
66287
33163
7317
25080
24622
22031
6379
54273
5859
8498
19030
11505
10254
19261
6799
41795
7347
6894
49424
141735
67351
581
125766
8664
28162
134560
30987
16292
4042
3993
13374
10312
42654
9884
85936
127763
13540
88613
57238
16249
29437
17951
74824
8487
1424
164513
35057
40105
5221
5213
8425
96541
3851
26491
8728
37338
30494
9127
67704
29601
7225
12751
52539
24770
1414
2355
50846
9173
45490
5164
32458
17237
35294
32542
103286
16991
80234
22887
17517
6788
1615
22319
7752
56533
37230
17206
81742
19393
796
9083
16142
38065
13375
554
6317
19143
29701
6740
96714
10744
63522
40616
126411
23266
3199
18685
138228
1344
16103
53149
58948
40178
2821
9966
30217
4382
6374
14382
16450
73337
3716
18404
5554
117921
139487
76263
1190
37726
36016
19129
36585
4870
51682
31334
24288
2470
36571
56126
8292
4195
1737
86895
19547
17983
19844
1455
1094
31981
15865
12731
12398
16781
1147
62626
42321
14268
30306
8007
105343
12946
28778
15638
9191
17659
20027
16343
4058
50946
35649
13868
44324
21098
3447
33642
36332
17220
23010
55218
16519
10441
116694
118747
43376
99282
16065
71611
468
68069
19652
45709
19684
65088
13767
26479
8604
50815
46415
6624
84221
13650
49895
467
41005
35905
24956
16679
57274
65689
10690
51809
150186
9389
19430
3579
27041
22610
96152
2431
58798
36003
23781
57957
74070
1772
11272
30743
77617
42298
50358
33146
10599
6754
13825
8486
8277
61727
28155
28852
2070
93272
8472
11808
22104
25759
37116
16103
13999
33349
6941
1905
21568
58849
149697
9149
28763
9108
45550
106535
29012
4434
23273
39014
4281
12542
54012
8203
8706
13351
38909
1119
22391
110568
16405
29674
4300
40640
24500
8108
24134
17514
52839
5655
31439
676
77003
3926
32058
1478
122028
7044
5369
1511
12197
3760
10825
49362
39688
14927
17700
43295
17017
42967
13520
29284
11897
46071
7504
54602
67677
22158
23885
9228
65550
13539
12336
44647
47404
40107
9790
11897
43037
40846
2719
8710
21430
11054
72184
10382
46095
50994
44826
2727
78860
1415
5525
41790
83598
3784
51471
17167
64840
106669
41915
7045
4902
25606
13062
10013
25491
58158
25668
17459
14257
25524
21020
1192
103037
100966
18538
63239
6117
37745
32624
50168
13973
12996
3321
1285
92296
6860
59935
8730
10182
42335
55160
56165
55840
18389
118757
4020
5834
13595
9539
14936
14077
5188
83800
14558
25206
68881
76775
16605
3359
7833
9489
11194
22089
2946
119345
33820
81632
57176
960
17863
37345
38835
30298
1302
78286
11106
1773
66954
6183
3959
45997
14365
7630
1397
58930
23377
13219
13955
23338
8553
15950
35179
33406
25998
144970
31829
5577
7988
16283
31378
6228
29678
12004
438
9301
54683
56154
30797
8781
44549
40371
5197
50337
1218
6420
43392
65004
45763
16710
479
90131
6533
87652
13409
51328
33124
7638
13574
34827
40657
39705
48325
25156
56060
12213
37324
25146
40633
3818
19398
24006
40380
70854
5876
138899
13121
12749
2309
70388
1553
9102
12717
4510
2074
12805
27056
87171
101631
12468
73521
60424
56533
14229
26966
46297
11159
128473
13992
16851
5707
32307
127954
25185
76428
29169
14403
104163
28527
10592
84490
52110
25265
55626
164261
18975
1599
64521
1856
17296
63953
27769
20626
22488
29704
16994
187974
20113
48622
2195
21469
19863
22136
86685
304072
28817
28980
32154
3113
4994
36165
34400
13647
30819
28154
44296
31756
54917
718
100673
7110
22673
44769
15830
3630
30123
50242
5997
60595
2322
67100
64428
29022
5127
40516
57143
55809
38283
19565
46134
29553
9670
13295
28354
15627
8938
53605
68761
15635
26640
103711
52104
26774
5056
9501
30999
45946
12905
107262
4454
74454
695
7765
21497
6897
4739
18285
76512
4305
17728
16311
24057
13724
18433
1558
43264
15690
47248
24771
13227
18026
20457
23726
27957
58945
1924
1257
20052
1866
1310
63866
19542
12216
17030
5130
154325
28757
16860
3615
30748
58100
13453
157941
3193
14897
5042
19078
40376
66881
23708
64900
17742
70543
14243
30868
15144
38665
5792
8866
12753
2128
12252
45796
24373
11959
31571
13698
214951
84005
10019
35474
40114
13785
4813
7249
99246
44371
1249
116856
8709
8561
57527
16918
16139
24355
2383
113034
19851
23333
14812
1609
44972
6064
28140
29225
13945
14576
14807
7128
112464
39274
54882
22132
95390
46379
11079
17123
8879
114576
1649
16222
22867
41987
81500
57683
91843
51844
56732
6689
9466
1506
94349
47258
42373
27565
7809
55758
42324
25696
66069
9757
37336
25530
6836
168829
45940
11524
60711
24353
13250
41741
37923
116397
93102
4984
15131
15670
46121
6448
26308
13766
16134
52100
1759
2426
60114
51013
8270
32697
18402
14912
36014
12776
11658
30238
7242
18758
48673
59200
12745
2570
7197
18159
23025
18231
134531
15720
143880
66415
2713
63225
38338
44920
38933
5727
18894
2638
137097
26502
34557
12113
51282
43400
78235
61012
2384
3876
6184
18374
8940
27765
40245
5715
92966
13934
34054
13799
75578
8129
41354
19332
11494
38847
24411
13783
39860
6445
100165
26522
15111
105903
34764
29994
2307
4138
20088
45144
56802
35010
23986
6037
4952
11422
45631
87215
54058
49733
14335
18302
25129
117443
3645
10678
10235
14531
27249
48164
6168
9392
30334
78447
75239
44675
1255
120889
60394
15331
55031
8456
85889
8467
33593
28516
13179
16639
21623
25588
36282
65740
79011
28029
53708
16988
14654
38812
88545
13892
10403
17434
8842
15498
56093
14176
17120
22209
16465
23956
1359
20121
41195
3404
68075
52328
16554
6617
8608
5055
22266
11011
105307
64173
19939
66755
19319
9776
8872
12812
46104
13043
19650
37820
11789
11512
23668
22652
2271
9824
53804
53041
45035
2327
49943
25099
107800
8266
29574
9972
61186
30008
567
56009
67283
51033
3685
80138
12417
23493
22731
39409
31060
3724
58207
21657
3813
22749
3677
11095
21060
815
66678
17355
40096
35254
29543
49617
3559
4059
21663
107831
31360
2225
82961
20917
6404
11644
24456
27726
30512
27620
4767
21252
2475
1849
12139
43521
6720
826
25668
3592
29183
116866
672
1568
11216
28873
61679
7854
21095
14210
18508
10266
23722
16298
25253
24389
26085
7655
32038
27835
46132
14367
19116
11657
20904
6856
71486
32861
1517
28049
9172
39009
19117
3639
60469
7420
21844
30757
7570
6461
75869
9848
26880
24020
109326
38161
3555
6004
27095
7255
53391
4982
13412
4637
30362
4742
5892
17254
26324
31003
87428
108736
108655
32552
13339
105618
7762
3222
75901
20925
38401
51399
2734
10754
16383
34202
10590
56902
20413
713
65382
5780
61198
25830
29510
43655
22421
57335
4738
62768
37267
9821
44185
37920
25942
87334
25431
3222
5022
16128
33713
812
59698
10219
9317
47193
35980
32586
5266
29981
2205
62479
9611
12870
15818
3611
13628
11193
20331
20668
6047
13209
17525
13981
20432
58300
14114
23094
41271
27546
7938
8474
40064
12885
4166
17716
4248
78512
46883
15325
55907
60646
16918
73715
58830
1814
14149
20081
34904
16031
1892
36460
27140
32277
104853
68784
21290
59754
25216
1098
94923
213007
4524
44958
47416
5565
10343
42920
927
19571
84058
1016
55402
27159
30247
22885
58480
9647
7287
37092
83041
90674
61300
40782
46807
124926
13150
2566
70024
513
97548
38086
747
28920
10262
40566
41850
55631
42851
43173
20485
2294
22876
7093
54578
110813
20577
37172
34390
5035
62905
50895
38241
100666
15620
24344
16663
126674
51189
29825
1360
4501
4359
52405
14767
14962
2130
112380
2384
13938
30205
10969
49360
112668
23060
23493
12052
13147
28190
18952
177935
27004
2585
28525
2337
22518
14054
70493
16637
45426
146527
30759
3073
2279
6423
50248
14816
8318
68977
51345
38705
12227
9113
97282
52178
17909
32973
4722
14034
60154
95072
14233
75218
4265
3127
48224
25293
50704
33811
44682
73838
14453
162492
20392
7460
2947
5160
26031
18090
20433
11246
21044
58159
55501
11475
31235
37203
7020
5315
41300
15412
33268
9007
14793
5870
23763
51515
10479
5336
11476
44617
10822
5579
5739
44625
117557
7704
17215
18723
110494
3165
73578
10199
16001
15945
29000
43065
17724
44624
77293
56001
43037
88024
54069
17508
7076
61663
62359
18252
66463
7637
20198
24161
35864
49029
35529
28856
10688
169496
2957
36255
60022
12491
18986
25034
31311
10601
32238
23932
71153
48831
6491
49711
47490
8536
9792
21939
9958
50614
16660
62500
51792
35913
3908
7642
85645
15064
17627
15179
9360
4159
4636
5356
132946
54383
34587
4015
9619
82964
16788
14052
24402
85140
37767
5099
73378
3871
35230
49165
19139
6016
40462
21767
8114
63748
17255
27097
53912
11197
10461
61057
12790
6011
10561
82187
54842
6339
3112
79697
28932
37789
46150
20209
33038
1860
60515
30740
13224
17128
14500
33796
6197
54755
20933
34891
22628
207437
5324
23000
36267
40003
8104
3231
60329
2737
11165
15699
31560
80792
25737
22640
47575
11389
4060
137720
63643
49598
53671
32419
7454
10018
4765
15255
10941
3185
14368
11396
34923
13440
20843
18075
42399
71064
41534
52376
12531
55944
102147
7866
15620
13184
75528
20552
51964
11761
14277
54932
138711
30243
20820
22148
61027
3118
5850
13106
41154
7747
15475
11722
5547
44494
5697
31549
67593
62543
2238
22543
44974
21406
42065
12700
660
111927
31483
5002
90295
44632
10420
50472
42868
83348
32252
19288
20983
2033
19922
32622
12075
6966
55368
63488
25705
58079
58915
20821
15184
5421
5614
11594
13567
8858
2446
70938
27320
30987
9466
27847
6352
63357
3715
36062
5491
16902
10789
2467
5594
10091
3061
62839
26433
74495
9779
109398
32773
47911
89430
18292
21205
42324
10700
52049
18467
12202
13316
55641
5726
11997
16565
52287
121536
48751
24330
25226
14353
21206
22395
8039
14121
28670
2118
7545
21168
17777
22602
13112
33152
54163
65157
83282
158022
304
10783
115827
28608
2764
18263
4356
36014
22319
15789
15602
26413
1828
24610
45880
3458
68093
242
2852
1494
3356
34344
7740
6374
13972
50266
37883
66072
44686
53817
14145
112344
58207
92759
46794
22622
1106
47158
24815
42072
13792
4430
2787
10758
119146
19562
12429
16193
20067
34346
47909
51607
46352
23491
68749
14687
39105
40148
8958
84216
11170
43466
18389
30818
21120
16909
34315
15381
5411
101143
24413
10777
11558
3337
30400
31496
18140
5500
16275
12553
5192
2686
22057
16491
516
6504
34012
50778
1671
16435
137674
64743
2479
2258
10425
3855
18389
15895
40550
38326
113502
81235
39429
54175
7202
28313
11876
4470
4857
4146
40455
42852
32194
47429
50668
83295
21935
52184
44104
59674
4814
30957
3644
2094
97595
29881
80952
12771
43763
79490
88498
6126
4987
49736
7809
2632
19064
24974
6251
29501
1118
49032
27795
9042
3124
6234
36055
33611
34140
83559
54518
143130
191666
81465
8407
6694
9117
23711
71220
5421
15420
19326
22828
10958
63555
45723
16124
88998
14765
66281
15242
44324
40598
3160
20682
70977
12180
33642
611
55101
51111
23850
4760
50206
432
10756
2234
29492
11310
54575
44866
15704
11712
830
23882
104428
23435
42825
11269
755
43245
14129
6775
16317
40412
51252
1595
3812
53950
13920
21682
14363
2490
15114
13210
4303
4305
61426
57458
3962
4643
41236
732
10664
6911
6306
6515
34212
9480
6775
6023
15177
10327
11361
48264
36950
31416
20593
17730
22741
7509
29108
49821
5482
55544
47648
74853
10148
13836
42851
57395
159964
4601
13822
30012
27496
23054
93412
28564
13107
49497
24828
9079
2061
5817
61024
5202
4308
17871
31008
24794
17571
94792
14058
17013
7561
71761
11715
21011
32073
8000
12907
7562
117135
26296
5044
86344
46880
40670
30652
35499
24380
5701
55445
57867
24322
38030
50964
10305
6711
31529
26534
9714
8481
31467
49704
55509
8712
9947
104470
13116
30083
2968
39810
13718
7585
66707
124540
194075
25762
100074
772
4043
49484
41483
4276
27850
30800
21753
16862
54378
1858
25920
23601
7182
1708
127096
5499
5498
15531
51076
29081
1321
35938
981
70330
17885
4596
63671
2203
4220
57800
38236
104865
12386
31261
3750
12071
90151
3832
3525
9297
19537
9173
7932
2479
21125
9443
37340
26713
29084
115881
19925
10682
62094
11639
40881
47175
68776
17096
31871
72606
33663
15337
14322
1696
29779
33768
8591
23484
27507