1958
580
1869
4934
1020
356
2068
870
244
653
414
689
528
1287
686
7498
277
7023
1450
1336
876
1688
651
2234
2352
1400
1079
2997
3630
1368
4501
1728
444
1209
708
961
3976
1337
992
612
6283
2254
3806
984
1861
426
9178
3447
2296
1445
665
3780
4288
1003
2192
354
1893
3559
3934
3318
3255
1536
2968
736
555
249
877
1829
8324
316
397
2880
6192
952
1494
1124
830
1203
1663
646
1530
347
730
1002
512
2736
1264
2041
889
3917
1376
429
7553
1028
1741
1732
640
387
656
1340
7451
2287
2584
278
2493
551
318
478
2026
2888
1275
611
3202
509
2760
934
6728
2101
697
742
2424
276
5110
3475
2515
634
5835
1089
3962
2879
2199
1268
335
2569
940
474
1043
2132
620
2445
5580
2936
4111
885
1084
281
827
4428
1825
1437
1784
1936
341
1261
1355
2724
4512
2542
1282
7137
2371
3166
1779
3024
1752
1769
1387
1435
1006
3147
1092
350
768
551
1826
966
765
2325
391
273
1332
901
636
1289
3122
515
2161
1978
2436
798
737
1522
879
2041
1417
1864
588
2839
2481
2379
1641
6295
1100
1451
1212
6135
640
1552
556
1054
1979
475
2245
2639
1217
2023
1540
4365
2048
2974
999
1811
2121
12945
1576
7455
729
672
1004
4521
2619
5023
914
673
1404
3359
1943
768
707
2387
1249
2434
1937
753
943
415
562
2373
2120
2408
1432
350
3087
812
3435
1468
970
444
1840
1421
719
551
3505
2739
969
433
492
2817
950
1584
587
11764
1817
1380
2013
3483
655
3402
2458
3084
1844
363
504
451
639
705
562
6500
2324
434
1405
1366
7471
5906
9092
1011
2513
3238
378
221
7687
1138
1362
1325
314
1177
2988
1367
914
797
352
816
616
1686
1906
3349
4330
3338
4007
1972
500
339
3017
612
2431
3857
1795
519
1846
6769
917
762
5361
357
618
988
370
1030
721
684
3547
1625
915
2847
3269
629
1107
4397
1054
1496
2523
1056
4103
3560
1766
2588
3793
1717
1880
2360
1579
417
4644
637
4544
916
520
710
799
778
746
2898
685
665
570
1425
1314
2442
563
1987
1320
325
724
1563
3563
969
2761
1400
1963
5401
2097
2670
542
3893
2209
2579
1541
1458
2281
1136
650
2009
2727
577
1987
2788
2711
2063
779
1020
403
5762
1018
4432
3242
678
1281
2226
437
5090
313
4789
3407
1477
3064
3414
937
298
4576
428
1513
2282
2915
556
1221
452
1200
792
1346
1449
858
3933
577
5567
2913
3360
554
817
396
773
3663
1497
252
2242
1744
636
1963
1888
7745
463
1316
1159
903
3866
525
3480
851
632
2866
345
2263
856
1896
1839
2242
5824
4243
623
5690
438
598
1270
516
1683
2949
3668
651
2022
2017
760
718
264
559
1641
598
267
2471
322
1755
1054
2854
1596
1834
1236
5946
531
796
1549
212
3494
1994
873
3604
3514
1062
1009
5278
5922
854
3275
691
1067
1201
1927
10710
3031
916
5232
643
2792
462
642
5923
2950
3719
9954
668
1594
3475
611
3053
2524
762
3501
381
8345
3752
1430
840
841
3290
4140
962
738
150
437
207
1186
1688
1842
804
2155
856
924
1450
235
1092
1016
974
4558
416
1411
1216
8178
681
1414
488
842
2033
694
371
3103
2846
1062
897
942
578
1080
671
2336
3262
1718
8926
871
5960
5998
2073
2110
4893
1691
4813
725
300
3139
1451
1300
529
816
2086
406
440
2558
1374
2835
733
376
1870
1930
3717
1438
2361
1225
563
312
1879
434
5652
352
1820
3733
1711
861
514
1824
3149
1765
2941
2307
275
580
9606
578
3241
3067
535
8836
2335
7287
1347
6036
2839
2608
2585
1055
717
749
2946
591
2593
3218
928
2708
645
3638
4838
392
406
1961
5633
241
630
2304
1591
1698
1815
382
5889
814
236
560
723
1005
828
8116
1634
615
917
1009
1888
1981
526
838
499
102
1678
2508
355
969
711
597
1085
733
237
304
1031
443
1473
1521
3337
5139
875
1889
5821
4009
733
1537
4083
3671
3080
2740
2243
1526
2213
432
1179
1502
630
6912
1907
748
1518
1007
3849
865
1840
1653
1785
440
904
1780
4942
4465
1490
461
1205
3860
547
930
2251
3853
5869
324
814
2968
2513
1226
1425
4423
383
2884
840
2655
2959
5795
1206
1969
761
426
2379
6518
1267
1834
1212
650
305
1122
2332
1353
2582
4499
1643
1865
4546
2661
629
751
1396
6142
1968
1365
1104
7946
1633
1302
510
1887
1048
1044
1851
1699
1250
1573
4375
1431
3544
1207
3851
1670
2799
2308
2335
1586
1337
510
3105
1225
1588
400
2793
247
2519
541
1840
347
644
1844
6440
592
1134
2830
2919
365
2138
6043
2147
2930
1811
2260
5569
536
2100
2694
2731
1241
2605
317
1373
779
1465
2570
698
5013
2190
876
3424
1666
435
712
5003
3136
508
1378
1194
3303
5897
380
2070
1478
2212
793
1170
738
1480
1711
2767
550
417
2492
2219
518
1932
402
929
2768
598
1250
992
238
2326
297
2501
4441
916
1123
676
562
1719
1916
922
783
1134
1742
1361
1753
1140
2150
654
1752
1545
909
775
1046
791
510
2424
679
2751
480
3576
564
706
2334
960
1059
952
832
2654
410
383
7240
6650
2868
3637
1075
4774
979
1506
1299
774
678
2390
2607
953
833
2906
8615
482
2395
1561
1327
1198
2476
2303
545
1369
1234
2123
494
3030
1232
2692
1031
3837
4387
586
1160
2701
1456
2690
307
1053
658
1175
4135
1049
2475
4130
449
224
2821
1453
10965
510
1065
823
959
942
990
1528
717
1601
3568
263
6448
1336
681
692
2852
893
903
2175
3672
1222
1234
1114
1274
682
686
638
3891
2325
1272
3019
2566
725
1203
1262
3828
2109
5393
1470
5861
540
428
2288
1193
2200
236
1487
2879
3147
3276
9868
1171
2540
2957
1337
1404
1144
3658
1434
17476
875
995
4568
11853
1957
3535
676
3950
1558
1579
662
1100
952
2195
836
1064
3091
1372
4486
1804
851
2748
700
487
717
707
1464
3632
2460
2149
345
451
635
2930
13388
1936
396
466
1302
369
896
1361
1161
523
170
2157
2885
1269
2349
3032
2150
712
5629
1867
1534
4004
606
824
4299
1413
259
532
1808
3380
1456
886
523
1766
645
672
2802
1516
1326
500
843
6641
442
406
758
880
1178
502
1549
455
744
1747
1037
630
1937
3681
1387
670
1321
3153
1016
361
1479
1824
2433
439
1110
1619
803
4275
1295
2414
917
293
610
2606
750
552
308
912
2219
433
506
441
2148
452
2627
633
1424
1535
1743
1347
308
3551
5868
1442
4571
2222
964
538
1607
4460
776
1678
423
1098
399
1975
583
846
1234
4782
754
2643
1053
2407
8048
603
947
1122
1548
1612
602
2705
562
3165
2454
949
2453
4159
2497
427
7421
694
1771
2728
566
4274
1306
604
2305
445
7312
3145
1907
488
3847
861
1687
2256
1988
814
1589
446
806
344
499
1533
1740
4617
652
1433
805
2389
297
2483
776
3142
808
787
1467
508
469
788
536
1993
456
1477
3163
1949
835
1911
2065
1410
3610
3399
8490
2820
1392
504
1300
2843
1015
919
522
1700
1640
531
8667
1243
239
465
1493
363
1422
2656
1672
786
209
825
1767
456
3046
2287
1209
1534
1376
903
780
5576
432
1788
2988
1260
2453
477
1433
2183
2287
7475
1453
1390
413
1765
768
1767
3713
2486
732
1013
1104
646
1461
2111
1688
736
2612
963
962
352
541
2254
799
636
3866
2436
5246
1821
3454
4064
183
1015
427
1509
1199
688
1212
1966
597
3691
1084
780
1439
3601
703
1534
6049
2348
413
494
226
2619
899
708
897
1740
416
2306
5554
587
2219
2923
2235
4823
1154
4040
4012
448
532
2179
1674
1292
1325
1279
1628
343
836
302
3494
1714
2279
1202
127
421
1959
1907
1960
820
560
2946
3230
659
558
466
1010
786
799
414
1701
2643
752
601
1788
1250
4304
4581
3009
7042
296
3563
2698
3228
1227
4201
2449
593
3216
1026
5300
2614
988
522
532
1273
193
2040
1346
824
1229
601
1564
473
1079
2449
5279
1143
858
1504
941
1169
2607
2929
1001
2063
767
836
1290
148
1568
1654
1178
2406
747
6580
1797
301
1955
1455
724
5102
4382
1721
954
1475
2220
1228
831
331
2073
1207
4671
3858
2642
486
1365
877
776
2215
937
1525
5607
2560
1618
1369
2443
4366
746
763
2094
2427
2498
1685
424
7497
473
1608
673
12503
623
1954
3493
1313
207
1729
1636
1312
602
1797
1536
1542
2739
372
3438
2667
2616
1836
1228
1887
2055
2350
3066
850
1676
710
10792
2786
487
6722
2278
1114
1270
352
352
839
2209
622
3004
981
775
344
892
2376
1620
5302
1179
1446
2179
992
588
903
5882
2292
505
1600
8800
5073
770
2183
754
2930
1006
3623
203
524
2374
357
900
2722
764
2994
705
903
2425
1176
427
3290
479
6070
3524
189
726
930
724
2137
8015
784
1717
877
3613
239
2086
1644
9894
384
834
601
806
883
1652
3890
1017
862
635
774
342
738
1589
4954
3497
2810
1469
4526
2228
321
885
4717
2999
429
2428
1237
542
1094
875
1920
1103
1150
2762
544
513
1814
1741
1594
3536
1819
313
2516
466
1108
671
1064
933
845
1777
846
2276
5695
4289
693
526
2903
1613
1136
844
260
2034
709
652
8713
410
7275
7342
1492
692
890
2500
340
3763
871
1739
1604
776
1082
1105
514
3047
826
1330
283
627
549
223
4913
2237
1182
283
432
1648
327
1558
1658
949
829
266
727
1228
1613
353
2307
517
659
1761
1635
1302
651
534
1277
692
1665
1123
696
1253
435
5047
6354
2201
3090
1349
1253
5066
3110
229
220
1745
1671
679
492
780
1497
2287
1335
978
314
855
2875
661
1872
2532
822
1020
2250
3100
4462
987
2113
1333
1978
2086
1624
600
857
3408
1728
965
1118
2145
1240
816
2117
1090
568
946
3348
834
1253
10014
307
1447
654
1266
553
187
854
4121
1191
325
766
3546
2042
4686
861
484
969
1353
3289
2140
956
4616
1178
463
940
2630
3638
4488
1756
598
613
731
869
1221
1949
883
619
406
1781
4563
993
1906
1819
419
559
528
713
823
2117
3596
3112
2402
672
574
1019
1049
820
2704
1253
1093
2142
2782
4388
1127
1290
1482
8727
614
1579
320
499
4276
643
3079
3115
568
3514
1580
1226
4199
518
2213
2146
1369
1674
465
1647
1194
417
869
1380
3209
1427
965
496
544
560
1163
4763
877
1041
3517
3209
2499
373
1971
785
4402
1671
412
1706
8680
979
2961
280
2543
352
5023
948
4170
6894
8278
1021
172
5426
524
476
3275
1623
3201
703
501
1646
2839
2593
2065
2029
1167
1375
989
550
635
486
1587
1001
1996
502
958
994
673
1981
1656
2286
1727
1254
2604
1705
889
1333
2567
2636
2563
907
521
3087
2305
290
3447
1813
2146
2017
1251
653
1204
3296
718
822
3859
2871
2733
2098
312
4257
755
1927
754
1196
1038
1064
6813
1571
412
931
1460
536
369
147
2624
6685
322
2062
1508
8456
5714
314
228
395
1110
4113
3065
2273
1686
415
2400
641
828
1624
1662
9170
766
451
850
2188
3812
5616
1250
998
1362
608
605
902
732
901
2176
2312
3188
725
3332
1728
3998
1711
1684
2365
1323
8135
1369
674
610
1031
1385
1155
383
835
1010
609
1550
639
2285
1051
2642
653
2321
2546
1732
507
1878
281
2241
4193
1363
3667
1679
5460
570
445
4026
765
458
2067
364
1168
855
2309
4847
4442
438
330
1065
730
699
2401
463
885
707
608
1022
780
842
463
981
790
292
879
2172
469
2598
1849
709
625
1314
2584
298
142
2058
1430
1875
9630
622
1828
7550
820
2895
7536
1265
6695
1397
590
6592
1277
3994
1399
752
5151
2845
502
2585
810
7728
1519
2142
3938
2884
434
1835
197
197
2318
787
3268
3610
477
1249
649
1044
531
2885
1116
3144
2645
775
234
1600
355
1021
2369
582
2766
1362
2392
1021
2157
509
4538
3132
1511
1410
6099
2094
2831
1895
628
810
4025
422
6842
423
2908
5864
1245
862
2740
1733
4630
1698
3997
1532
725
978
2548
5728
515
3054
657
347
253
1651
2087
2090
554
1167
1994
1570
3024
887
1591
659
797
438
873
557
856
519
236
6221
1018
6553
7859
5169
4062
238
1446
1257
557
676
1579
1298
668
1136
1891
490
438
2943
2530
3009
336
3493
578
1874
1893
1336
447
608
2763
682
1341
3141
5029
758
1427
818
1324
2714
407
1014
979
1783
1015
330
856
520
686
105
3134
1041
3006
1309
1733
2451
435
1702
3253
443
728
3181
617
386
174
774
2955
242
800
576
1105
762
1987
786
722
1406
547
1152
4070
4640
298
3720
3760
2900
1407
316
3958
1827
1818
742
1914
1843
4065
583
1374
1200
706
4416
2178
1428
1176
1178
274
4080
321
1066
2656
2653
913
2043
373
2236
1628
2064
1975
1026
667
1702
2373
4313
250
1372
1226
322
673
739
2186
704
1513
828
1206
2063
2752
1147
1111
1464
3637
561
1582
3122
3576
4800
452
1288
537
3352
1220
1711
3566
3290
968
6707
1477
1870
1222
620
4819
1414
300
1664
603
1690
5082
668
353
1246
365
8766
620
1173
1121
1162
1112
4063
874
1252
2783
802
563
4224
1073
2245
533
1934
658
737
1542
3624
963
534
832
2127
246
2799
1104
637
238
12547
1003
1817
1002
2701
1343
825
1916
1107
3424
3896
2577
1308
1105
270
2247
2120
1090
1956
1257
1320
890
1903
689
623
497
1486
1653
1399
5473
150
6870
2632
5817
210
666
819
555
1271
5014
4309
1691
627
316
1243
1296
1107
1669
2383
1430
363
1122
680
2623
280
2061
3719
5417
2253
2237
921
913
1679
1465
1724
7862
1733
10124
1238
4667
1880
991
428
601
421
1122
1757
4023
947
4064
2808
2519
4126
611
652
302
1628
1756
3428
448
2526
899
759
594
2297
1307
1460
682
592
831
711
1884
2064
2214
1393
2076
1130
1124
1049
4106
583
5570
1316
621
1782
3788
601
1629
1451
4105
3665
5159
3628
4432
417
1403
613
2935
1256
1064
972
6429
1080
820
5809
797
425
491
1193
2239
7635
4730
1363
746
542
409
3386
1456
3569
4825
1365
134
506
527
431
3019
910
2706
3806
1266
588
1958
876
1098
349
758
2017
519
599
5286
3037
1523
1573
1223
2395
3158
1212
1637
2575
692
452
2672
1027
823
1784
1894
653
1083
452
1307
791
497
1075
895
1822
907
10926
5974
1993
553
685
3797
1256
1213
1944
496
3705
1495
2770
488
474
2436
2399
4104
1061
836
259
3853
955
958
3456
1691
1397
840
2988
1785
1442
417
609
1335
1538
909
548
958
1272
1440
588
3304
602
632
1714
1067
708
7910
5821
801
831
572
524
1332
356
684
345
2254
518
1578
1261
566
969
2051
931
1382
1514
2449
335
1525
639
618
1715
1968
681
2280
863
1343
356
913
2853
648
3430
822
635
7058
359
1366
4263
592
579
5413
1370
425
6231
1802
10027
2678
1084
326
2953
684
639
543
518
5326
1785
5374
553
709
3822
1625
548
766
475
1065
1919
1328
919
400
4538
1033
543
1780
1022
884
858
2664
391
569
427
1634
490
737
9768
1511
743
2562
618
1992
204
1300
1429
3909
1051
3388
1162
430
3173
2551
184
4551
2566
3468
753
717
3210
857
676
819
1285
1474
1221
166
4710
2767
268
1965
783
729
1367
3192
788
1931
6359
1406
1779
1176
750
3315
2356
845
1263
546
2334
1974
2694
847
1525
944
1503
5857
4958
920
680
1227
772
4249
648
685
2948
1746
1616
5034
1361
2314
247
1387
1140
6342
1024
541
669
1613
10595
2165
408
1447
985
183
5047
563
2256
6324
567
688
252
1790
1226
1765
597
864
2056
893
219
2247
1592
4053
961
1095
577
3795
2231
3795
1123
1876
2697
1007
1401
5335
885
2868
885
531
2527
436
300
1412
908
439
508
962
2385
855
4020
645
578
2469
541
1660
591
201
479
1043
3150
946
4068
4372
5858
2190
2797
4786
2441
1736
528
4365
2984
1577
626
10600
2611
1243
1973
434
879
2327
720
737
228
1002
6349
2975
2895
5251
8627
1344
264
5797
1699
284
4909
1533
582
578
608
4792
608
1805
2796
4347
4396
1975
3830
294
848
2019
5162
1809
1162
2884
568
663
546
550
1365
1117
1766
269
219
3398
1479
2453
452
783
3038
1702
982
3716
1218
725
1171
1892
980
818
976
3096
1261
1697
455
1551
686
1118
4799
694
2310
946
1440
1268
2792
1202
539
1650
1217
2037
2796
3032
1088
1533
3071
963
1357
2299
797
1772
7534
552
2679
1241
3712
786
3214
572
5736
2585
375
664
1455
2885
876
1265
926
1720
8764
737
2318
5804
383
2578
463
1669
1447
3143
2739
2443
1273
3084
792
1019
593
690
6376
1321
7879
5361
213
1636
1202
1481
2263
402
473
589
1340
3591
791
741
439
466
2915
531
607
5824
1999
4148
2023
2279
1036
634
2591
564
9221
4254
677
2311
2034
1338
2310
452
1918
3174
464
4570
1558
499
1004
4337
797
5232
5501
1623
9543
2119
4769
3088
2256
2565
5118
809
2344
3656
289
2904
527
2138
1683
4800
759
2009
1487
4661
4767
323
682
7204
374
3938
381
3490
288
2607
420
4886
1273
1207
1692
1678
706
1741
316
2968
992
713
3254
776
347
1023
836
6310
466
5235
2036
1029
6784
227
5212
307
2803
3238
3582
3804
2928
2132
2013
1320
657
5972
3804
1436
3213
746
311
3311
1801
1966
1130
852
665
558
624
185
430
1506
687
4497
751
3565
237
1437
1696
797
538
884
1950
275
494
1679
8017
5455
1360
1793
1792
2614
268
2424
591
388
2117
1487
553
491
1256
970
2294
1977
2559
10070
626
2000
2127
651
4581
634
2925
1546
2697
914
2442
2716
5262
2561
265
2845
5310
359
4752
1429
3115
476
608
2787
1370
367
195
2457
1815
434
2313
817
1015
5375
1039
465
379
2178
6124
6141
4193
1990
3447
515
1708
417
1724
996
1034
2879
384
912
757
2191
1286
943
6648
3394
1083
422
1547
996
1037
1359
582
2126
1465
2777
524
1949
1573
355
3979
3206
1915
1283
3903
1692
1298
5153
1143
629
403
390
662
674
3227
1713
3028
590
2139
517
2667
334
577
354
3028
1303
420
1275
3312
594
464
615
333
7282
430
345
3617
4423
1075
3745
1983
7064
3510
837
3226
1138
1910
1826
4971
832
1941
2352
2847
469
1690
872
848
1062
1468
3559
965
1985
329
2920
4828
5745
858
3599
672
886
3674
836
2414
950
856
315
983
437
2261
7658
6385
1086
1591
3458
5341
460
744
2414
884
2865
3373
1193
361
610
1906
563
2032
1017
355
3016
1529
2599
3173
7526
5778
471
1933
4449
2943
372
472
600
1590
2193
4623
4746
565
2713
1049
1308
1747
1009
2170
909
1116
1016
1811
1486
687
1775
907
3087
812
2274
317
1106
2637
1526
2421
461
2794
187
803
1546
702
758
1825
3225
1135
1013
1941
366
1735
5599
717
513
533
326
3411
1474
1407
1703
3832
2812
1014
1808
966
1191
2155
469
603
2457
4530
765
2826
819
357
1679
1753
703
1391
3724
3011
973
579
1247
518
1004
1935
761
1764
489
1877
4585
251
897
4323
816
1380
340
4712
1758
363
3237
4560
1311
487
2350
898
5514
534
711
675
562
2453
1316
1805
595
890
2387
303
690
1180
1608
1007
906
1060
1530
6664
531
3469
1350
3402
763
3303
1693
1287
951
528
2398
705
842
1438
224
7017
653
702
1501
5230
7940
338
198
490
666
5092
2246
703
3152
408
879
1494
917
603
806
1767
2495
1150
4266
1154
1094
720
1175
4151
604
1616
852
1395
6262
849
605
574
950
2965
1952
876
2247
712
1278
737
445
1381
709
1439
2367
3281
3676
4332
787
1938
498
975
1392
2267
2519
2988
3074
331
1108
1178
1349
324
4608
3292
1868
1499
4379
1381
387
548
1320
2051
795
351
1400
2232
1498
590
509
800
1678
1581
4376
690
651
653
551
855
2447
1999
4851
710
518
827
2347
572
1584
487
1168
1901
2624
9213
1323
3576
1544
1047
1162
464
3948
4433
365
404
1444
501
4152
877
1792
826
6055
1178
4482
1356
1845
1949
1522
675
1182
3241
2667
662
4945
5308
2649
1155
346
261
2402
3588
2077
3287
1454
249
5303
1324
6156
868
2290
605
1792
955
830
1753
711
2909
701
1251
466
784
796
688
1397
1205
2698
3320
4485
611
517
947
259
908
5756
812
2221
1566
898
2417
453
1815
3810
3277
4762
2306
5552
1311
2433
6038
4784
946
923
433
777
3248
576
1403
1898
1035
1857
407
548
6155
3449
1136
432
455
885
3438
1158
421
218
717
1832
803
4057
911
467
617
933
185
2646
569
1434
327
3629
605
6136
2066
592
3314
1871
1261
2809
759
1876
833
2525
456
3025
2380
577
6374
485
5407
3183
1326
604
4606
2199
958
645
2020
736
2749
1487
8477
1885
8565
703
340
5660
762
1314
312
2409
1030
629
1452
378
1121
8122
1695
314
2601
1821
5711
554
401
2141
1793
841
6189
867
4624
269
1471
3339
1094
1098
6232
2391
2793
887
303
3535
1057
1297
6191
802
999
739
547
1277
1150
198
1846
1919
1004
449
505
2859
4268
4927
1965
1660
1601
3947
4575
2425
2462
570
3141
1618
1152
2614
1445
844
611
721
3144
1310
736
3109
330
3213
9105
2874
668
1996
1832
3927
895
1440
631
2679
1693
2144
1378
2782
3501
542
397
1984
176
2750
919
560
3041
2074
803
537
229
3811
4589
5125
2803
1966
1167
2588
1704
2477
1305
872
2959
2870
875
1004
2051
433
903
742
572
1330
3962
1575
1308
101
4813
1120
3750
1787
1167
1755
4521
982
916
480
452
919
4956
3977
1532
635
1607
1078
2444
544
4423
2129
958
2542
6578
606
306
359
1046
1198
9451
489
1224
909
687
292
965
3385
331
210
546
3424
1027
1874
1593
1773
1084
4500
509
910
3301
3490
2203
1065
2529
988
2629
214
326
701
1762
231
3018
3211
4277
1688
2606
5245
3086
1329
504
392
2742
4154
664
3320
1333
2034
5256
1473
3399
1663
962
2741
756
898
3084
771
3297
1080
2467
2446
3969
266
1759
163
1417
1858
1964
904
415
447
3750
2670
611
4526
916
3922
871
2732
1542
1436
255
400
1008
1318
2226
4071
2466
1473
794
1682
1219
1145
1435
7332
751
5186
524
571
2767
523
724
3367
504
1618
1810
276
469
1616
845
1739
2232
461
524
857
3805
252
875
364
841
485
588
571
661
426
1738
969
1666
843
1994
801
3718
1793
2036
1095
736
4303
959
1286
891
750
334
4457
1533
764
4366
2289
2237
249
211
5655
3540
443
4159
3373
1502
326
1256
333
2045
1542
598
1629
1344
5155
2806
1211
3725
1017
377
833
1492
5057
3135
1672
1985
4207
2950
348
3755
6287
1031
3984
926
1783
255
3550
5475
373
1434
2467
1049
3470
1059
583
4228
1875
2448
1444
906
1967
1592
1007
1862
666
2458
3414
1762
6484
402
7552
276
3750
1100
715
191
1871
963
5576
1221
2953
7387
1924
500
4112
2094
1054
2288
1505
1959
5104
796
691
2089
922
7065
1311
838
1899
441
839
434
961
4012
1229
1993
1866
521
575
684
305
379
1345
2103
1749
2386
911
2027
699
1035
759
232
293
1223
3573
2231
813
1582
3272
490
791
1176
3633
7053
1827
1213
2032
432
1682
1496
854
3835
1073
2843
156
1565
1276
2283
750
2435
513
6031
451
690
2223
4346
539
5203
738
2584
2927
371
964
3768
2668
276
665
2962
3396
709
4075
517
1561
266
671
1759
1890
1133
810
2525
5705
390
405
8273
2563
731
1965
1285
2350
3497
1110
659
1351
833
4042
708
5881
4919
1079
1021
3027
1220
4726
10761
2082
5929
1019
1160
1111
985
357
2566
696
456
1781
212
276
1080
2988
1150
657
1260
792
1186
344
2497
1709
2392
728
8610
629
292
625
235
1146
733
4617
2046
1287
12287
3308
1761
3228
3246
1240
792
2932
1790
4425
2055
395
2928
702
1209
2480
2230
1469
1583
6108
5115
560
3265
1404
1282
2303
819
1190
1324
321
791
1474
697
8649
2052
288
879
639
894
2452
2596
484
581
1429
584
543
917
3583
1085
2807
1155
2275
505
701
1694
1253
3020
542
592
1698
771
555
655
3176
1191
1602
5247
2568
972
2424
308
1404
2729
3573
848
5023
2932
2836
4815
716
264
795
1052
2488
1025
151
2327
968
2307
2487
664
922
1527
842
5069
216
1090
1565
2243
502
275
1968
1135
688
2690
797
1872
1501
2995
832
2784
709
871
712
2921
4152
731
581
1110
2293
531
1191
3973
2822
590
3105
7735
786
858
974
821
8006
4421
2493
1417
1602
6963
851
949
1787
1308
523
7075
882
382
1207
4992
235
4785
293
5000
2299
1150
2020
688
1516
677
1194
538
2810
729
1469
1157
2826
2291
848
808
496
3418
1322
9906
2608
1468
2545
1334
3181
228
1251
678
1111
1208
4471
1651
1336
1702
1626
1277
2216
487
3851
2588
4824
3054
912
1601
2943
689
1758
2976
3550
768
720
2876
616
3132
5980
1315
1125
5042
2152
3294
1008
10942
2579
310
488
1808
2977
3865
1198
5108
302
5223
720
518
1755
2243
3972
1029
2303
955
880
1402
2293
1878
2843
643
7114
5274
1544
3763
2975
1680
668
1458
742
278
2618
2274
5772
607
1803
310
1983
1854
2404
1449
2143
448
741
863
673
1919
2186
362
5154
401
2351
196
1131
3269
1936
1099
1097
334
2055
697
607
1138
783
330
1224
3734
4452
800
193
501
473
406
11556
825
5130
1178
2252
368
7589
572
869
1108
1370
1852
13702
1036
909
1325
2599
1854
7012
2285
1246
870
864
848
2139
889
1961
1001
724
943
3976
293
2804
572
592
2052
1666
2517
836
2945
2966
5924
880
1051
2433
873
1971
410
1492
3491
672
2388
4685
985
355
1083
1968
898
373
2921
951
1069
5015
1223
627
1686
1959
4154
493
950
1888
5287
2170
1096
671
930
348
4619
319
1581
238
2921
748
1418
592
1868
2437
382
5131
2254
241
4435
1617
2168
897
273
3510
1638
1484
2172
3643
852
3185
1542
3683
2258
1699
1585
2272
1002
780
2171
216
1388
943
7684
3170
367
785
1097
1001
1140
1312
1894
874
676
5681
2154
1078
640
4030
717
2059
935
446
2488
1002
2562
4175
343
1470
265
2001
1120
1270
886
705
1920
4140
1329
3303
6878
951
252
786
1018
1407
3680
3012
1823
2778
694
2332
2929
7087
407
983
494
2255
7290
3017
3094
4087
477
822
1092
1338
1693
1473
1020
1287
874
658
827
4351
5461
962
1669
2334
626
3178
1288
1298
6326
2492
1543
1778
1919
1446
1797
972
4578
2127
600
2960
554
3745
10263
1693
6112
4382
587
1394
3316
279
4877
2030
3412
1072
3059
2552
1033
13881
394
1102
2125
5464
2141
2267
310
3424
2307
2602
942
2190
3235
615
852
892
1029
1109
1033
833
371
1988
784
5953
2359
459
345
687
2604
797
3601
2629
596
1683
593
2892
3652
966
2929
2720
2490
1213
956
5319
1409
620
1933
2114
2809
1731
4025
6238
1440
638
989
1245
392
906
961
2152
1528
1831
6880
9383
914
229
601
3328
2008
1151
315
842
1635
1006
1640
1741
492
937
581
594
408
1077
4444
1313
2879
2277
1372
504
4669
2150
255
284
644
283
2501
271
903
756
947
1243
601
357
1647
2699
2085
3412
2821
643
453
3721
2223
198
1820
1634
663
854
950
2323
474
2186
544
647
1502
662
5538
4255
3784
2158
2030
1143
1898
3006
252
2171
1578
2901
983
1306
1145
1053
8192
3849
1076
994
4590
3709
8644
1437
1019
902
402
2113
814
5936
3205
2972
839
1284
1258
2799
8918
375
287
909
388
4230
6233
1100
1573
1894
3683
1725
615
757
753
404
3232
1251
2571
1164
2705
6270
2479
1417
634
3165
1233
3399
1372
4386
1233
712
822
1448
1375
1002
6679
141
4773
467
5980
476
2324
2750
6802
1036
2786
1067
407
1898
6026
1179
828
1722
1768
2792
2086
745
712
1181
2471
1395
843
2117
3440
2066
2490
1378
2192
1967
1623
1443
4541
1093
417
8726
5640
1290
480
1972
801
1486
1099
2327
2515
5567
1029
739
835
1565
1028
3255
507
817
1188
616
2041
4111
549
437
1924
763
1858
823
2466
1022
1658
1837
790
420
7854
634
1020
504
848
2746
1164
1072
1626
4346
888
2232
1687
1906
406
306
749
292
7917
2640
1254
1210
758
429
4960
2546
2476
5296
4498
548
349
426
2795
2194
884
593
1898
5104
2061
564
1908
3941
2534
396
1391
1099
2713
378
2179
2253
1081
2161
1535
13809
1468
1772
1202
1956
541
3815
4155
334
733
3125
4807
1485
1069
663
5318
1277
3449
505
684
2783
10182
545
2467
788
894
4346
3126
197
1447
5193
6317
3241
628
411
890
2404
3150
1995
659
4566
891
1939
2857
560
383
1386
2802
390
6277
1488
2979
349
962
807
2382
602
4009
1963
2133
1606
2244
1742
666
1807
681
2984
545
3715
908
1397
1251
1492
1302
1919
1819
598
3068
409
321
494
1158
360
1850
3414
2673
1138
1575
2565
1876
3414
891
4869
819
3070
564
1558
645
1088
621
3353
627
600
640
579
1599
597
881
757
617
2999
3788
314
234
4393
5134
4550
518
8974
485
2318
2902
3308
677
2802
1837
1453
429
2399
1685
714
744
894
846
2840
921
510
2577
3812
1091
6096
841
759
6586
925
730
2868
5352
735
1304
1389
356
2945
4428
5953
1910
2589
435
2722
1728
1514
3030
820
2205
3622
164
1436
5763
1016
732
1336
1905
646
1604
3991
941
3861
1607
5669
1092
920
6538
390
508
2352
998
1536
3141
1356
1159
433
543
183
1952
5428
555
2895
598
2585
282
1342
3460
1128
711
919
1794
546
3742
918
1702
2910
605
1719
534
646
531
1782
4029
1023
7171
302
2529
467
320
463
919
1295
3355
2185
6977
1261
5127
874
1898
1014
1627
3600
828
3424
702
455
652
2293
278
1451
351
1535
3800
2498
3950
922
272
4891
1200
1269
1369
795
4120
660
786
2302
1439
633
499
7169
697
3893
1164
1427
971
1617
1295
5485
3357
1240
2294
1596
4090
4081
6868
958
3186
1495
3382
505
1327
8326
1487
504
625
7589
1352
1472
3014
336
875
1411
3227
2995
1386
1985
1019
926
2102
359
1325
530
375
1315
478
2740
3945
4338
617
2574
413
783
1258
1080
2972
1883
3627
1153
3327
3789
1781
1563
2641
4423
857
612
873
3252
5049
1138
1910
2277
643
449
1798
981
2865
1787
642
1227
4250
1208
2038
1238
1215
1798
2424
320
493
4994
1086
753
2002
831
5666
895
1772
2264
2495
1475
396
2938
408
485
1764
2531
420
4623
2825
1821
1081
2149
662
1039
1246
10949
2680
5413
2267
2154
852
1451
2224
1063
321
409
1093
2631
894
308
2336
908
2863
1540
7278
1026
445
1059
1366
1396
7965
788
3555
3116
2006
2888
8775
2083
5545
2765
709
5341
742
2066
4241
705
518
922
282
579
1050
1057
900
3443
1886
975
600
921
5149
932
1968
1198
530
6635
4384
835
437
6914
5157
1369
1228
616
1972
303
3531
930
1159
7329
2854
1391
1478
851
4229
2051
1453
2490
8886
2104
1794
2264
854
597
686
6242
704
1379
1044
509
2528
4861
9032
2033
516
2015
307
597
1955
1336
592
384
2953
201
1427
569
167
2667
2151
1778
1350
3081
735
2570
2563
1391
1328
1640
6850
2969
345
877
1723
3070
644
288
2207
4835
1724
6612
4592
1658
880
2109
1663
1285
306
846
2762
698
2330
1365
1913
498
1735
504
3535
1523
5400
399
1653
4262
4151
720
4942
4661
560
612
235
676
1069
734
832
2024
636
1218
3487
2901
375
402
2648
2331
3207
2661
990
1179
992
2429
3147
1376
1562
1550
406
584
2766
4907
1119
3304
1795
817
2251
3038
222
167
5629
1237
2456
2468
548
1771
2557
6699
1112
6713
1928
2784
1113
1206
474
824
1483
2978
2642
754
4694
2249
1411
2375
271
811
1272
5911
723
3647
1897
673
7269
1233
1990
2174
3189
1867
3053
1625
1658
1059
1818
922
928
659
1172
7326
486
2826
3947
5841
2240
1329
4911
3185
2826
1278
1362
4230
631
2023
659
1295
418
330
1202
892
327
325
618
462
1217
1168
2062
946
1259
550
818
637
1249
650
6456
648
659
858
366
429
656
917
4622
850
5232
1568
918
395
314
536
8863
3386
4486
1759
4353
369
3076
2638
735
4331
5923
764
7198
1460
1061
540
1102
843
1935
763
2923
1097
1838
447
2343
1607
437
1217
286
5757
475
696
1380
1173
631
712
4325
6075
246
309
4098
499
506
3118
749
727
3491
6065
2630
3058
491
615
400
1091
1497
5111
4586
7903
2065
598
1799
1642
1231
2901
6679
4630
474
1274
940
5958
2008
1461
3132
990
4051
3011
461
340
685
2524
322
417
999
11801
1841
753
1415
3473
6201
1169
1406
1390
300
3476
608
183
3081
453
1948
2983
1476
290
935
845
1502
908
2692
3311
3771
851
546
468
1614
1638
556
541
262
554
1760
392
4253
2662
306
625
1965
635
1772
791
7246
6724
393
627
1773
836
534
1796
822
645
1387
1401
3211
857
1091
3593
456
4834
2004
4039
597
3588
907
1530
545
1191
6059
980
2552
593
685
2559
688
2728
6555
545
1009
434
658
3310
1108
644
919
1392
1418
1837
7539
900
1213
945
2575
2050
1711
1210
830
408
2534
4096
2792
1232
1259
357
1969
9675
1967
1158
727
447
2345
251
4460
5540
1086
4638
1176
389
310
2345
228
3753
556
661
1475
1185
472
1524
505
370
1263
1784
431
886
3773
1212
541
538
1185
2844
1964
794
1828
1752
4600
540
794
439
3916
7849
491
653
1960
485
2747
2509
1855
1106
494
595
1521
1152
4749
3421
1731
1096
864
908
3122
2413
1351
3103
926
1268
400
5602
5312
432
1127
564
5802
1215
926
1920
2115
2014
1242
1090
270
857
463
1590
2810
1011
8218
1974
703
800
535
878
1059
218
3241
484
3451
689
970
1074
2060
2865
1171
1654
361
2340
1252
2967
3278
2209
1144
1720
798
2429
5781
1225
7985
302
1628
2762
1476
3651
950
777
239
2972
2064
350
2206
670
868
3560
2122
2305
2429
4366
748
2840
1434
1417
8095
690
1680
2256
1432
2975
686
4065
2526
3329
2044
4769
390
520
957
448
372
441
2226
557
2617
2617
423
484
1306
3793
4303
654
770
2733
1879
579
2146
541
428
1295
815
998
1819
1211
568
276
884
685
654
1914
1814
2565
1348
3126
4843
744
2623
199
593
233
5838
1305
3274
722
3601
1479
1401
6496
686
5075
4645
1435
797
1062
499
256
536
645
1620
6150
1415
3408
2678
1415
1169
2914
1097
982
2613
968
3895
3337
466
2138
2752
209
929
1142
1272
555
7326
1236
823
1861
717
558
4215
2348
9125
927
652
1331
828
653
529
716
598
4199
5119
2358
1567
369
482
593
893
2156
346
865
5003
5502
1754
2188
1807
1381
2048
6999
6475
401
8024
1815
487
4123
915
1894
2431
1010
1509
1347
2955
573
1494
685
941
610
806
552
2860
2110
4654
879
3130
298
658
1838
3716
166
3184
3292
4383
2692
1414
844
389
5437
1790
689
2244
630
3206
763
2753
2708
2025
1448
869
4254
1402
490
6049
450
1527
1062
1048
427
483
5645
1682
462
954
801
1441
757
1968
3910
3685
2042
778
1345
523
3613
1128
1699
10863
1740
1346
1064
785
3131
1331
358
668
1260
2494
1662
416
1871
1155
5382
2326
779
3604
2616
10397
646
5349
1654
900
193
803
1246
420
1566
998
251
908
1552
3045
2029
2208
1852
2646
671
2396
4532
1627
450
1317
2683
579
1109
1448
1589
2480
574
656
183
573
1166
2603
458
219
837
3700
1604
703
779
1833
483
1435
4212
1091
778
1587
988
1522
510
1936
571
841
1481
3385
2725
367
498
4189
2809
11343
829
758
1196
4782
411
1177
1190
2564
4238
2386
3900
873
622
2474
624
623
213
700
1251
240
2514
2508
1400
762
864
385
913
4630
529
2843
917
440
881
1135
3030
526
784
7176
444
883
780
2813
2093
308
359
3779
2333
2780
2629
3171
3632
3128
2153
346
3623
511
3407
2194
3669
2134
807
426
1744
1172
687
3346
507
485
601
537
3879
324
674
1371
970
1354
1521
2566
1958
576
738
727
582
709
1204
2795
515
1494
1330
596
1452
1033
1179
497
382
2418
7009
6946
2295
532
509
2990
401
5304
671
929
1217
1015
1570
760
946
896
1921
1144
2734
225
3797
4939
312
853
1916
2726
4176
4876
1469
532
1438
724
325
2536
519
1072
4284
766
1094
2111
4549
1448
710
3422
3684
1730
500
5185
1556
3444
1614
367
224
487
782
976
658
1007
664
13943
966
2156
436
2626
657
806
618
487
4714
556
657
489
1687
1072
631
683
3319
1660
2103
3351
636
1715
4619
3186
468
1546
742
1703
1596
2064
420
5564
1127
682
1016
8926
4691
2181
363
2432
2456
2507
2270
355
1112
548
5965
1479
5254
2838
661
2292
2845
1179
398
1651
1602
888
2758
3669
1295
497
2997
779
4059
1268
331
4269
1255
237
542
3087
3675
2193
724
432
513
688
449
640
4306
1457
797
401
1531
3584
417
2611
2710
2024
5163
7878
4510
617
1859
1003
1387
529
3070
2361
1674
4390
5612
5392
1848
562
610
872
4851
2245
439
2771
2120
3054
1560
185
1933
1919
1328
943
1939
762
5607
1238
850
2443
960
1080
793
1631
709
917
625
334
4892
3141
3853
1185
995
691
649
2093
1152
892
5651
1539
950
596
424
2112
966
1344
1331
1991
2553
1194
1839
481
226
1406
2960
1269
403
1091
683
485
1243
2222
767
238
1204
6303
4955
1961
1197
490
4282
1033
845
1365
460
244
509
1683
1463
3575
2935
3085
2134
501
1016
1714
6669
773
1749
1970
557
985
2142
1389
7234
1395
4741
384
581
342
2700
394
1559
965
2722
1482
651
561
641
3054
817
1505
6814
2204
279
2046
6669
1949
741
2401
1371
1358
536
2795
772
1337
521
1123
360
2159
1347
1003
2228
2999
1066
1938
339
293
4472
3138
955
2158
850
485
940
5180
2665
1302
3776
3284
1745
2814
1770
772
4653
2739
3816
978
2879
602
609
3083
541
4378
6849
3221
503
793
1314
3810
4275
3112
1513
318
1124
1691
573
270
395
468
2917
1196
1701
1333
5923
489
1405
656
2697
410
740
4973
5431
2338
1136
2027
828
717
294
1638
904
1811
5179
4132
1702
766
3258
1498
821
966
3657
774
1379
2184
3334
1397
941
2631
1425
891
2310
4772
926
1648
854
4495
888
956
1681
2225
4385
601
495
1468
527
1416
467
919
813
3779
4929
654
1236
593
488
2063
1714
2143
703
422
1594
879
1062
3375
1328
303
488
3980
1633
9704
214
698
1627
203
6535
1562
518
1343
1568
3051
364
966
2347
627
269
4465
867
2635
852
888
2027
1638
508
1177
1964
1061
1285
1843
1427
4769
3946
2791
2462
369
316
2696
1849
1285
3446
1300
1349
743
1389
1477
2594
254
1614
8123
640
3756
4270
311
881
1815
817
2668
569
2256
2226
2538
1521
1058
1288
648
1857
2592
1487
414
3086
2639
809
1352
4161
1721
5697
873
1912
3526
141
2751
1042
2115
1580
1463
219
1693
1005
595
782
1560
859
1022
2750
556
1698
5515
1937
567
3138
4615
1553
4309
1503
1096
1146
545
2139
1901
1000
530
1074
2861
1338
1349
2569
2958
1365
2993
1493
1927
296
2737
1047
671
1711
1005
1020
3212
3054
2459
539
1368
1106
235
2663
2754
464
2390
1369
3218
390
678
2934
700
734
601
410
1817
2718
1948
1801
7314
1725
1826
1577
2119
1214
1746
984
6840
1052
1621
7213
837
4069
2264
1197
1169
3651
2048
11436
2312
1252
1087
4873
3849
714
815
9270
1374
2778
975
707
4172
1296
2365
2154
2276
1538
1746
2971
297
1486
1444
1214
920
619
3014
3583
1239
2025
607
971
536
505
789
1926
620
2912
535
2153
337
5849
619
1810
711
689
1393
1339
2009
7044
1899
159
1402
2610
2688
872
3290
3516
618
4208
1496
485
1152
479
4735
1942
636
997
1227
2014
4993
1393
3801
1396
315
504
1541
1383
2172
526
448
294
847
598
646
1369
1412
931
3206
2511
6854
5794
258
4418
586
2204
272
1819
1829
2544
2391
2001
256
5680
1045
2946
567
1304
1865
1527
560
2953
3030
413
227
3149
276
1670
2014
4256
4091
460
4617
1284
936
2381
4526
3176
456
4445
3171
1969
1630
4079
4096
2336
6450
5848
2386
352
2456
1200
522
2689
915
1834
1993
1104
3290
725
2671
912
2400
2139
10284
1084
797
1339
1223
4290
313
3004
2434
1366
931
2121
3654
1569
1617
2027
3378
566
3606
2952
586
2274
1557
328
2387
475
1289
5964
1187
750
3152
994
395
750
1757
3033
1177
4707
2366
2342
3852
5546
3946
567
3744
571
2521
1289
1916
2168
1507
4636
926
1092
2268
1252
1486
3832
567
2117
1102
3037
2279
2985
688
372
3017
1028
1198
419
771
5820
2159
7633
216
385
7712
5764
7470
811
3067
4627
851
1111
4630
2223
209
451
765
557
14897
1190
275
481
5392
671
670
808
379
1587
397
941
506
3046
3181
1249
405
724
1156
829
660
381
2257
887
9978
582
1023
1812
1408
3936
895
288
9821
1315
727
1810
675
1506
8729
1838
1227
1079
784
9873
2750
531
1137
3697
231
1428
666
1518
2590
1092
335
1505
842
1145
3248
776
2744
2723
4381
574
2304
2266
2116
1442
1631
3965
5719
3569
1680
1135
933
1788
1022
305
991
491
1884
660
5687
703
1022
3629
2891
3466
1725
629
512
1010
731
5118
384
847
2886
1659
1548
339
3548
641
4651
794
1370
1012
1789
7007
1382
1488
2528
887
2504
2464
2747
980
1126
4260
614
454
443
990
4385
3048
1969
577
805
386
5779
657
365
1079
1743
5977
519
1976
1329
166
1297
2630
693
606
3780
1248
1159
4048
412
1700
273
1144
3928
582
455
527
1381
1626
269
1571
877
1058
2976
316
1486
287
7493
1825
1657
711
626
1459
2756
1118
422
911
2459
1279
303
524
3589
2116
1038
2255
2980
1148
882
2283
1139
891
6726
380
3321
1122
179
854
8237
1151
4091
2273
2197
7302
952
2187
1470
4937
620
3626
1625
2274
1323
622
3242
972
1981
369
1496
3927
1297
1588
524
819
4497
808
1295
968
1690
714
850
1486
996
2667
632
1831
1182
6251
769
5200
504
2055
534
772
2290
2429
2312
228
886
615
625
407
768
648
466
1008
408
3506
335
613
478
2213
1359
246
742
663
707
3401
7902
1091
1405
4339
782
1320
4919
610
2711
4535
704
684
2846
523
954
409
1213
578
1224
202
802
1291
2929
2394
1032
673
1842
5084
4811
1636
322
4706
7036
1699
1007
3072
962
634
821
2447
1211
1556
668
4635
4412
422
2096
1140
426
2734
1450
695
476
1131
3916
650
1899
1096
675
646
1461
1089
1012
2222
805
2362
244
1160
3586
398
807
613
598
612
2431
3038
4955
560
1102
1016
1868
3837
5576
1357
2586
4784
1259
1269
3357
2092
3722
4167
421
5248
4239
246
1906
2889
1406
1024
1402
1345
766
1418
1379
1818
829
7158
1267
533
1442
1467
2657
591
586
3199
411
4251
456
2579
706
418
5987
2125
580
429
469
1066
1315
1041
4971
804
870
1092
1720
1831
593
349
753
628
2400
681
3681
4454
1395
6164
1640
481
2711
2019
3603
1346
994
715
7677
1800
592
794
12715
3693
1951
2526
2082
10676
1153
1949
3772
959
4184
918
2357
1639
5657
1734
2127
231
867
484
650
690
2219
658
877
573
1216
483
744
1170
1181
2678
2250
411
5817
2656
2494
488
2654
888
2066
510
1984
1749
5169
352
1257
3965
318
4128
993
1261
530
3578
234
523
2165
2292
5160
716
1618
7158
498
2891
1657
816
3564
1447
7020
268
461
5404
5133
5188
1116
446
7315
3105
1048
1644
3396
1480
347
1457
1287
6432
2129
8110
3257
285
1283
7409
1832
942
760
1609
548
693
1605
5179
2562
708
2245
347
290
1169
2064
1803
1921
337
549
5438
1278
2294
914
1943
225
3042
1513
2597
2215
1492
2194
2941
562
458
488
1741
454
3976
4465
1644
1902
424
931
2773
989
2464
755
1655
3999
4171
872
3589
845
6450
500
1510
1450
1535
4187
4521
874
1753
1638
904
537
1573
2726
859
1941
1365
433
960
1113
2056
1689
298
1745
2929
434
2336
2278
1036
1886
1449
5328
417
1569
1637
4041
1492
867
1232
1818
1253
387
2796
1371
1490
3039
5170
3047
1276
1586
1001
3895
1352
983
703
408
763
3297
683
2250
657
568
563
1654
4434
5926
800
945
771
678
16365
1561
1033
1872
2875
2750
1088
1856
683
176
376
886
3592
2067
2154
1259
5810
878
5294
678
1159
1600
365
278
3283
655
9458
2296
2981
861
901
661
644
3988
587
1998
6587
2419
639
1728
2749
1125
274
1570
4612
972
3003
2250
499
1435
1023
472
3147
3116
1186
271
574
7475
273
3091
683
2004
905
1704
2328
4075
602
551
536
912
793
2045
1743
2335
2596
2932
1681
2684
3533
1403
228
603
641
2247
1255
691
582
3851
2069
3618
423
920
1527
1049
440
1088
469
1924
2534
300
610
4797
384
2833
858
3416
1365
4246
1409
1017
896
2579
1073
2280
671
1608
858
461
415
3794
4324
550
593
2166
2312
2493
692
2804
3308
558
695
4579
847
1226
2456
4864
487
452
1667
760
1463
1158
515
838
861
480
689
4894
1054
3116
5508
1583
4029
504
5051
436
2164
2438
958
750
403
1235
2833
15271
9722
2155
3913
338
1044
333
875
2730
1043
1073
656
1304
1272
597
592
2172
4181
2003
349
719
6655
293
453
3400
3010
1415
1137
1199
605
894
795
4111
1025
899
202
1859
644
3142
572
1277
2240
782
7387
2568
610
503
795
253
635
718
2480
1065
1844
704
248
482
947
1663
536
602
2378
980
3001
815
2433
780
1730
2471
2653
1339
1459
356
1382
491
2934
2737
779
692
1580
954
7323
5088
2695
585
484
2899
1449
3020
672
1010
1854
1735
2006
2492
1150
699
667
587
3423
1566
369
1953
2859
898
1932
736
2824
1831
973
551
1442
791
422
1076
801
558
934
3127
859
1360
1983
4559
838
1820
6129
4402
3405
728
1863
931
1001
1190
628
5236
9182
4140
2940
3078
1410
1521
909
828
1971
849
756
3904
729
1007
1077
857
5693
4046
1716
447
2558
6510
1230
1513
1193
325
1438
2889
529
2111
1133
1473
1342
948
2603
731
3571
4117
2179
2401
364
532
1295
296
937
1985
586
368
736
4118
1006
569
1835
5523
293
493
424
1498
1132
683
1495
345
1428
1913
3424
2617
3489
2335
357
1149
1958
1080
467
4924
3102
865
2140
547
1659
2453
917
2560
662
701
266
1506
3118
6143
2998
859
1092
484
6922
502
1226
1372
3281
7635
712
1197
453
2947
3918
1387
2343
1281
1436
2791
202
1905
574
2304
1335
1654
4646
1183
287
1315
4204
1901
933
1468
3961
330
932
2569
412
571
341
1031
286
485
2035
2178
1451
2721
299
1136
519
484
986
2749
347
468
681
645
2350
3290
2239
4275
2615
6175
700
4601
3335
2472
598
6334
1657
2252
1604
792
268
1203
581
567
1525
980
1860
591
4102
608
3352
859
441
510
556
1582
818
1519
1290
693
1330
497
2717
971
1536
1790
6629
539
1197
516
329
1449
243
1779
327
429
455
1440
866
572
4015
2936
1897
575
1272
3004
770
1021
3185
2194
1509
1075
4435
4071
1456
3689
1029
1200
393
924
4012
3523
1614
797
1052
2059
400
812
1831
879
451
2549
2378
1211
1073
3323
4859
382
3178
679
2112
280
742
1558
1121
695
1137
679
690
1316
1681
323
1211
327
2444
2921
2480
1582
4554
7107
255
10274
2786
920
1202
464
1574
2551
4022
288
913
566
360
6096
976
5836
697
2181
7625
2560
417
381
1667
855
5133
501
2735
225
765
450
746
2396
3547
366
575
3640
1428
238
1536
10312
626
3588
1283
131
2703
1683
1384
350
452
316
560
784
264
1930
1387
4846
1418
2431
1253
2723
2244
5475
2456
1775
463
1145
606
642
7399
1915
5605
2392
1117
2226
3340
600
3114
749
2657
1283
2124
798
2634
536
2335
442
1652
366
2800
889
1025
5549
1497
472
3803
1214
7316
4483
360
2024
9905
1332
1463
1189
5865
2311
891
411
496
1423
591
981
535
367
1056
771
1318
550
6585
977
683
596
3217
911
2765
2430
4475
595
788
1327
2546
653
2597
581
4887
445
2294
3303
2881
803
2680
3373
159
1011
1172
4519
532
3061
5546
567
490
2169
260
1403
918
5092
1242
3883
687
850
2069
1204
1239
2253
2872
852
789
1918
1862
506
1578
509
329
645
1177
1734
4904
1389
2078
1530
1027
1590
358
4430
359
806
4482
700
587
592
3245
9289
211
353
1663
1468
390
1712
1342
3269
1648
3304
1473
1696
2985
1736
657
649
1010
355
2381
1127
2171
3971
230
461
656
3138
2784
853
3083
274
1228
905
5409
5862
9257
930
680
3945
2436
1952
1496
542
1050
670
3780
656
547
1326
1049
2130
2010
606
4174
730
493
358
1788
370
347
763
12028
131
1473
1403
3821
550
199
2687
2126
1637
794
717
861
396
1092
1905
1352
3920
1335
431
1040
543
1337
2142
1588
401
1085
1508
2083
1936
939
1593
638
4362
999
1306
382
932
3071
672
1708
4433
2203
2761
4865
2204
752
3776
479
1062
519
1361
432
1955
1550
1958
3291
1116
407
444
1962
2045
2297
2179
4000
374
1726
932
836
894
1079
2197
5093
2173
2878
3220
506
1932
486
3659
799
2186
1091
742
1048
390
1538
1270
4400
1259
4258
2935
576
752
803
1662
3815
596
2301
4006
2547
2944
917
1476
3134
617
885
4219
219
779
1630
685
895
2822
3384
1815
4129
2039
2683
2033
1613
1933
1544
2437
1003
4595
3039
1999
793
2086
3229
1310
539
397
1526
1911
1849
1004
452
768
997
833
8282
2014
510
444
2903
594
642
1417
815
473
1112
711
642
3158
2374
567
479
2797
1703
3515
3156
2617
830
8663
4700
1158
3959
4756
2974
343
865
4290
620
798
2880
4239
1850
1340
5997
506
2564
4067
5035
419
1063
4363
1070
1469
622
2153
963
506
240
1172
2799
798
673
377
3681
4981
921
2821
5197
1321
801
3082
894
728
6784
2404
1452
3100
1495
989
492
4120
1874
1416
337
859
1602
635
376
541
293
200
4148
504
1136
2387
547
1779
4399
1040
2275
670
670
2234
229
669
539
639
289
3949
262
2367
3078
723
1317
2512
310
1519
669
734
1020
4282
8567
4245
5052
891
1046
561
912
923
150
768
1029
4960
2010
3229
885
926
570
625
2624
320
5743
5418
790
1920
922
910
1976
4304
1890
431
1167
543
7101
1696
475
956
2594
412
763
2366
2145
3804
7277
1136
3766
381
855
6346
589
1065
2094
217
424
815
520
1060
670
621
2589
308
1124
296
2497
2270
1009
3444
601
254
716
1074
5796
4800
1105
410
1651
622
1900
1435
455
3022
1079
876
3967
354
4100
383
2915
1499
760
2756
599
1736
530
2568
814
943
349
3552
1379
3091
2502
7427
3483
737
1112
428
1237
1724
1175
1287
1446
3106
3047
317
300
791
1003
1297
911
3537
383
1577
1134
1691
188
354
4204
729
559
276
3029
2619
654
1585
330
459
758
1153
2353
4066
524
654
3947
988
1227
5610
541
2648
272
3915
2122
1149
9760
1135
839
1258
882
2908
2705
640
990
623
234
1480
456
831
714
1376
1199
863
822
801
804
1035
635
2073
2469
1198
745
1366
1776
2930
9612
730
795
885
1055
1881
1260
4694
809
1402
941
1374
522
500
2927
679
1926
1269
1438
1787
611
7596
10243
1900
794
2269
2600
627
435
476
2658
611
3733
7070
1626
3057
5611
277
709
2917
1153
2309
743
1447
1269
193
1129
2078
563
823
1517
1689
1068
2091
495
704
488
433
1297
6114
2575
5182
864
1122
2248
5879
2743
3210
1903
2078
401
2631
1023
806
371
1433
130
1515
4332
4760
2414
309
774
865
426
1057
639
919
1609
10307
932
277
2466
802
2159
593
2472
1464
1369
1690
1064
3651
1150
1132
1152
4397
3328
708
952
672
6687
8180
726
1691
311
1578
1058
360
4015
743
962
1505
3288
1170
792
1564
1837
582
1826
3011
322
1406
3126
5051
2699
2087
519
1661
1370
1455
483
4366
1756
2573
598
958
1670
711
8637
913
1234
3545
853
2427
1668
236
344
506
12133
1454
1476
1190
4320
449
1907
1033
1752
764
3177
2456
1135
752
1330
4920
4068
4925
1903
885
3296
1296
3153
2771
1915
2293
1348
2809
1306
5852
5112
1056
2098
900
728
1612
1513
998
6333
1223
2551
1126
930
604
1326
2823
4367
6983
2229
2159
526
2686
2863
803
454
1332
2076
6456
637
344
935
2515
1160
1058
4996
2561
4653
2176
571
1127
1630
4270
680
4504
438
789
2858
2932
1674
3121
1978
515
731
6862
162
3668
605
636
1346
1061
2284
414
617
440
4703
940
1165
1003
396
182
3473
3947
3349
6238
645
3146
1741
212
1728
1890
1112
3392
692
2501
418
897
1001
1613
1403
1808
3940
5486
2421
1173
614
350
1038
5150
722
514
998
1632
1338
765
4598
696
413
1515
360
5412
3115
1491
1324
693
633
3826
1047
699
6105
1267
740
1938
1824
2170
760
1611
1432
791
2476
1556
2239
1670
1192
839
1516
1094
2935
892
545
2829
839
6488
1751
909
659
1529
2595
304
1623
4039
1047
703
3326
592
320
1039
3112
2500
764
935
645
1658
1992
4171
3604
1294
528
7186
2155
5553
448
5395
3211
5013
993
1670
1923
375
1353
1735
518
7192
709
1611
1272
481
667
1521
167
2892
554
465
1644
3705
516
2111
1346
1096
362
837
986
1379
1046
1252
5685
4693
2408
840
2770
982
1760
686
2014
5445
433
8902
1638
1109
618
1927
4347
1273
400
1814
574
2366
1216
1241
401
189
335
712
6164
8228
498
1117
546
715
907
3547
1644
7688
748
4892
3292
1039
2043
1971
1300
581
839
628
284
277
2238
294
2989
1112
226
1083
1195
874
792
2273
4051
7546
1414
739
541
2432
3798
1464
1919
5264
2366
3175
1589
8436
624
813
502
1915
293
1483
866
612
2459
2578
2376
2279
335
3768
1746
736
7849
1746
391
1944
4526
655
1185
2087
230
4280
4652
2445
820
339
834
1341
2535
393
2603
920
2919
615
425
1393
219
904
1199
521
1732
5993
236
1438
1621
4716
1435
1116
3137
2190
856
785
3489
2084
597
1445
3172
312
550
184
1167
1343
3300
2805
671
3817
932
216
1586
785
1634
1187
602
1282
2741
2325
1623
682
526
4113
907
213
1683
584
2551
826
726
1657
3672
517
890
4469
404
2091
5039
1295
256
7669
756
5481
3786
481
2445
325
1034
2298
402
680
3475
789
753
1639
351
332
1590
1810
549
1624
2129
702
2526
390
351
620
432
1721
3729
614
1165
752
1860
662
3659
619
2679
2226
1975
2747
1669
406
1139
1404
988
3825
595
4246
1248
484
905
523
3051
482
817
1354
2339
2158
12024
2352
936
885
4628
1096
1355
402
433
1466
597
3546
944
1412
2045
1274
621
4739
1576
703
231
349
1809
1503
1510
2671
2947
1070
915
992
968
547
347
4081
1064
557
484
2518
384
354
4326
895
1335
1440
415
1002
1895
1102
1440
2942
7502
605
4463
1958
685
9621
819
2573
2828
356
3047
5062
602
1113
511
1232
1388
388
405
1313
1134
2557
5969
394
1082
2986
373
2787
1764
833
1775
449
858
2085
2199
944
2431
6848
2322
841
3475
1186
3827
4974
536
455
1167
1122
568
1278
936
319
5499
1422
177
903
2916
2013
642
990
923
747
1673
1096
1362
697
3329
774
1906
4800
3139
2657
377