7285
7285
7285
7283
7275
7275
7275
7275
7275
7275
7275
7275
7275
7275
7275
7275
7275
7275
7275
7275
7275
7275
7275
7275
7275
7272
7272
7272
7272
7272
7272
7272
7272
7272
7272
7272
7272
7272
7272
7272
7272
7272
7272
7272
7272
7272
7272
7272
7268
7268
7268
7268
7268
7268
7268
7268
7268
7268
7268
7266
7266
7266
7266
7266
7266
7266
7266
7266
7266
7256
7256
7256
7256
7256
7256
7256
7256
7244
7244
7244
7244
7244
7244
7244
7242
7242
7242
7242
7242
7228
7228
7228
7228
7228
7228
7228
7228
7228
7228
7228
7213
7213
7213
7213
7213
7213
7213
7213
7213
7213
7213
7213
7213
7213
7213
7213
7213
7213
7213
7213
7213
7213
7213
7213
7213
7213
7213
7213
7213
7213
7213
7209
7209
7209
7209
7209
7209
7209
7209
7209
7209
7209
7209
7209
7209
7209
7209
7196
7196
7196
7196
7196
7196
7196
7187
7187
7187
7187
7187
7187
7187
7187
7187
7187
7187
7187
7187
7183
7183
7183
7179
7179
7179
7179
7179
7179
7179
7179
7179
7179
7179
7179
7179
7179
7167
7167
7167
7167
7167
7167
7167
7167
7167
7167
7167
7167
7167
7167
7167
7167
7167
7167
7167
7167
7167
7167
7167
7167
7167
7167
7167
7167
7167
7167
7167
7167
7167
7167
7167
7167
7167
7167
7167
7167
7160
7160
7160
7160
7160
7160
7154
7153
7153
7153
7153
7153
7153
7153
7153
7153
7153
7153
7153
7149
7149
7149
7149
7149
7149
7149
7149
7141
7137
7137
7137
7137
7137
7137
7137
7137
7137
7137
7137
7137
7137
7137
7137
7137
7137
7137
7137
7137
7129
7129
7129
7129
7129
7129
7129
7129
7129
7129
7129
7129
7129
7129
7129
7129
7129
7129
7129
7129
7129
7129
7129
7129
7129
7129
7129
7129
7129
7129
7129
7129
7129
7129
7129
7129
7129
7129
7129
7129
7129
7129
7129
7129
7129
7129
7129
7129
7123
7123
7123
7123
7123
7123
7123
7123
7117
7117
7117
7117
7117
7117
7117
7117
7117
7104
7104
7104
7101
7101
7101
7101
7101
7101
7101
7101
7101
7101
7101
7101
7101
7101
7101
7101
7101
7101
7101
7101
7101
7101
7084
7084
7084
7084
7084
7084
7084
7084
7084
7084
7084
7084
7074
7074
7074
7057
7057
7057
7057
7057
7057
7057
7045
7045
7045
7028
7028
7028
7028
7028
7028
7028
7028
7028
7025
7025
7025
7025
7025
7025
7025
7025
7025
7025
7025
7025
7025
7017
7017
7017
7017
7017
7017
7017
7017
7017
7017
7017
7017
7017
7017
7017
7017
7017
7017
7017
7016
7016
7016
7016
7016
7016
7008
7008
7008
7008
7008
7008
7008
7008
7008
7008
7008
7008
7008
7008
7008
7008
7008
7008
7008
7008
7008
7008
7008
7008
7008
7008
7008
7008
7008
7008
7008
7008
7006
7006
7006
6995
6995
6995
6984
6984
6984
6984
6984
6984
6984
6982
6982
6982
6982
6982
6982
6982
6982
6982
6982
6978
6978
6978
6978
6978
6975
6975
6975
6971
6971
6971
6971
6971
6971
6971
6971
6971
6971
6971
6971
6971
6971
6971
6971
6971
6971
6971
6971
6971
6971
6971
6971
6971
6971
6955
6955
6955
6955
6955
6955
6955
6955
6955
6955
6955
6955
6955
6955
6955
6955
6955
6955
6955
6955
6955
6955
6955
6955
6955
6955
6955
6955
6955
6955
6955
6955
6955
6955
6955
6955
6955
6955
6955
6955
6955
6955
6955
6955
6955
6955
6955
6955
6955
6955
6955