3504
3493
3487
3475
3473
3467
3453
3441
3428
3411
3400
3395
3393
3385
3378
3372
3369
3355
3344
3332
3328
3316
3300
3294
3279
3277
3263
3247
3235
3234
3228
3217
3206
3194
3186
3172
3153
3150
3139
3130
3129
3127
3122
3118
3105
3097
3095
3092
3086
3078
3070
3064
3051
3041
3034
3025
3010
3000
2992
2983
2971
2958
2944
2931
2922
2915
2905
2901
2888
2882
2876
2875
2871
2866
2853
2839
2831
2825
2823
2813
2806
2804
2798
2796
2793
2791
2789
2777
2765
2761
2750
2742
2733
2719
2707
2696
2692
2683
2669
2657
2645
2637
2629
2617
2602
2595
2594
2590
2587
2577
2573
2567
2563
2550
2548
2533
2525
2519
2505
2499
2485
2479
2470
2459
2450
2434
2423
2415
2402
2395
2393
2391
2381
2371
2357
2353
2348
2338
2332
2320
2309
2299
2283
2277
2275
2263
2253
2233
2228
2219
2203
2190
2182
2180
2164
2150
2139
2129
2113
2107
2097
2086
2075
2072
2066
2057
2046
2029
2018
2010
2010
2006
1999
1995
1990
1981
1977
1968
1966
1966
1956
1942
1927
1911
1900
1889
1881
1865
1863
1857
1856
1854
1848
1845
1841
1837
1824
1824
1818
1813
1813
1807
1799
1790
1777
1766
1765
1752
1747
1741
1735
1734
1722
1716
1698
1690
1683
1683
1681
1671
1665
1660
1660
1655
1643
1631
1620
1615
1605
1597
1591
1587
1570
1568
1552
1542
1528
1526
1526
1514
1508
1496
1489
1481
1479
1466
1448
1446
1432
1427
1423
1412
1410
1409
1394
1388
1381
1376
1363
1354
1347
1343
1336
1332
1320
1309
1305
1301
1296
1285
1269
1260
1249
1240
1228
1224
1214
1206
1206
1200
1200
1186
1181
1169
1166
1154
1142
1136
1134
1121
1115
1100
1092
1083
1078
1072
1072
1061
1045
1037
1025
1013
1003
996
984
980
976
965
965
965
963
956
952
952
949
949
947
945
937
935
925
916
903
897
897
881
881
872
864
857
855
840
830
821
813
804
803
803
796
783
770
768
758
750
738
733
726
715
704
699
696
696
688
684
672
669
665
649
645
639
629
622
620
605
598
592
577
565
565
557
555
545
536
520
510
501
498
490
490
477
462
462
454
444
438
427
418
412
406
398
387
378
370
358
356
342
330
322
318
307
303
301
293
280
280
270
267
260
257
254
251
239
231
225
221
219
202
188
184
181
175
161
153
149
141
141
132
118
116
115
113
107
103
100
92
85
84
83
71
61
61
57
44
41
37
33
30
28
27
27
24
24
24
23
23
23
23
23
23
23
23
23
23
23
23
23
23
23
23
23
23
23
23
23
4502
4499
4490
4484
4470
4466
4463
4448
4443
4430
4422
4420
4407
4405
4390
4375
4361
4359
4357
4355
4349
4343
4340
4323
4311
4305
4300
4291
4286
4278
4269
4267
4258
4252
4245
4240
4228
4222
4212
4202
4192
4177
4169
4165
4162
4160
4148
4141
4124
4115
4113
4109
4095
4089
4088
4076
4067
4058
4054
4052
4052
4038
4033
4025
4017
4013
4000
3992
3978
3977
3963
3958
3954
3938
3929
3927
3913
3905
3896
3882
3867
3865
3858
3854
3846
3844
3839
3831
3823
3815
3798
3786
3771
3756
3745
3741
3738
3735
3726
3723
3716
3704
3687
3679
3666
3656
3649
3645
3637
3618
3606
3604
3600
3592
3590
3581
3573
3555
3547
3545
3537
3529
3515
3513
3507
3501
3499
3492
3485
3468
3465
3457
3451
3442
3435
3421
3421
3418
3416
3408
3406
3404
3388
3378
3377
3375
3365
3363
3344
3338
3322
3310
3295
3287
3285
3283
3279
3270
3260
3250
3239
3234
3220
3207
3195
3183
3181
3176
3163
3159
3152
3139
3136
3130
3117
3107
3095
3088
3083
3080
3067
3051
3038
3027
3022
3010
2998
2990
2974
2970
2959
2949
2947
2933
2931
2921
2906
2898
2885
2876
2874
2858
2848
2840
2827
2820
2817
2811
2794
2790
2785
2768
2762
2758
2755
2745
2733
2725
2723
2721
2715
2709
2705
2703
2685
2681
2679
2664
2653
2648
2646
2640
2621
2614
2613
2605
2599
2582
2566
2557
2550
2546
2539
2527
2516
2516
2502
2492
2490
2477
2475
2472
2467
2457
2450
2450
2445
2441
2426
2423
2416
2402
2396
2396
2383
2371
2371
2357
2347
2341
2335
2331
2317
2310
2298
2280
2277
2277
2270
2270
2263
2250
2242
2233
2226
2218
2210
2204
2199
2195
2195
2195
2188
2179
2176
2164
2153
2151
2151
2135
2120
2111
2097
2088
2076
2065
2055
2040
2023
2014
2013
2001
1988
1975
1964
1956
1944
1940
1928
1916
1906
1895
1891
1878
1873
1866
1854
1854
1840
1823
1813
1802
1787
1775
1773
1756
1752
1750
1733
1729
1717
1712
1704
1702
1698
1682
1667
1665
1661
1652
1646
1644
1640
1637
1624
1614
1608
1597
1583
1578
1576
1571
1559
1543
1536
1529
1521
1514
1514
1507
1497
1492
1486
1474
1467
1454
1440
1428
1420
1407
1405
1405
1395
1384
1382
1369
1369
1363
1352
1347
1342
1330
1330
1317
1313
1307
1291
1283
1280
1269
1260
1254
1247
1236
1234
1232
1222
1209
1199
1197
1182
1174
1168
1160
1153
1143
1138
1132
1127
1127
1112
1104
1099
1088
1079
1070
1055
1053
1040
1030
1016
1007
997
994
990
972
961
944
940
932
929
927
918
908
908
898
891
887
877
865
861
860
852
841
835
835
828
820
812
809
807
795
787
772
763
756
756
754
745
731
729
723
719
710
708
702
696
688
677
665
654
641
639
634
627
626
613
603
586
582
565
555
548
542
540
533
529
527
512
505
498
485
473
464
451
440
427
415
409
401
392
389
385
379
369
360
344
342
332
326
324
320
311
311
307
303
293
283
267
260
247
243
242
236
224
216
210
203
191
176
172
158
155
148
141
141
134
122
112
95
87
69
65
60
58
54
44
30
30
28
28
28
28
28
28
23
23
23
23
23
23
23
23
23
23
23
23
23
23
23
23
23
23
23
23
23
3146
3143
3139
3129
3116
3107
3097
3095
3087
3087
3081
3079
3065
3061
3054
3036
3026
3009
2999
2992
2980
2968
2959
2952
2936
2923
2908
2904
2887
2871
2853
2846
2836
2820
2813
2809
2806
2796
2790
2778
2777
2767
2758
2745
2740
2737
2724
2722
2713
2709
2703
2703
2700
2690
2687
2679
2666
2649
2646
2628
2622
2621
2616
2609
2593
2587
2575
2561
2545
2542
2542
2541
2530
2522
2514
2504
2489
2476
2464
2454
2440
2437
2426
2415
2407
2405
2403
2394
2381
2378
2367
2350
2350
2340
2338
2324
2311
2303
2301
2298
2294
2278
2268
2256
2249
2243
2233
2218
2210
2208
2206
2195
2187
2183
2181
2171
2158
2154
2142
2136
2133
2123
2108
2106
2096
2090
2086
2082
2068
2056
2054
2050
2038
2023
2011
2011
2007
1995
1991
1989
1985
1979
1973
1956
1953
1943
1935
1920
1916
1908
1897
1893
1882
1865
1858
1853
1853
1844
1831
1827
1817
1814
1806
1798
1796
1792
1787
1773
1763
1747
1740
1734
1719
1703
1689
1679
1661
1649
1645
1634
1629
1629
1623
1611
1597
1581
1579
1573
1573
1561
1557
1542
1526
1522
1518
1515
1497
1488
1479
1462
1458
1444
1438
1426
1412
1399
1389
1378
1375
1364
1352
1344
1344
1339
1334
1325
1312
1307
1302
1296
1289
1282
1272
1263
1249
1238
1226
1220
1204
1191
1185
1174
1172
1158
1149
1145
1136
1126
1122
1122
1118
1113
1107
1100
1087
1085
1072
1065
1065
1061
1051
1039
1032
1024
1021
1012
998
987
984
982
966
953
949
934
925
917
909
907
896
894
892
884
873
870
868
866
850
840
827
817
812
808
802
799
788
775
772
757
744
740
728
727
721
719
715
707
704
700
685
669
659
653
645
637
630
624
617
609
599
588
582
580
571
567
562
557
556
544
538
530
521
511
511
504
495
485
480
474
466
462
452
436
436
436
436
433
426
424
418
411
409
400
396
391
390
377
369
365
353
349
349
331
323
318
308
304
293
289
272
270
254
248
235
226
214
201
195
194
185
185
173
165
165
154
146
143
129
129
127
117
115
101
94
86
75
72
70
70
70
62
48
42
41
41
40
40
36
35
33
33
27
27
26
26
23
23
23
23
22
22
22
22
22
22
22
22
22
22
22
22
22
22
22
22
22
22
22
22
22
2534
2531
2528
2525
2517
2507
2495
2484
2472
2461
2444
2429
2412
2406
2403
2392
2377
2370
2354
2343
2341
2337
2325
2325
2319
2312
2298
2283
2275
2260
2249
2232
2226
2215
2203
2197
2190
2176
2176
2168
2160
2151
2145
2142
2127
2114
2100
2089
2083
2081
2077
2060
2054
2048
2042
2028
2018
2015
2011
1995
1982
1982
1976
1964
1964
1950
1939
1924
1917
1902
1894
1877
1869
1855
1838
1833
1824
1820
1811
1800
1792
1786
1776
1764
1750
1744
1738
1727
1724
1712
1698
1684
1678
1664
1657
1645
1643
1633
1621
1618
1612
1598
1595
1579
1571
1563
1550
1548
1544
1541
1529
1523
1509
1504
1491
1478
1470
1457
1444
1442
1440
1432
1428
1412
1398
1396
1392
1382
1380
1373
1366
1362
1344
1342
1337
1325
1318
1315
1300
1293
1274
1260
1253
1243
1233
1225
1222
1215
1215
1205
1201
1191
1182
1180
1180
1174
1168
1156
1152
1150
1137
1125
1123
1114
1101
1101
1096
1089
1075
1074
1063
1053
1046
1040
1033
1033
1030
1024
1010
995
984
976
967
949
941
929
918
918
903
887
871
869
858
844
840
830
820
819
814
811
811
796
792
778
767
761
751
739
724
716
697
695
694
685
673
672
669
659
654
647
634
623
610
606
593
581
574
570
567
556
548
544
535
519
509
505
501
499
489
483
481
478
467
456
443
437
422
419
413
402
399
382
377
375
372
372
358
342
334
321
319
319
312
304
293
278
261
247
244
237
224
218
215
213
202
192
192
190
181
169
156
151
145
139
136
132
131
121
112
105
103
99
92
85
72
70
61
50
36
36
36
36
30
25
25
25
23
23
21
21
21
21
21
21
21
21
21
21
21
21
21
21
21
21
21
21
21
21
21
1100
1083
1072
1063
1057
1047
1036
1029
1016
1010
1007
1003
992
976
969
956
948
933
924
921
909
903
887
882
878
867
857
852
835
823
823
808
800
793
787
780
766
753
744
730
726
717
710
705
696
694
679
665
652
647
641
627
619
615
615
606
595
587
577
568
563
546
544
532
527
510
504
504
496
490
478
478
476
474
470
458
452
446
444
434
417
412
407
397
382
376
367
353
351
339
329
323
320
313
304
290
285
275
268
261
249
234
225
219
214
206
204
200
194
182
172
167
164
155
155
144
141
128
116
106
98
97
79
74
60
60
57
51
47
42
40
40
40
40
28
28
23
23
23
23
23
23
23
23
23
23
23
23
23
23
23
23
23
23
23
23
23
25428
25414
25408
25397
25382
25378
25368
25354
25346
25336
25321
25319
25308
25300
25294
25280
25278
25262
25256
25252
25247
25240
25240
25233
25217
25210
25206
25192
25187
25169
25158
25146
25139
25137
25125
25124
25113
25106
25102
25102
25095
25083
25077
25075
25063
25048
25039
25029
25017
25003
25001
24994
24984
24977
24966
24950
24940
24933
24925
24916
24905
24895
24883
24881
24877
24873
24870
24858
24857
24841
24826
24821
24811
24806
24804
24795
24778
24766
24761
24747
24733
24726
24720
24704
24698
24696
24689
24674
24668
24661
24655
24642
24631
24627
24611
24609
24599
24583
24582
24575
24571
24562
24548
24544
24538
24532
24524
24509
24504
24493
24475
24470
24458
24451
24442
24428
24422
24412
24398
24388
24372
24360
24360
24359
24345
24335
24323
24318
24310
24307
24297
24295
24289
24278
24272
24262
24262
24255
24240
24229
24215
24208
24205
24193
24189
24176
24162
24155
24147
24136
24123
24109
24100
24094
24080
24065
24057
24047
24030
24022
24019
24016
24007
24003
23994
23980
23972
23970
23957
23951
23944
23936
23920
23918
23910
23896
23885
23885
23881
23869
23855
23843
23841
23827
23825
23812
23811
23809
23802
23785
23783
23777
23769
23755
23743
23731
23724
23710
23700
23692
23676
23673
23672
23665
23652
23637
23632
23630
23615
23605
23599
23599
23589
23585
23579
23572
23556
23551
23538
23524
23517
23505
23488
23479
23476
23470
23464
23459
23459
23457
23457
23457
23455
23447
23445
23434
23432
23418
23410
23397
23394
23386
23378
23362
23350
23346
23344
23337
23327
23315
23304
23298
23293
23281
23279
23267
23265
23259
23256
23239
23226
23220
23207
23194
23185
23176
23172
23170
23165
23158
23148
23142
23133
23128
23118
23113
23110
23098
23096
23081
23081
23069
23065
23045
23031
23026
23022
23014
23004
22991
22982
22970
22964
22952
22943
22941
22928
22916
22901
22885
22883
22874
22862
22852
22840
22831
22817
22813
22809
22798
22784
22774
22757
22740
22735
22731
22724
22720
22713
22700
22694
22690
22684
22681
22670
22661
22643
22641
22639
22637
22624
22612
22608
22600
22588
22586
22582
22578
22572
22556
22554
22554
22548
22542
22527
22522
22508
22498
22484
22469
22465
22455
22447
22435
22434
22420
22416
22412
22404
22400
22386
22369
22365
22359
22357
22347
22334
22318
22314
22310
22294
22294
22292
22278
22266
22259
22254
22241
22241
22233
22233
22220
22210
22209
22206
22192
22181
22169
22163
22147
22132
22128
22118
22104
22089
22089
22083
22076
22073
22060
22056
22049
22040
22032
22025
22021
22008
22000
21999
21987
21975
21969
21957
21951
21948
21938
21934
21928
21913
21911
21899
21884
21882
21870
21868
21852
21846
21835
21825
21823
21820
21806
21800
21796
21788
21778
21774
21758
21750
21737
21731
21723
21710
21697
21678
21669
21663
21649
21635
21629
21623
21618
21605
21601
21586
21577
21573
21565
21557
21543
21535
21533
21523
21520
21502
21487
21475
21468
21456
21452
21445
21443
21438
21422
21408
21403
21396
21384
21372
21359
21349
21344
21330
21313
21304
21304
21302
21290
21284
21269
21261
21257
21247
21237
21235
21219
21208
21202
21189
21175
21161
21155
21144
21130
21112
21097
21088
21079
21074
21058
21050
21039
21028
21015
20997
20990
20977
20963
20953
20950
20948
20930
20924
20914
20899
20888
20885
20872
20870
20858
20852
20840
20834
20829
20821
20803
20786
20784
20782
20774
20756
20754
20743
20730
20723
20715
20710
20703
20693
20684
20671
20664
20662
20662
20647
20646
20628
20612
20606
20598
20589
20584
20575
20571
20561
20546
20533
20532
20528
20520
20504
20491
20478
20463
20446
20438
20431
20426
20408
20398
20383
20377
20375
20363
20348
20344
20333
20326
20318
20317
20307
20297
20295
20285
20268
20254
20252
20244
20229
20225
20215
20207
20199
20198
20196
20184
20172
20166
20157
20149
20137
20127
20120
20108
20094
20084
20075
20070
20055
20046
20038
20038
20028
20023
20007
19994
19981
19977
19976
19965
19957
19953
19947
19947
19938
19922
19914
19913
19902
19893
19880
19865
19860
19845
19838
19835
19831
19829
19827
19818
19811
19800
19798
19786
19770
19754
19739
19735
19733
19722
19718
19710
19700
19699
19685
19675
19660
19659
19657
19645
19637
19635
19629
19617
19611
19607
19603
19592
19589
19585
19582
19577
19574
19565
19551
19545
19542
19534
19522
19519
19509
19501
19497
19497
19486
19472
19459
19443
19439
19423
19409
19405
19395
19381
19371
19365
19363
19359
19351
19338
19337
19330
19322
19304
19297
19292
19286
19276
19269
19255
19239
19223
19215
19213
19204
19194
19177
19169
19153
19149
19143
19133
19117
19110
19104
19100
19096
19079
19073
19070
19067
19064
19055
19047
19041
19024
19018
19003
18997
18992
18989
18977
18963
18958
18948
18934
18919
18913
18912
18908
18906
18902
18890
18876
18874
18866
18852
18846
18844
18838
18830
18828
18813
18799
18787
18785
18777
18770
18766
18764
18751
18743
18735
18733
18731
18729
18712
18709
18696
18689
18689
18685
18681
18670
18655
18649
18637
18621
18610
18600
18594
18592
18586
18571
18565
18563
18554
18549
18546
18533
18528
18512
18501
18483
18483
18477
18461
18457
18448
18431
18428
18418
18414
18400
18395
18383
18373
18359
18345
18340
18326
18314
18308
18298
18287
18275
18273
18258
18252
18239
18238
18229
18219
18208
18194
18181
18171
18158
18154
18147
18147
18139
18138
18135
18121
18119
18119
18115
18114
18108
18102
18095
18081
18067
18048
18033
18019
18013
17998
17990
17988
17975
17967
17952
17947
17934
17922
17920
17913
17909
17898
17886
17879
17868
17861
17852
17842
17833
17822
17814
17810
17807
17799
17796
17787
17777
17769
17758
17755
17749
17745
17730
17716
17711
17707
17695
17676
17670
17661
17654
17647
17639
17632
17623
17611
17604
17595
17593
17582
17568
17552
17547
17541
17531
17523
17508
17505
17492
17481
17473
17467
17465
17461
17449
17433
17417
17402
17397
17388
17384
17378
17378
17377
17362
17356
17348
17338
17323
17319
17309
17297
17296
17296
17280
17267
17252
17238
17236
17229
17223
17219
17205
17187
17178
17173
17157
17151
17149
17145
17139
17125
17119
17115
17109
17105
17089
17079
17065
17055
17055
17053
17046
17042
17030
17028
17028
17018
17010
16999
16998
16991
16985
16975
16969
16963
16955
16940
16929
16913
16909
16904
16888
16875
16869
16862
16862
16858
16849
16835
16826
16820
16807
16792
16789
16776
16769
16764
16758
16746
16737
16723
16714
16712
16702
16696
16685
16673
16658
16656
16647
16641
16637
16633
16617
16607
16602
16589
16585
16582
16578
16574
16568
16565
16554
16539
16539
16529
16527
16516
16506
16499
16488
16478
16474
16472
16470
16458
16450
16450
16449
16443
16438
16431
16419
16417
16406
16397
16393
16391
16385
16380
16369
16359
16353
16346
16342
16338
16334
16332
16327
16314
16309
16298
16284
16278
16260
16245
16239
16237
16225
16216
16213
16207
16191
16180
16178
16175
16166
16157
16157
16147
16145
16130
16125
16115
16099
16091
16079
16070
16052
16044
16042
16040
16028
16017
16013
16002
15999
15984
15974
15964
15959
15949
15937
15929
15922
15911
15897
15887
15880
15873
15861
15861
15851
15846
15839
15831
15820
15812
15800
15792
15785
15785
15776
15765
15758
15756
15752
15748
15742
15738
15730
15722
15718
15711
15706
15691
15685
15680
15674
15674
15657
15645
15635
15621
15618
15603
15599
15594
15591
15577
15569
15555
15547
15535
15527
15511
15497
15495
15483
15480
15470
15458
15445
15437
15428
15424
15418
15413
15404
15402
15384
15375
15363
15361
15359
15352
15344
15334
15318
15308
15296
15291
15289
15285
15278
15263
15248
15248
15242
15240
15224
15210
15209
15202
15201
15198
15186
15178
15170
15154
15148
15137
15128
15111
15099
15095
15078
15076
15062
15047
15044
15034
15028
15017
15017
15004
14995
14987
14976
14975
14966
14964
14960
14951
14951
14947
14931
14923
14914
14910
14906
14901
14882
14867
14865
14849
14833
14823
14815
14803
14803
14788
14775
14771
14765
14759
14751
14749
14744
14737
14732
14720
14709
14694
14683
14681
14666
14658
14645
14645
14637
14621
14610
14608
14596
14588
14583
14572
14571
14570
14556
14552
14550
14542
14529
14517
14506
14500
14498
14487
14471
14459
14452
14443
14437
14431
14427
14418
14409
14394
14378
14362
14349
14333
14320
14318
14310
14301
14287
14278
14268
14255
14247
14247
14245
14231
14215
14197
14184
14176
14169
14160
14144
14138
14128
14122
14118
14106
14096
14087
14071
14067
14061
14059
14048
14042
14034
14026
14010
14004
14002
13989
13973
13959
13944
13930
13920
13907
13898
13888
13883
13877
13866
13852
13848
13839
13836
13827
13823
13811
13798
13792
13786
13772
13766
13760
13754
13743
13729
13716
13705
13694
13692
13688
13674
13671
13669
13667
13663
13659
13654
13645
13643
13632
13630
13616
13614
13600
13592
13583
13579
13569
13562
13560
13557
13552
13544
13542
13528
13523
13511
13509
13501
13495
13486
13486
13474
13455
13437
13426
13415
13404
13396
13392
13383
13379
13375
13359
13345
13345
13335
13331
13319
13309
13303
13295
13284
13278
13265
13257
13243
13234
13228
13220
13205
13191
13182
13163
13151
13149
13134
13121
13117
13113
13109
13096
13082
13074
13068
13058
13054
13052
13050
13050
13049
13044
13030
13016
13014
13005
13003
12989
12974
12974
12958
12951
12939
12937
12931
12915
12901
12894
12890
12880
12869
12857
12851
12845
12830
12814
12799
12783
12776
12761
12761
12747
12740
12738
12730
12726
12713
12711
12707
12693
12687
12685
12671
12661
12649
12637
12625
12620
12607
12602
12600
12589
12579
12573
12561
12553
12551
12536
12521
12513
12505
12497
12489
12487
12482
12469
12467
12452
12446
12435
12415
12411
12397
12397
12395
12387
12383
12375
12368
12363
12350
12344
12341
12328
12323
12309
12305
12298
12286
12271
12262
12255
12246
12240
12227
12216
12207
12206
12197
12193
12190
12185
12173
12172
12158
12144
12138
12125
12112
12097
12089
12083
12070
12060
12056
12054
12046
12042
12032
12028
12023
12013
11998
11996
11992
11980
11977
11965
11949
11942
11932
11927
11923
11911
11900
11892
11884
11882
11868
11861
11852
11849
11843
11829
11823
11821
11804
11798
11792
11786
11782
11774
11763
11753
11742
11740
11730
11716
11706
11701
11689
11677
11666
11651
11636
11628
11628
11626
11623
11620
11613
11600
11587
11580
11567
11553
11544
11534
11525
11520
11507
11492
11480
11466
11458
11448
11437
11427
11423
11421
11417
11407
11401
11391
11389
11389
11375
11372
11366
11362
11348
11338
11320
11301
11285
11276
11268
11252
11236
11228
11221
11206
11202
11190
11177
11170
11164
11157
11145
11131
11129
11112
11107
11090
11083
11078
11070
11056
11050
11042
11040
11032
11027
11016
11010
11002
10989
10978
10963
10957
10955
10942
10925
10918
10910
10903
10892
10876
10868
10864
10856
10853
10839
10836
10822
10806
10801
10790
10775
10766
10755
10751
10739
10725
10716
10708
10697
10689
10677
10664
10654
10644
10635
10625
10617
10609
10603
10595
10591
10586
10584
10576
10565
10559
10551
10544
10541
10533
10530
10523
10519
10507
10505
10493
10484
10477
10463
10459
10455
10441
10426
10423
10415
10411
10407
10403
10390
10379
10364
10359
10355
10345
10332
10326
10310
10309
10302
10300
10287
10279
10267
10250
10245
10234
10227
10212
10203
10189
10179
10166
10161
10154
10141
10135
10131
10115
10100
10091
10083
10079
10063
10055
10048
10046
10041
10028
10012
9996
9992
9982
9967
9950
9934
9928
9924
9912
9904
9897
9883
9880
9872
9865
9855
9842
9836
9830
9819
9815
9810
9800
9788
9772
9763
9754
9740
9730
9721
9716
9715
9701
9691
9680
9674
9668
9667
9660
9654
9640
9624
9609
9607
9599
9590
9586
9579
9575
9571
9562
9551
9547
9532
9526
9513
9510
9502
9487
9470
9462
9456
9450
9444
9430
9425
9425
9417
9402
9391
9383
9375
9360
9350
9346
9338
9326
9318
9307
9299
9287
9273
9259
9257
9245
9243
9229
9215
9214
9210
9204
9204
9204
9197
9193
9183
9180
9172
9158
9144
9131
9121
9108
9098
9092
9087
9072
9068
9058
9045
9030
9016
9007
9007
8994
8987
8976
8965
8950
8940
8931
8927
8921
8909
8901
8889
8884
8874
8868
8851
8847
8846
8845
8831
8824
8810
8801
8791
8781
8779
8770
8769
8769
8756
8741
8734
8730
8720
8718
8708
8704
8700
8689
8688
8678
8672
8660
8648
8634
8622
8618
8611
8603
8596
8587
8578
8576
8572
8560
8558
8545
8535
8531
8518
8518
8511
8499
8485
8477
8470
8466
8452
8446
8434
8425
8423
8410
8406
8392
8389
8377
8371
8371
8363
8346
8341
8335
8329
8318
8316
8301
8286
8284
8275
8269
8262
8260
8248
8238
8225
8213
8208
8197
8193
8179
8162
8153
8152
8140
8132
8127
8113
8096
8085
8073
8063
8061
8053
8049
8049
8044
8033
8019
8005
8001
7997
7992
7980
7972
7958
7958
7949
7935
7933
7927
7911
7899
7893
7886
7875
7875
7873
7865
7861
7844
7844
7833
7824
7809
7807
7803
7792
7792
7773
7764
7762
7754
7740
7725
7723
7721
7716
7712
7699
7694
7679
7667
7663
7653
7647
7636
7632
7630
7622
7606
7600
7591
7575
7559
7557
7548
7545
7532
7528
7520
7504
7487
7474
7470
7459
7454
7448
7439
7437
7435
7422
7421
7421
7413
7408
7405
7399
7389
7377
7361
7355
7351
7344
7333
7316
7313
7304
7290
7277
7267
7251
7249
7235
7235
7231
7229
7228
7214
7203
7199
7193
7188
7186
7174
7170
7162
7147
7140
7131
7131
7117
7113
7112
7106
7102
7094
7092
7076
7061
7045
7045
7030
7023
7012
6994
6990
6988
6978
6959
6946
6932
6928
6914
6904
6889
6877
6868
6855
6853
6847
6828
6819
6813
6803
6795
6793
6790
6781
6770
6766
6756
6750
6738
6736
6729
6723
6711
6697
6688
6688
6673
6663
6649
6642
6625
6613
6610
6608
6604
6602
6590
6586
6580
6572
6567
6562
6553
6544
6526
6514
6506
6502
6490
6488
6469
6466
6460
6456
6448
6436
6428
6424
6407
6402
6398
6391
6378
6378
6368
6366
6363
6347
6334
6327
6313
6298
6294
6280
6266
6253
6245
6233
6223
6207
6206
6191
6184
6172
6170
6167
6165
6156
6146
6138
6129
6125
6109
6109
6096
6080
6068
6067
6055
6049
6042
6034
6025
6016
6012
6006
5990
5980
5974
5957
5953
5951
5944
5929
5923
5908
5899
5895
5877
5874
5871
5864
5855
5841
5834
5823
5813
5807
5799
5785
5773
5765
5755
5754
5743
5734
5730
5720
5711
5701
5699
5693
5677
5669
5665
5650
5637
5633
5628
5626
5608
5601
5601
5599
5595
5595
5586
5574
5572
5559
5548
5546
5535
5519
5505
5501
5499
5490
5477
5462
5457
5447
5438
5434
5423
5420
5410
5410
5401
5395
5393
5391
5387
5371
5363
5357
5345
5343
5329
5323
5317
5301
5299
5289
5285
5277
5270
5264
5256
5254
5250
5242
5234
5232
5224
5220
5210
5205
5205
5203
5199
5189
5176
5161
5157
5155
5154
5150
5136
5127
5119
5116
5102
5089
5079
5064
5052
5052
5037
5034
5022
5008
5000
4993
4987
4972
4957
4946
4939
4925
4914
4912
4899
4893
4888
4886
4884
4880
4876
4867
4867
4858
4855
4853
4847
4839
4835
4831
4821
4817
4807
4807
4791
4791
4781
4775
4773
4769
4759
4757
4755
4753
4740
4726
4716
4712
4710
4706
4701
4685
4683
4670
4657
4650
4649
4638
4636
4630
4616
4616
4608
4604
4587
4571
4569
4566
4549
4546
4528
4516
4512
4500
4496
4484
4484
4478
4464
4456
4450
4447
4440
4436
4432
4432
4422
4413
4398
4394
4390
4390
4373
4367
4358
4354
4348
4340
4337
4321
4315
4304
4292
4280
4268
4268
4252
4237
4223
4208
4207
4198
4185
4183
4173
4160
4143
4134
4126
4117
4114
4109
4094
4084
4084
4071
4055
4052
4045
4037
4034
4026
4018
4008
3994
3989
3979
3969
3962
3962
3959
3959
3957
3955
3946
3944
3943
3938
3938
3938
3933
3922
3912
3897
3897
3883
3869
3851
3838
3825
3813
3808
3800
3793
3780
3778
3765
3749
3749
3743
3729
3719
3701
3684
3673
3661
3653
3647
3643
3639
3637
3635
3621
3615
3603
3595
3582
3574
3572
3554
3550
3536
3532
3523
3515
3504
3504
3499
3485
3481
3477
3462
3454
3436
3427
3416
3403
3402
3394
3385
3374
3362
3355
3348
3341
3338
3335
3335
3333
3329
3329
3314
3306
3306
3293
3279
3277
3269
3263
3252
3234
3225
3223
3213
3208
3196
3186
3179
3176
3158
3156
3150
3140
3129
3121
3113
3099
3097
3092
3081
3079
3070
3058
3050
3046
3040
3030
3025
3020
3010
3003
2999
2982
2971
2967
2956
2943
2932
2932
2920
2915
2903
2902
2900
2893
2891
2880
2865
2855
2853
2850
2839
2839
2826
2814
2808
2794
2780
2772
2767
2763
2761
2757
2744
2741
2729
2729
2722
2709
2703
2695
2682
2676
2667
2654
2652
2640
2636
2622
2614
2608
2608
2593
2592
2591
2585
2579
2573
2565
2554
2550
2548
2538
2529
2528
2524
2519
2507
2496
2492
2488
2475
2463
2456
2454
2441
2439
2424
2418
2413
2409
2398
2385
2382
2381
2379
2379
2370
2364
2354
2349
2341
2326
2322
2312
2308
2303
2297
2283
2275
2269
2265
2257
2251
2243
2235
2223
2207
2196
2194
2191
2179
2172
2167
2163
2149
2141
2133
2124
2117
2105
2098
2086
2077
2073
2073
2066
2058
2046
2036
2025
2024
2018
2004
1997
1985
1980
1978
1976
1971
1955
1947
1945
1933
1925
1909
1899
1895
1879
1876
1860
1858
1850
1837
1826
1815
1808
1799
1783
1769
1755
1743
1727
1716
1712
1697
1689
1679
1673
1656
1646
1638
1626
1623
1615
1607
1595
1591
1581
1570
1570
1557
1543
1532
1524
1513
1513
1501
1493
1489
1479
1469
1469
1460
1460
1450
1441
1433
1433
1425
1418
1408
1395
1390
1380
1372
1357
1353
1343
1332
1332
1328
1312
1304
1289
1283
1273
1259
1248
1242
1227
1221
1212
1197
1185
1181
1170
1166
1150
1132
1128
1128
1122
1107
1100
1098
1081
1078
1074
1058
1047
1042
1034
1024
1016
1015
997
985
985
981
974
969
956
952
947
947
940
934
933
929
921
917
905
902
895
892
876
874
872
872
867
854
840
830
818
801
789
789
778
774
772
768
756
739
732
719
706
701
696
690
684
666
662
662
660
645
636
630
626
623
617
603
603
590
578
578
562
546
545
537
531
525
511
495
485
474
462
454
441
439
427
421
409
403
401
394
385
380
368
358
356
354
352
342
332
328
317
310
302
293
285
282
282
262
252
240
226
209
196
190
174
165
163
157
138
132
121
111
111
99
85
76
75
73
63
63
57
57
40
39
39
39
27
27
27
24
24
24
24
24
24
24
24
24
24
24
24
24
24
24
24
24
24
22
22
22
22
22
22
22
22
22
22
22
22
22
22
22
22
22
22
22
22
22
5491
5489
5480
5466
5458
5447
5445
5434
5428
5414
5406
5397
5395
5389
5385
5372
5362
5361
5348
5348
5340
5334
5330
5317
5310
5299
5282
5266
5260
5247
5232
5215
5196
5187
5184
5174
5162
5160
5158
5152
5150
5148
5132
5128
5118
5116
5111
5107
5102
5091
5086
5084
5074
5070
5066
5056
5048
5043
5039
5033
5029
5026
5014
4999
4993
4978
4973
4969
4958
4956
4956
4941
4926
4915
4907
4892
4892
4883
4867
4864
4858
4849
4846
4841
4837
4827
4825
4817
4804
4794
4784
4781
4772
4770
4753
4741
4739
4729
4726
4716
4701
4699
4682
4670
4665
4653
4643
4626
4612
4606
4602
4592
4589
4584
4578
4574
4569
4557
4544
4531
4526
4511
4499
4486
4482
4479
4474
4460
4457
4442
4440
4431
4421
4411
4407
4395
4385
4369
4359
4346
4341
4334
4322
4319
4311
4299
4294
4290
4288
4278
4264
4257
4255
4248
4244
4234
4228
4223
4208
4202
4192
4188
4186
4182
4169
4165
4156
4144
4140
4136
4127
4112
4104
4102
4099
4094
4084
4076
4070
4059
4046
4042
4040
4029
4013
4003
3991
3985
3977
3975
3965
3954
3950
3937
3932
3928
3922
3912
3904
3890
3884
3869
3853
3851
3847
3847
3831
3825
3816
3802
3786
3784
3776
3764
3754
3749
3744
3742
3730
3722
3718
3711
3707
3700
3695
3691
3680
3674
3664
3659
3654
3645
3632
3629
3622
3620
3602
3590
3577
3561
3556
3546
3531
3528
3520
3515
3500
3490
3480
3466
3452
3447
3434
3420
3409
3395
3388
3376
3360
3354
3344
3333
3327
3311
3299
3297
3289
3283
3281
3271
3268
3266
3255
3241
3233
3225
3213
3204
3194
3185
3173
3171
3165
3159
3157
3149
3135
3120
3111
3097
3091
3077
3066
3052
3040
3039
3027
3025
3023
3017
3004
2997
2990
2975
2973
2968
2955
2942
2934
2928
2916
2913
2903
2893
2886
2873
2867
2851
2847
2835
2828
2818
2807
2795
2780
2778
2764
2756
2754
2740
2724
2711
2708
2705
2697
2688
2684
2670
2660
2652
2636
2632
2617
2605
2603
2590
2580
2568
2558
2542
2535
2526
2510
2501
2493
2485
2474
2468
2464
2450
2447
2432
2429
2412
2398
2385
2375
2363
2360
2354
2351
2344
2335
2328
2318
2308
2291
2287
2281
2272
2261
2252
2244
2244
2240
2227
2213
2199
2189
2174
2172
2161
2144
2136
2128
2117
2115
2100
2098
2079
2066
2065
2064
2054
2043
2039
2037
2019
2007
2000
1994
1982
1977
1971
1968
1962
1954
1945
1935
1922
1921
1909
1909
1894
1890
1878
1870
1856
1845
1839
1835
1835
1831
1822
1816
1804
1800
1788
1775
1762
1747
1739
1731
1729
1724
1722
1719
1704
1696
1686
1682
1668
1653
1650
1644
1629
1614
1611
1598
1583
1579
1571
1557
1553
1544
1534
1524
1519
1512
1510
1496
1482
1478
1468
1453
1434
1425
1411
1406
1400
1391
1383
1373
1361
1356
1348
1340
1340
1331
1325
1318
1310
1304
1289
1278
1268
1264
1262
1262
1260
1244
1242
1231
1217
1203
1188
1172
1158
1143
1137
1134
1122
1120
1116
1111
1100
1086
1083
1067
1063
1061
1059
1051
1042
1027
1017
1006
998
984
975
962
950
944
933
933
922
910
904
899
898
884
877
869
858
854
838
821
821
816
810
808
792
776
776
766
755
746
742
727
714
712
712
706
694
686
683
677
665
663
654
648
637
630
626
613
609
595
593
583
569
565
563
557
548
543
530
516
511
508
501
492
489
480
466
449
449
442
433
415
412
404
401
395
383
383
376
363
347
338
326
322
322
306
306
301
299
299
294
279
275
266
254
243
242
234
228
222
214
200
196
189
184
182
172
168
168
162
153
142
136
127
123
117
108
103
91
88
85
73
65
61
56
56
53
52
48
48
40
38
35
35
33
33
33
23
22
22
22
22
22
22
22
22
22
22
22
22
22
22
22
22
22
22
22
22
22
7829
7817
7808
7797
7788
7783
7781
7773
7758
7750
7737
7724
7711
7704
7699
7690
7678
7663
7650
7632
7620
7617
7601
7597
7584
7568
7564
7560
7558
7554
7550
7532
7525
7509
7493
7489
7485
7483
7469
7462
7447
7445
7443
7429
7425
7409
7405
7398
7394
7389
7374
7364
7364
7350
7348
7333
7331
7324
7319
7310
7300
7290
7278
7266
7266
7258
7245
7240
7234
7224
7223
7207
7206
7202
7192
7187
7179
7176
7162
7155
7145
7128
7122
7115
7113
7107
7091
7087
7069
7065
7053
7041
7041
7027
7022
7006
6999
6994
6977
6966
6959
6951
6936
6929
6929
6923
6923
6921
6916
6905
6903
6889
6881
6867
6856
6856
6850
6836
6834
6830
6824
6814
6801
6789
6775
6759
6752
6751
6733
6729
6719
6719
6715
6712
6696
6681
6672
6669
6656
6652
6635
6621
6614
6597
6593
6584
6582
6578
6564
6545
6540
6527
6513
6511
6509
6503
6494
6492
6481
6478
6460
6442
6430
6419
6409
6409
6395
6386
6384
6377
6370
6368
6362
6351
6336
6321
6310
6300
6295
6289
6287
6286
6284
6280
6271
6260
6253
6246
6238
6228
6222
6214
6210
6210
6206
6201
6189
6185
6181
6169
6168
6156
6137
6135
6121
6107
6103
6099
6095
6081
6071
6068
6061
6051
6051
6041
6033
6023
6019
6011
5994
5990
5977
5975
5956
5948
5936
5928
5920
5907
5894
5892
5881
5871
5859
5856
5843
5843
5834
5830
5830
5820
5811
5807
5800
5782
5779
5766
5764
5752
5739
5725
5717
5704
5692
5679
5669
5658
5643
5627
5616
5613
5601
5595
5584
5568
5557
5552
5551
5549
5548
5537
5530
5517
5513
5497
5486
5480
5471
5465
5450
5447
5446
5431
5424
5412
5402
5384
5368
5357
5351
5347
5347
5343
5323
5307
5294
5282
5282
5270
5265
5265
5251
5246
5236
5233
5220
5212
5195
5188
5181
5171
5162
5158
5149
5134
5127
5113
5100
5082
5075
5073
5056
5050
5035
5031
5024
5016
5013
5011
5003
4994
4993
4982
4974
4974
4970
4961
4957
4940
4934
4924
4918
4912
4900
4898
4886
4872
4872
4867
4865
4852
4850
4839
4825
4820
4810
4797
4794
4777
4771
4765
4753
4745
4732
4726
4712
4700
4696
4691
4678
4666
4654
4649
4642
4637
4630
4613
4611
4593
4587
4578
4573
4563
4551
4546
4544
4534
4534
4524
4522
4507
4499
4484
4474
4469
4465
4456
4443
4435
4426
4424
4410
4404
4392
4379
4376
4368
4352
4342
4338
4330
4312
4295
4289
4279
4271
4261
4246
4240
4233
4227
4213
4204
4189
4174
4172
4170
4166
4154
4140
4136
4120
4108
4104
4098
4092
4090
4081
4078
4071
4059
4045
4041
4037
4033
4031
4029
4021
4010
4004
3998
3983
3975
3969
3952
3947
3945
3941
3925
3906
3904
3898
3890
3882
3869
3862
3854
3847
3838
3832
3821
3817
3806
3795
3783
3769
3761
3746
3735
3727
3721
3721
3712
3710
3702
3702
3689
3680
3662
3657
3653
3644
3644
3632
3618
3604
3596
3593
3585
3572
3570
3552
3547
3530
3528
3521
3511
3502
3498
3494
3484
3477
3475
3462
3451
3440
3435
3425
3416
3404
3402
3394
3386
3379
3366
3362
3358
3340
3328
3324
3312
3310
3297
3286
3280
3271
3254
3243
3243
3241
3237
3230
3220
3216
3215
3204
3204
3193
3184
3173
3169
3158
3143
3132
3124
3116
3112
3107
3096
3081
3073
3057
3054
3052
3038
3034
3026
3022
3014
2997
2980
2967
2950
2938
2925
2912
2903
2895
2885
2877
2870
2860
2856
2841
2827
2816
2812
2798
2789
2780
2766
2764
2760
2754
2743
2725
2715
2712
2704
2690
2676
2666
2660
2657
2653
2647
2641
2634
2616
2612
2602
2597
2593
2576
2566
2553
2539
2537
2526
2515
2507
2502
2499
2499
2493
2491
2485
2482
2477
2473
2458
2453
2439
2426
2417
2415
2405
2397
2395
2385
2379
2366
2356
2347
2343
2333
2316
2309
2302
2292
2280
2263
2246
2236
2236
2229
2213
2208
2202
2187
2185
2183
2167
2167
2163
2153
2142
2134
2127
2114
2105
2094
2085
2082
2068
2062
2046
2039
2030
2020
2017
2003
1997
1994
1982
1970
1962
1948
1943
1933
1926
1925
1924
1914
1906
1904
1904
1898
1886
1883
1871
1869
1866
1863
1858
1857
1846
1842
1840
1836
1830
1820
1818
1812
1804
1790
1787
1781
1777
1763
1745
1739
1727
1714
1701
1688
1684
1669
1657
1655
1640
1634
1623
1612
1610
1604
1587
1581
1574
1571
1556
1544
1532
1516
1512
1500
1500
1486
1484
1476
1467
1450
1438
1437
1435
1420
1409
1399
1393
1389
1377
1369
1360
1348
1336
1332
1323
1312
1310
1300
1289
1282
1280
1265
1248
1242
1235
1225
1221
1213
1200
1196
1191
1184
1168
1162
1162
1157
1143
1132
1130
1124
1116
1106
1106
1098
1094
1090
1079
1066
1063
1059
1043
1041
1029
1028
1018
1014
1001
985
973
960
948
943
930
919
915
912
895
883
867
857
846
834
832
825
810
796
782
780
770
753
749
747
743
737
723
709
701
697
689
685
683
674
665
655
647
643
633
626
624
615
613
610
597
588
584
580
571
570
562
550
544
527
518
505
495
484
470
459
448
446
430
418
405
393
381
374
370
369
360
344
338
334
329
313
298
294
286
284
275
275
263
257
256
243
243
240
229
218
202
192
185
177
173
171
169
166
155
148
146
146
144
138
137
137
137
135
134
134
128
124
122
122
122
115
107
99
91
83
83
83
69
60
47
35
35
30
30
26
25
25
23
23
23
23
23
23
23
23
23
23
23
23
23
23
23
23
23
23
23
23
23
10613
10602
10597
10586
10574
10561
10556
10548
10540
10524
10512
10500
10494
10487
10482
10476
10470
10458
10440
10438
10431
10416
10400
10392
10389
10373
10357
10351
10351
10347
10345
10339
10324
10317
10309
10297
10288
10286
10272
10262
10249
10243
10226
10213
10205
10199
10193
10187
10182
10175
10162
10154
10150
10147
10141
10139
10130
10124
10121
10121
10107
10105
10088
10082
10072
10063
10053
10049
10035
10022
10014
10010
9997
9990
9977
9971
9965
9950
9948
9942
9940
9938
9926
9918
9914
9908
9892
9878
9874
9870
9858
9851
9846
9843
9829
9821
9809
9805
9800
9788
9779
9774
9764
9754
9746
9732
9726
9711
9709
9703
9693
9690
9678
9670
9658
9648
9632
9623
9610
9603
9590
9583
9571
9557
9540
9536
9534
9529
9513
9499
9497
9483
9471
9468
9462
9450
9443
9441
9431
9425
9415
9401
9390
9386
9374
9362
9351
9345
9328
9312
9296
9287
9285
9273
9258
9249
9232
9227
9223
9217
9215
9208
9195
9181
9164
9153
9149
9148
9134
9125
9121
9102
9101
9093
9087
9083
9071
9063
9054
9052
9044
9028
9018
9005
9001
8991
8986
8971
8967
8956
8947
8933
8916
8905
8901
8895
8881
8867
8855
8845
8841
8825
8814
8807
8798
8791
8776
8762
8760
8752
8747
8738
8730
8720
8716
8706
8695
8689
8686
8670
8662
8659
8656
8653
8652
8646
8633
8626
8612
8601
8601
8588
8581
8572
8561
8547
8529
8519
8516
8504
8497
8496
8491
8479
8473
8462
8456
8452
8434
8422
8406
8398
8379
8367
8362
8354
8342
8338
8325
8307
8290
8274
8272
8267
8263
8252
8240
8235
8234
8224
8211
8198
8181
8166
8160
8150
8138
8124
8111
8096
8083
8075
8071
8061
8059
8054
8044
8036
8030
8016
8006
7990
7990
7980
7976
7962
7950
7947
7937
7933
7923
7910
7898
7890
7873
7861
7849
7836
7828
7816
7810
7801
7795
7793
7791
7773
7763
7761
7751
7744
7741
7739
7735
7727
7713
7696
7683
7677
7663
7655
7640
7626
7614
7598
7595
7592
7589
7575
7563
7551
7539
7528
7518
7506
7493
7487
7483
7470
7455
7449
7432
7429
7416
7406
7404
7400
7398
7388
7384
7380
7371
7364
7347
7334
7330
7327
7315
7310
7302
7299
7283
7273
7259
7252
7235
7225
7222
7213
7200
7188
7175
7160
7156
7149
7145
7139
7137
7127
7123
7118
7105
7099
7094
7093
7082
7076
7066
7059
7059
7054
7047
7043
7034
7026
7024
7015
7000
6992
6990
6979
6977
6977
6969
6961
6945
6939
6928
6916
6900
6896
6882
6873
6871
6857
6853
6841
6825
6822
6812
6797
6785
6779
6770
6756
6750
6735
6727
6721
6715
6707
6695
6681
6679
6677
6675
6667
6664
6664
6658
6647
6643
6637
6621
6610
6603
6603
6597
6597
6593
6590
6576
6570
6568
6558
6555
6551
6543
6543
6536
6526
6522
6514
6510
6504
6500
6492
6477
6459
6447
6430
6420
6406
6400
6392
6377
6371
6355
6343
6335
6326
6323
6317
6307
6305
6296
6280
6277
6265
6255
6244
6230
6214
6210
6195
6179
6174
6168
6156
6148
6139
6121
6110
6104
6097
6091
6079
6068
6054
6037
6029
6018
6010
6008
6000
6000
5985
5981
5975
5965
5961
5959
5944
5937
5931
5925
5921
5905
5897
5894
5879
5875
5863
5863
5859
5857
5853
5847
5837
5824
5816
5802
5797
5786
5781
5777
5763
5752
5742
5740
5738
5732
5718
5708
5700
5689
5687
5681
5669
5663
5651
5642
5636
5618
5611
5607
5601
5587
5579
5577
5571
5560
5552
5550
5546
5542
5535
5530
5529
5516
5514
5507
5498
5495
5489
5476
5462
5457
5446
5432
5424
5414
5408
5399
5392
5382
5371
5358
5344
5340
5326
5310
5295
5281
5272
5265
5259
5245
5233
5218
5212
5210
5194
5189
5175
5173
5158
5156
5141
5132
5126
5121
5117
5107
5092
5079
5072
5070
5061
5050
5046
5044
5029
5015
5006
4992
4988
4975
4960
4944
4931
4925
4920
4914
4909
4905
4893
4884
4884
4882
4876
4873
4869
4857
4855
4840
4824
4813
4811
4811
4805
4799
4795
4788
4784
4774
4771
4761
4757
4748
4748
4744
4733
4731
4713
4710
4705
4699
4690
4688
4684
4670
4664
4663
4661
4652
4650
4645
4644
4637
4632
4622
4613
4601
4590
4586
4576
4572
4571
4571
4555
4537
4531
4527
4511
4505
4499
4493
4481
4470
4458
4445
4433
4422
4420
4408
4402
4400
4392
4384
4374
4367
4359
4357
4345
4336
4328
4320
4310
4310
4296
4287
4280
4262
4256
4240
4230
4213
4205
4200
4187
4185
4178
4169
4166
4149
4147
4137
4135
4121
4114
4110
4104
4102
4100
4096
4088
4081
4075
4067
4064
4050
4037
4028
4022
4010
3995
3995
3995
3982
3976
3973
3969
3958
3948
3946
3939
3937
3921
3913
3899
3889
3876
3874
3868
3866
3855
3845
3843
3832
3817
3813
3811
3806
3795
3778
3776
3761
3748
3744
3740
3734
3723
3721
3719
3714
3707
3698
3689
3682
3669
3654
3646
3644
3638
3628
3622
3619
3611
3607
3603
3597
3590
3577
3573
3564
3559
3553
3544
3540
3530
3522
3510
3508
3492
3476
3466
3464
3453
3447
3442
3440
3438
3423
3416
3412
3393
3384
3381
3375
3365
3361
3355
3353
3350
3345
3333
3322
3308
3304
3296
3296
3286
3269
3262
3261
3247
3233
3229
3223
3221
3207
3196
3182
3169
3160
3147
3147
3135
3131
3119
3119
3107
3104
3100
3086
3082
3072
3055
3047
3032
3023
3009
2999
2993
2991
2987
2980
2966
2952
2950
2943
2935
2934
2932
2918
2917
2904
2896
2883
2881
2873
2873
2860
2846
2835
2823
2809
2807
2795
2795
2783
2781
2781
2767
2754
2749
2744
2741
2735
2729
2719
2710
2697
2686
2682
2679
2666
2662
2655
2642
2629
2623
2609
2607
2602
2594
2580
2572
2569
2567
2565
2556
2554
2545
2535
2531
2525
2523
2513
2507
2491
2484
2475
2465
2457
2446
2440
2432
2418
2401
2387
2373
2363
2358
2345
2331
2320
2316
2312
2302
2302
2293
2291
2279
2266
2264
2249
2247
2241
2238
2231
2220
2209
2209
2191
2188
2182
2168
2155
2151
2148
2133
2124
2113
2110
2098
2088
2074
2068
2060
2055
2054
2039
2025
2021
2013
1997
1982
1978
1975
1966
1958
1944
1929
1924
1914
1903
1889
1880
1876
1870
1862
1860
1849
1831
1831
1816
1810
1802
1788
1777
1773
1763
1759
1749
1741
1738
1728
1722
1718
1702
1700
1696
1683
1679
1667
1651
1635
1624
1620
1616
1614
1609
1607
1603
1597
1594
1591
1577
1571
1564
1549
1539
1537
1535
1529
1522
1516
1504
1502
1493
1480
1474
1464
1451
1438
1424
1420
1406
1403
1399
1399
1385
1376
1360
1347
1333
1331
1327
1315
1301
1287
1274
1272
1255
1248
1243
1237
1229
1223
1215
1213
1211
1208
1193
1193
1186
1170
1170
1160
1154
1137
1133
1122
1116
1106
1096
1092
1079
1066
1064
1062
1052
1040
1037
1024
1011
1007
993
993
991
984
972
968
964
949
948
941
927
914
912
898
884
884
882
878
875
874
866
859
848
844
837
829
827
823
819
819
807
803
793
780
772
756
753
739
735
719
708
700
694
684
669
666
657
645
643
635
627
619
617
613
602
592
579
579
575
562
545
541
522
517
512
496
491
480
467
466
450
436
426
421
410
396
382
382
365
361
354
352
344
331
326
312
304
290
277
277
275
267
266
258
256
255
239
236
236
230
220
218
215
208
200
182
182
165
165
151
135
129
119
117
110
94
94
89
89
71
69
67
52
48
48
47
43
33
33
33
24
24
24
24
24
24
24
24
24
24
24
23
23
23
23
23
23
23
23
23
23
23
23
23
23
23
23
23
23
23
23
23
9063
9054
9044
9036
9023
9009
8995
8987
8971
8966
8958
8942
8935
8929
8927
8916
8910
8896
8883
8870
8862
8860
8851
8835
8833
8823
8808
8802
8802
8792
8784
8776
8765
8757
8740
8738
8724
8713
8703
8693
8687
8677
8668
8655
8643
8641
8638
8636
8623
8613
8601
8588
8583
8572
8570
8559
8547
8543
8537
8523
8516
8506
8502
8498
8496
8486
8485
8479
8464
8464
8449
8441
8427
8420
8415
8405
8401
8388
8382
8377
8375
8367
8363
8355
8345
8333
8322
8317
8311
8298
8295
8290
8286
8280
8276
8272
8264
8248
8235
8234
8222
8215
8200
8196
8181
8177
8167
8163
8151
8142
8134
8125
8109
8101
8095
8085
8074
8060
8058
8056
8054
8047
8032
8030
8030
8016
8007
8007
7991
7977
7975
7962
7953
7940
7927
7919
7917
7914
7902
7887
7873
7870
7855
7850
7842
7838
7834
7825
7812
7798
7792
7778
7774
7763
7747
7740
7738
7725
7714
7712
7706
7703
7685
7681
7671
7661
7646
7640
7631
7623
7623
7613
7604
7590
7585
7572
7566
7561
7558
7552
7550
7548
7543
7541
7533
7530
7526
7508
7506
7504
7498
7490
7478
7476
7471
7467
7464
7454
7437
7435
7431
7419
7418
7416
7404
7400
7397
7385
7380
7370
7357
7346
7342
7340
7330
7325
7312
7303
7291
7284
7275
7259
7257
7244
7242
7230
7214
7207
7191
7185
7177
7171
7156
7142
7138
7136
7132
7126
7120
7108
7106
7092
7077
7070
7062
7056
7042
7036
7021
7021
7019
7009
7001
6989
6980
6976
6963
6955
6954
6950
6938
6927
6920
6916
6906
6895
6887
6885
6879
6869
6861
6855
6853
6846
6835
6832
6824
6808
6804
6802
6796
6793
6780
6765
6761
6752
6743
6738
6720
6706
6705
6693
6677
6663
6657
6642
6636
6628
6614
6614
6598
6583
6567
6563
6554
6548
6542
6532
6521
6509
6496
6485
6476
6466
6451
6443
6439
6424
6412
6408
6406
6398
6388
6386
6384
6375
6370
6358
6341
6323
6308
6300
6290
6279
6269
6262
6256
6244
6235
6221
6217
6209
6205
6202
6200
6187
6183
6168
6158
6154
6146
6137
6126
6116
6112
6110
6099
6085
6085
6081
6065
6055
6039
6035
6033
6019
6008
6008
5992
5977
5966
5960
5948
5946
5938
5924
5916
5913
5900
5885
5873
5868
5860
5847
5841
5837
5829
5815
5805
5789
5776
5761
5751
5740
5725
5708
5708
5696
5679
5667
5659
5650
5647
5641
5629
5618
5611
5599
5595
5589
5585
5579
5570
5560
5556
5549
5539
5534
5517
5507
5493
5487
5473
5461
5458
5443
5437
5421
5409
5398
5394
5383
5383
5374
5366
5351
5347
5343
5333
5318
5312
5302
5300
5293
5282
5277
5271
5264
5251
5237
5224
5216
5204
5196
5183
5177
5173
5173
5173
5172
5164
5160
5158
5152
5138
5128
5123
5118
5117
5099
5091
5081
5074
5067
5054
5041
5029
5029
5025
5015
5009
5001
4994
4991
4976
4964
4960
4955
4943
4941
4933
4933
4927
4915
4904
4899
4895
4890
4887
4878
4872
4863
4857
4855
4850
4841
4838
4832
4829
4827
4815
4804
4796
4793
4792
4778
4763
4752
4744
4727
4715
4703
4701
4698
4690
4685
4676
4674
4668
4655
4655
4647
4633
4625
4612
4608
4593
4591
4589
4585
4572
4570
4566
4563
4544
4536
4522
4512
4506
4500
4490
4487
4481
4465
4453
4445
4430
4426
4423
4412
4394
4379
4363
4360
4352
4349
4346
4333
4325
4311
4300
4295
4293
4284
4278
4272
4270
4264
4248
4242
4236
4236
4229
4223
4214
4207
4203
4194
4180
4166
4158
4154
4152
4141
4139
4132
4122
4104
4096
4091
4083
4065
4051
4039
4035
4024
4008
4000
3984
3980
3968
3962
3952
3952
3946
3944
3938
3934
3929
3924
3907
3901
3886
3874
3868
3860
3854
3848
3840
3832
3828
3820
3806
3799
3784
3778
3766
3758
3748
3731
3718
3709
3697
3689
3677
3669
3669
3663
3653
3651
3646
3645
3637
3624
3613
3596
3586
3578
3576
3570
3558
3555
3553
3545
3537
3531
3525
3521
3517
3509
3496
3489
3478
3473
3463
3456
3454
3449
3432
3421
3419
3403
3397
3395
3387
3385
3378
3364
3354
3343
3340
3326
3312
3310
3296
3290
3277
3273
3263
3256
3253
3251
3233
3221
3211
3209
3203
3190
3186
3181
3169
3165
3154
3142
3134
3131
3130
3120
3109
3099
3094
3086
3071
3057
3049
3031
3025
3021
3016
3013
2997
2987
2979
2975
2965
2953
2939
2926
2910
2902
2896
2882
2871
2865
2860
2847
2843
2839
2837
2823
2822
2821
2808
2792
2788
2779
2765
2760
2751
2749
2747
2745
2730
2722
2708
2701
2690
2682
2667
2651
2638
2634
2620
2614
2609
2603
2598
2585
2574
2570
2556
2544
2536
2532
2519
2513
2503
2497
2490
2481
2467
2458
2440
2432
2425
2424
2416
2409
2398
2387
2382
2381
2377
2359
2343
2338
2328
2315
2314
2303
2298
2289
2279
2273
2262
2251
2241
2231
2220
2213
2209
2199
2186
2182
2179
2168
2156
2156
2148
2145
2134
2126
2122
2122
2122
2114
2097
2091
2086
2083
2073
2058
2043
2042
2036
2026
2012
2009
1999
1983
1970
1960
1948
1946
1938
1934
1932
1928
1926
1919
1917
1908
1903
1899
1887
1883
1869
1861
1847
1839
1837
1833
1827
1824
1818
1818
1810
1800
1786
1784
1774
1764
1757
1741
1735
1732
1727
1721
1717
1703
1687
1681
1675
1675
1671
1669
1660
1644
1632
1632
1627
1613
1609
1607
1604
1597
1586
1572
1568
1566
1552
1548
1539
1531
1530
1523
1515
1515
1507
1493
1479
1467
1455
1450
1450
1440
1426
1410
1406
1404
1390
1390
1390
1386
1375
1365
1352
1350
1336
1328
1323
1319
1317
1309
1305
1291
1277
1275
1260
1244
1234
1234
1228
1228
1213
1211
1206
1201
1193
1182
1168
1158
1158
1152
1140
1126
1122
1107
1103
1101
1097
1080
1080
1077
1064
1056
1038
1031
1027
1014
1014
1004
1000
987
985
979
973
956
950
940
938
928
918
916
916
910
896
890
888
884
870
866
860
853
838
825
821
811
802
792
786
777
767
756
739
733
725
718
708
699
691
685
682
681
673
667
656
654
643
641
623
618
614
614
606
602
591
589
583
577
570
553
544
542
528
526
514
506
506
505
491
487
479
471
469
464
445
436
434
428
422
422
420
412
396
379
375
364
354
350
341
336
323
305
297
284
269
260
257
247
235
222
214
212
203
196
190
186
180
174
162
152
150
135
135
125
123
114
109
103
97
97
93
91
87
79
77
63
48
48
48
34
25
25
25
25
25
23
23
23
23
23
23
23
23
23
23
23
23
23
23
23
23
23
23
23
23
23