329
514
494
564
162
180
620
198
314
608
432
508
165
369
434
292
185
449
456
357
576
337
225
542
299
98
199
303
356
417
472
574
178
274
876
467
648
282
175
658
388
509
779
686
315
235
326
297
238
310
402
375
448
350
307
173
265
576
157
113
350
507
109
293
333
176
289
224
337
454
248
355
209
125
261
257
104
268
315
394
127
172
99
512
549
556
193
121
207
319
151
127
250
457
309
601
496
508
199
385
525
306
330
311
448
152
386
470
341
354
451
435
467
192
296
366
446
223
272
269
209
470
565
357
216
282
244
502
183
397
232
392
212
498
314
429
52
597
92
633
489
404
141
368
230
290
694
126
378
691
654
220
317
412
315
288
577
606
525
133
133
702
110
349
113
498
137
241
539
273
419
763
561
360
469
210
579
516
164
261
78
245
217
408
403
265
163
315
348
455
389
539
93
357
339
115
309
198
372
373
322
347
367
471
146
368
51
102
544
494
174
239
467
208
226
511
365
686
237
444
648
245
512
350
527
370
218
256
240
467
540
310
266
165
483
250
431
100
460
431
389
320
684
471
267
422
400
244
314
109
505
168
652
524
160
701
591
626
235
268
280
362
222
486
72
491
335
182
518
532
346
265
302
155
381
165
172
365
564
596
89
175
516
315
79
382
69
603
374
546
348
354
122
296
557
245
381
98
352
189
304
55
271
213
319
572
281
570
173
485
186
488
227
404
242
187
664
184
48
408
469
344
458
163
97
456
704
262
48
157
452
591
288
301
491
158
545
286
406
166
321
554
325
488
199
383
245
395
111
284
595
497
494
506
559
327
391
370
152
502
272
416
183
236
345
523
233
104
533
469
87
482
365
366
200
126
391
497
523
73
221
265
217
411
533
293
480
160
134
203
296
277
594
292
237
137
642
551
44
271
304
160
345
265
656
189
146
460
276
387
302
219
371
513
263
296
414
630
67
377
131
279
570
439
519
486
221
148
312
395
229
311
475
360
627
174
395
206
489
362
658
296
169
87
139
511
134
529
296
209
444
178
784
372
600
597
566
233
603
354
155
544
331
269
578
499
136
495
399
200
218
536
262
370
476
173
104
173
184
120
461
204
459
44
202
325
524
258
277
591
467
311
322
90
225
648
479
154
383
210
602
122
303
196
179
501
342
323
656
261
194
184
557
628
478
185
578
576
133
166
473
633
271
522
199
565
568
558
349
209
390
247
451
281
519
207
195
134
379
560
453
143
690
187
229
173
74
517
179
438
590
125
512
474
535
210
602
233
357
572
448
316
620
104
311
416
210
566
186
214
247
105
411
187
458
531
173
530
649
476
418
282
236
380
174
462
517
96
548
225
308
335
61
52
198
267
261
438
353
398
257
458
292
241
370
630
729
550
301
654
402
319
72
522
254
321
388
231
296
498
265
246
408
494
489
247
444
216
363
508
187
447
321
187
238
535
481
393
316
64
581
149
244
405
717
248
385
587
385
576
171
527
236
494
163
153
360
609
546
545
169
374
604
215
387
537
478
659
156
571
477
397
394
171
503
286
409
113
572
232
95
399
325
277
235
334
225
206
143
629
364
465
266
215
490
457
322
197
225
293
216
182
500
531
490
460
151
282
117
463
227
99
83
296
279
473
255
337
385
230
204
74
478
573
226
575
358
247
273
196
392
104
237
169
491
423
380
675
763
185
156
156
653
269
392
499
255
127
480
321
315
341
530
511
421
243
511
575
520
34
578
153
163
658
462
574
487
168
162
310
120
403
407
320
281
619
296
422
378
415
346
260
179
105
534
106
330
516
397
211
130
275
456
359
299
235
411
196
335
237
285
372
244
444
383
293
100
212
263
506
526
365
418
216
322
285
137
551
405
408
377
175
464
34
509
218
301
319
324
168
262
350
79
240
388
528
503
438
231
201
278
335
147
597
352
424
136
389
246
320
366
175
330
473
279
422
285
538
159
267
371
456
413
136
589
307
62
94
373
93
563
173
404
460
474
303
586
237
175
266
150
168
123
372
308
370
448
565
351
55
317
618
639
420
605
237
217
377
61
176
385
576
101
783
370
541
500
362
267
124
629
117
105
95
421
413
532
531
126
278
409
573
166
375
533
182
702
150
413
442
366
156
551
162
679
254
132
315
290
390
345
177
97
304
358
212
120
369
197
545
209
184
233
164
472
112
604
315
251
192
402
159
480
181
307
555
145
662
240
404
157
357
128
147
488
599
426
161
63
351
132
434
432
118
349
219
631
341
176
271
391
195
167
215
342
155
219
418
298
396
163
277
597
359
531
533
389
637
315
251
306
112
343
433
430
202
205
440
248
219
232
226
654
193
336
139
334
214
59
130
289
217
419
541
318
628
90
697
408
517
248
135
313
280
486
439
360
132
515
393
397
240
482
715
619
174
635
315
126
205
633
207
516
113
626
499
405
201
59
86
266
378
352
433
162
486
425
555
296
522
196
766
509
306
327
474
338
415
89
324
548
125
500
186
130
490
200
490
421
157
417
220
69
631
209
274
633
133
237
321
552
387
315
519
531
434
144
122
238
221
573
97
356
304
154
276
200
208
396
59
378
290
292
582
184
397
538
308
302
457
436
441
402
538
248
254
363
162
383
526
505
261
515
165
347
296
313
311
326
583
695
144
136
444
240
185
244
170
312
540
671
236
52
447
427
417
648
407
262
325
65
254
300
280
444
362
464
373
518
271
155
241
167
414
421
343
489
362
233
123
408
399
423
153
85
377
204
442
143
568
335
271
204
343
115
577
513
549
254
288
365
511
334
521
482
356
502
247
210
186
628
180
170
341
629
257
222
166
572
586
274
690
529
406
132
324
365
550
216
178
199
160
265
194
136
531
92
283
129
481
68
433
75
346
437
433
566
99
227
494
143
379
172
431
480
435
281
168
280
249
480
334
168
67
168
445
183
259
254
406
351
242
403
448
238
542
381
249
424
170
660
317
497
757
383
345
337
465
554
245
405
42
422
552
259
218
317
112
548
185
266
283
214
433
397
87
539
632
245
440
146
61
439
375
243
509
115
614
415
73
511
120
436
473
328
501
502
345
203
614
294
336
139
542
154
395
126
111
276
357
302
417
135
576
447
251
635
296
477
564
358
512
131
587
595
327
311
606
623
448
338
558
527
400
131
236
635
380
304
273
469
191
243
279
383
172
309
640
386
314
135
474
518
413
273
490
362
466
543
62
615
319
385
349
469
779
451
302
571
236
230
462
397
403
391
265
485
333
563
222
504
478
341
104
487
187
189
107
241
111
521
450
135
246
257
831
265
301
751
149
85
165
309
166
308
186
90
176
125
277
278
448
370
251
165
688
255
295
444
282
523
244
73
362
472
218
410
354
385
271
264
612
186
142
229
204
633
236
612
150
287
451
510
259
340
525
279
470
468
262
560
419
258
254
642
118
412
265
381
179
173
145
406
269
264
497
610
233
145
147
229
633
333
411
199
162
397
270
311
250
545
405
334
449
581
515
649
397
520
286
450
314
133
330
204
638
162
406
396
295
250
560
283
209
211
360
501
349
55
104
358
617
706
274
379
241
146
95
146
449
173
409
423
751
667
312
178
287
83
462
607
390
236
100
104
146
192
493
271
681
152
310
433
615
427
483
381
183
284
337
205
151
372
581
175
393
406
410
264
226
208
197
156
628
370
483
231
316
506
318
411
127
168
418
180
248
281
383
297
392
548
382
225
126
430
506
345
471
252
588
522
245
400
178
237
456
401
582
523
241
330
453
193
89
525
379
377
393
188
247
124
84
653
318
159
162
538
328
361
360
571
118
477
336
402
223
451
357
390
189
429
327
475
135
259
422
248
106
267
366
320
453
562
509
573
109
39
166
321
298
564
486
284
356
602
342
148
102
394
408
248
571
454
176
353
340
125
252
387
199
291
686
269
538
540
572
132
316
546
336
362
121
273
461
401
487
397
184
153
702
228
116
280
137
329
129
598
495
540
141
517
404
328
326
609
193
500
319
178
237
357
211
485
310
530
197
218
391
125
239
270
468
677
144
46
776
265
186
712
255
240
159
343
572
423
197
242
546
316
551
218
540
274
198
609
83
262
485
93
163
127
512
184
325
463
653
196
576
120
293
208
382
95
467
232
506
590
111
434
448
348
547
165
159
265
311
259
250
530
349
446
77
382
497
476
156
172
486
166
204
92
224
562
432
271
314
150
470
124
352
132
365
357
286
376
412
502
460
501
474
266
351
172
467
28
143
236
236
386
636
335
268
368
263
486
531
208
388
144
106
225
202
182
444
372
603
436
550
672
281
250
143
325
251
264
517
154
405
252
139
357
187
393
295
124
517
555
148
381
372
133
256
334
431
100
484
336
205
83
278
193
639
89
398
228
460
433
613
254
245
149
559
436
129
405
553
578
561
95
650
390
269
118
161
77
128
549
355
290
215
486
252
436
439
172
71
222
350
513
526
470
416
485
257
391
273
535
441
248
217
290
363
121
89
414
586
297
475
482
157
498
440
568
254
281
685
377
403
362
468
422
72
282
583
155
203
594
266
252
265
483
468
91
566
446
491
344
496
620
283
479
308
212
296
515
602
377
325
422
217
601
122
212
261
228
384
309
831
387
251
241
595
170
519
351
228
321
168
289
689
340
249
362
641
112
545
258
310
619
463
468
182
274
150
235
374
413
194
367
345
245
315
381
436
455
545
165
546
125
116
531
361
292
323
323
449
205
274
543
184
480
629
237
116
508
569
140
121
724
310
294
340
130
476
541
228
150
244
503
195
458
297
403
326
461
193
214
396
77
475
203
234
494
179
450
660
290
466
183
550
245
437
263
120
652
387
487
757
447
145
165
419
660
240
324
420
230
432
70
321
400
275
523
286
510
264
264
152
191
84
155
160
301
362
225
113
73
332
589
394
227
294
376
105
260
541
271
448
187
385
518
412
74
370
295
491
218
465
399
588
194
121
503
400
96
475
510
162
299
633
184
173
492
430
303
505
638
238
220
280
373
429
404
178
269
336
589
261
516
185
445
153
610
491
531
276
601
450
229
299
490
493
267
626
400
264
547
209
199
462
278
392
380
155
68
346
330
368
252
671
172
417
164
360
563
445
227
313
105
524
629
160
442
252
112
143
95
478
740
533
698
341
457
270
248
856
352
296
358
284
144
165
536
406
509
227
308
477
153
224
423
287
338
337
507
88
120
482
341
300
573
433
407
415
338
270
242
166
607
428
166
70
66
495
190
530
489
729
186
147
235
87
487
398
371
596
90
213
399
150
360
511
238
320
203
90
661
147
519
422
319
274
151
472
478
349
197
426
393
301
337
80
170
506
473
432
447
374
490
568
594
350
591
535
293
423
706
371
691
203
377
103
287
430
220
279
251
400
179
291
558
182
330
419
509
374
374
204
155
276
130
121
513
92
692
318
455
503
249
214
364
255
303
130
462
118
120
223
325
109
258
525
204
169
119
320
84
41
420
306
121
329
155
100
284
73
327
137
149
364
502
657
217
116
163
315
250
261
262
309
236
277
289
630
130
103
474
542
170
374
589
226
222
170
341
672
341
318
358
186
215
200
810
493
434
643
279
92
297
236
390
182
129
626
365
191
220
339
396
166
495
379
201
577
412
222
154
512
271
127
324
500
695
291
337
497
589
169
360
258
469
622
370
275
359
271
626
362
139
638
263
200
180
575
319
650
338
379
569
614
250
328
342
369
171
209
562
133
275
385
603
519
199
291
518
203
430
332
347
163
195
107
363
188
271
328
104
153
121
106
542
394
119
111
700
215
415
338
244
179
301
197
217
377
509
439
420
300
262
445
367
498
161
94
428
275
263
217
412
297
201
147
449
143
166
322
372
221
92
453
92
401
513
525
367
248
424
286
255
293
130
297
307
466
190
443
102
474
334
177
168
362
158
505
340
247
515
408
87
258
212
562
272
453
370
223
326
304
153
132
470
312
447
145
453
382
604
432
208
437
273
861
592
468
643
73
492
203
391
281
128
325
266
398
123
529
160
428
376
233
250
160
187
131
771
422
586
222
162
245
67
730
252
346
246
232
201
136
507
374
435
488
459
519
530
180
668
119
485
384
511
201
473
336
402
450
562
153
464
336
303
96
612
516
409
192
410
456
217
576
366
303
345
462
482
364
265
452
522
640
620
213
409
459
146
380
177
31
349
513
674
417
551
632
142
351
322
470
601
76
617
551
254
379
405
514
144
224
490
399
101
442
399
143
287
288
223
600
238
98
451
346
502
297
569
203
378
230
220
200
520
379
303
195
248
546
365
487
146
386
322
249
326
173
276
221
487
272
568
337
361
345
136
491
271
425
464
160
566
604
384
185
692
549
356
465
344
249
524
169
466
287
127
128
216
385
360
313
440
488
219
642
334
287
193
341
260
276
237
154
293
111
234
356
471
389
298
131
352
112
469
299
480
646
739
707
266
302
359
177
482
313
322
175
567
407
478
361
232
300
147
338
167
225
294
474
331
417
463
358
103
319
493
190
275
443
235
215
461
602
241
504
378
234
127
424
455
278
465
551
322
317
584
203
381
362
355
474
329
199
169
330
83
568
356
559
458
621
244
500
206
414
547
520
102
205
542
149
478
108
315
230
407
475
653
73
549
209
335
256
353
592
507
487
215
486
221
321
137
301
163
397
164
434
279
420
138
392
261
362
649
449
392
616
174
379
134
228
588
311
504
247
209
292
545
156
476
262
347
168
290
236
552
167
521
377
211
437
350
452
565
183
225
157
428
326
128
591
641
519
541
453
471
417
63
103
318
463
643
433
472
493
247
342
261
245
120
302
323
362
466
519
614
439
408
668
599
281
321
592
270
174
290
85
322
104
209
396
489
244
425
294
387
308
369
639
684
564
69
249
469
437
151
452
208
598
265
567
248
371
88
324
642
209
245
555
188
441
158
650
363
82
572
565
522
646
255
82
592
123
214
202
229
523
540
548
447
135
371
97
236
193
168
163
578
281
76
147
772
189
113
388
512
479
278
510
249
191
323
172
155
214
490
516
350
357
430
268
543
418
316
335
227
464
392
542
594
63
263
353
107
91
581
580
548
125
266
304
263
251
220
189
486
247
418
216
192
618
199
80
432
503
117
140
357
567
364
304
468
354
100
626
268
194
643
567
632
543
805
464
123
544
408
547
130
348
332
323
490
394
332
307
621
176
420
458
305
180
499
625
122
552
142
533
413
116
462
334
395
316
351
642
461
195
483
690
652
510
460
182
575
249
190
616
235
400
86
111
498
268
162
624
115
127
263
116
230
296
395
526
138
430
268
559
586
592
729
387
219
353
458
187
384
329
72
380
369
260
446
548
273
280
178
106
263
334
547
498
361
344
111
332
406
314
226
582
461
296
691
370
104
618
174
492
168
119
189
237
162
684
182
299
134
202
195
618
524
248
358
367
782
577
100
520
566
346
422
84
563
250
320
94
562
360
149
575
365
257
453
430
309
111
319
531
175
61
752
520
593
366
401
92
147
372
188
176
330
593
473
510
71
603
348
276
532
467
525
642
241
626
205
289
210
370
431
348
280
554
511
179
187
321
147
330
568
211
111
560
135
492
432
749
381
477
175
113
578
270
572
116
189
165
322
273
521
375
172
395
511
133
117
442
134
370
502
405
165
413
202
132
493
204
233
160
418
165
70
416
440
144
501
267
485
473
659
140
252
289
547
287
403
343
421
385
249
116
265
356
279
204
496
187
542
489
346
99
585
111
283
473
232
195
226
235
136
443
599
134
498
180
463
157
146
492
192
207
548
409
491
153
486
309
439
468
496
72
368
304
128
632
234
283
138
309
99
526
526
548
664
192
498
229
363
398
329
118
457
145
423
585
354
277
398
439
273
171
347
292
233
286
517
170
549
210
367
129
336
220
443
321
194
428
271
134
151
209
392
235
201
571
262
525
429
169
395
542
190
393
192
538
341
136
332
310
204
215
578
470
412
515
537
449
208
291
269
330
107
555
186
394
494
416
180
490
98
354
303
173
266
175
331
170
254
545
359
90
281
170
205
720
141
307
265
219
399
452
98
359
327
413
258
406
396
136
415
407
366
284
197
257
661
307
594
130
629
512
152
261
334
709
474
113
583
117
602
354
670
254
153
266
600
505
562
160
165
556
258
144
475
682
329
96
110
356
173
516
161
559
448
214
493
454
533
599
266
149
320
480
612
316
450
292
180
196
634
225
200
322
297
495
284
436
94
625
363
339
169
317
92
371
284
228
176
431
580
247
309
481
337
215
224
609
181
251
263
184
316
467
83
149
197
289
209
612
574
158
188
269
90
640
372
290
665
151
186
212
296
196
404
154
438
132
152
129
503
408
107
194
362
316
601
253
252
207
600
281
571
498
102
79
372
386
396
302
397
347
160
512
228
255
415
478
213
334
322
549
453
689
108
602
378
549
487
184
652
372
540
498
279
154
330
404
126
467
382
337
654
247
436
429
306
244
430
549
592
618
478
138
250
394
580
70
134
207
336
313
260
470
619
128
243
288
327
449
386
405
359
157
220
190
709
370
144
198
454
212
324
402
298
299
569
234
325
165
74
455
436
291
424
365
521
347
439
202
438
135
508
180
547
165
134
196
242
73
251
129
251
379
399
610
498
178
374
115
289
344
615
339
153
350
162
419
792
374
388
487
495
141
583
119
115
571
362
387
600
496
452
136
269
339
133
76
127
194
145
351
368
276
170
142
231
369
281
174
185
185
433
182
704
398
694
610
530
725
427
131
302
242
274
216
311
553
407
274
401
332
328
443
187
211
267
548
442
373
277
299
475
256
457
171
234
490
502
397
377
320
122
309
192
250
467
166
286
152
710
367
318
317
185
144
535
566
491
292
260
223
360
61
213
317
419
530
239
345
229
501
434
241
446
132
508
416
347
489
600
414
173
488
287
496
568
234
209
359
404
248
425
389
505
167
143
530
483
156
155
228
288
100
113
509
681
281
396
173
391
268
601
188
608
317
330
440
344
380
287
169
214
309
337
524
148
507
281
238
367
616
322
274
378
340
675
579
570
398
321
187
93
695
240
102
508
197
326
536
471
418
345
396
351
168
318
183
190
323
635
379
196
476
269
498
365
136
117
311
424
89
152
516
324
439
305
146
532
175
73
391
230
307
110
522
383
478
423
568
180
159
228
445
521
618
210
218
597
131
423
529
512
267
181
586
156
489
73
572
792
530
59
180
402
502
258
180
362
254
105
435
704
388
274
109
673
448
138
497
277
547
619
125
406
577
43
547
258
472
429
359
577
478
315
279
129
452
123
86
444
414
468
167
180
161
527
569
430
308
595
272
453
225
608
373
296
178
639
545
241
552
459
385
384
309
451
230
480
290
230
280
310
573
286
333
242
574
449
158
148
427
168
65
371
34
179
637
332
114
149
194
653
423
118
445
385
198
604
298
315
204
487
485
235
273
251
578
454
287
577
587
470
376
434
119
145
639
388
367
261
239
584
566
490
213
306
809
442
357
379
515
547
133
454
253
126
143
646
208
208
690
392
544
521
474
392
157
634
134
478
474
333
291
509
597
150
375
144
246
165
58
156
213
112
150
136
524
394
176
263
495
504
490
354
37
604
180
488
241
161
435
608
239
574
472
518
520
369
338
127
416
138
260
678
506
301
426
203
713
121
556
367
612
496
185
514
180
295
407
227
338
266
552
494
443
224
518
282
441
206
551
209
200
208
370
193
151
278
431
313
282
146
476
153
377
578
368
455
596
381
420
215
360
105
199
581
158
376
258
262
304
408
116
420
368
335
154
253
164
585
515
337
335
613
370
273
158
371
332
108
543
296
437
392
61
599
282
145
682
416
266
200
310
709
236
194
641
305
449
445
175
397
318
234
607
395
209
473
167
164
607
446
171
308
361
350
624
164
303
600
618
440
362
243
193
475
228
178
596
495
253
315
541
400
137
238
210
477
267
283
441
224
571
173
328
349
61
555
517
49
285
257
126
236
231
210
415
156
340
244
296
158
448
293
498
189
345
304
144
223
769
425
372
110
222
228
274
423
629
285
176
254
597
356
363
431
90
302
139
216
295
373
559
504
332
566
311
375
465
243
279
335
408
165
486
152
729
693
577
224
615
675
434
355
367
114
276
408
387
617
388
595
456
346
633
161
236
350
415
529
152
344
104
93
228
390
289
315
421
598
482
140
550
578
212
525
695
572
519
554
215
133
402
284
636
254
523
643
173
333
260
220
428
121
125
186
443
313
136
315
391
490
422
271
339
571
87
442
304
562
191
668
690
398
90
414
308
265
468
132
432
87
337
219
614
466
509
392
239
442
259
165
195
70
333
332
310
113
147
443
393
215
385
503
99
289
258
225
519
126
480
328
520
143
79
307
173
200
237
426
403
185
553
464
267
270
492
366
275
296
545
125
525
540
219
369
150
513
104
249
472
476
84
394
510
438
498
216
162
136
694
468
489
250
445
301
193
186
395
408
603
230
791
228
152
429
452
580
207
455
141
523
316
427
115
650
184
360
545
257
403
87
186
236
487
235
200
375
485
350
458
163
463
428
160
247
486
495
385
260
333
431
286
256
645
523
637
617
377
585
655
124
252
346
133
114
529
517
449
139
369
241
140
425
338
126
519
351
454
655
340
152
449
341
390
114
473
519
503
63
470
381
306
372
223
137
520
355
363
185
121
184
631
215
302
497
319
251
115
191
218
498
523
134
850
86
137
442
222
101
271
326
84
57
482
102
389
172
421
421
548
156
361
263
401
327
520
140
495
118
413
302
350
172
436
134
476
183
221
619
625
472
318
252
209
212
252
659
153
607
187
406
523
61
159
410
203
105
343
198
397
212
154
500
208
404
179
376
242
213
530
531
157
122
400
614
189
310
400
267
294
195
187
210
513
179
249
555
323
152
274
426
418
577
224
598
205
569
135
189
409
430
122
493
376
322
319
177
540
390
122
270
134
174
352
145
242
479
551
327
409
622
357
508
411
584
116
273
313
493
478
391
205
642
659
122
213
304
553
292
351
481
352
461
287
142
194
604
301
402
203
130
459
251
97
293
211
519
624
169
395
733
147
104
232
310
165
497
399
191
221
246
363
642
520
349
75
626
364
209
582
478
335
386
174
594
570
91
135
633
249
356
225
325
323
250
127
506
143
343
432
355
595
281
398
283
358
366
607
439
176
276
172
78
611
288
308
442
231
244
487
450
74
403
521
317
222
209
369
357
463
648
177
186
268
155
225
458
301
412
554
188
178
188
361
116
71
502
181
668
147
589
244
284
113
623
396
145
507
649
342
461
126
172
475
184
412
99
332
85
297
198
177
482
222
304
132
534
152
276
490
355
306
180
290
335
285
380
571
587
191
567
354
670
675
150
493
284
318
267
469
483
268
384
227
174
329
41
207
420
395
205
324
169
385
207
694
272
563
760
366
174
517
633
391
585
448
623
458
274
248
602
661
560
384
327
215
565
237
328
111
329
85
401
546
111
126
248
275
215
130
83
153
310
589
248
127
117
129
237
275
184
701
493
173
233
487
336
659
137
221
355
315
289
377
383
201
540
484
241
394
549
578
242
627
835
389
481
567
582
131
381
412
133
352
413
245
197
863
579
120
128
608
555
122
519
331
148
522
519
131
341
247
450
280
513
321
271
293
550
774
172
157
232
562
367
333
279
188
801
169
147
572
126
167
210
623
327
120
310
411
701
214
497
482
266
190
303
407
499
281
398
676
189
616
579
338
711
275
627
214
293
237
395
118
303
213
288
227
499
580
611
257
373
571
260
587
284
98
160
137
349
69
308
571
218
222
601
218
256
261
365
518
359
181
233
273
439
395
206
219
276
255
522
366
559
171
563
444
163
231
349
234
105
343
551
617
660
511
140
440
189
391
607
453
228
587
317
496
280
610
399
381
504
609
404
304
401
101
235
111
266
399
694
354
461
145
345
440
351
277
206
226
225
159
124
325
193
530
458
517
107
94
162
412
232
285
335
221
350
448
532
385
123
149
566
149
166
479
586
397
476
337
414
449
339
159
177
606
260
148
117
367
242
238
575
409
250
613
284
321
248
480
211
327
196
182
543
495
345
203
651
164
535
175
610
327
223
510
514
331
135
199
400
280
149
340
604
94
350
614
649
344
140
254
680
381
182
192
508
148
324
530
233
185
451
164
435
280
87
265
461
414
116
611
649
135
230
136
344
444
553
311
177
216
401
254
211
116
517
793
264
371
315
217
541
150
647
475
181
167
362
687
97
600
380
235
794
606
574
748
220
433
91
587
633
348
341
615
244
850
198
378
527
102
462
90
455
42
249
259
252
556
375
738
426
83
542
489
382
93
228
524
399
332
457
465
467
158
492
230
106
271
589
407
536
426
183
416
549
306
439
267
481
431
469
192
625
682
91
273
508
178
346
263
275
143
232
96
349
239
216
468
145
562
130
362
126
255
328
416
187
445
468
829
183
545
130
131
453
481
258
207
179
575
410
544
83
451
490
264
269
159
576
354
540
257
322
422
61
445
285
464
221
450
291
397
404
500
296
190
290
105
167
413
44
437
571
508
536
652
197
265
286
173
781
244
695
247
179
128
79
460
331
326
165
236
487
536
627
239
562
141
513
388
302
287
166
620
508
351
295
229
377
641
384
789
127
555
572
394
273
163
127
190
499
359
169
273
604
264
106
179
204
191
193
365
114
123
359
672
105
615
467
729
152
295
348
240
227
188
375
415
603
395
243
466
268
178
503
335
461
409
301
108
217
89
120
213
196
140
177
221
179
438
154
281
623
408
621
170
383
518
93
188
446
342
512
675
360
271
357
500
419
392
300
311
187
442
160
213
282
485
477
271
148
539
548
411
277
201
420
370
90
92
292
326
371
797
345
221
79
591
154
531
131
236
221
423
309
404
128
337
580
736
137
79
126
379
208
232
351
581
140
210
256
192
195
476
766
307
137
557
109
437
296
765
141
489
165
595
240
206
539
298
165
312
99
372
234
305
516
306
360
427
148
368
105
489
466
356
435
451
305
220
173
240
179
259
112
430
180
283
439
446
492
521
270
185
606
381
298
221
353
174
379
127
249
388
449
512
578
517
328
612
139
448
238
567
329
116
358
484
140
217
248
356
466
280
192
534
434
312
458
212
76
437
617
315
310
441
278
268
421
350
430
121
230
243
343
459
183
180
494
242
430
268
201
214
595
416
405
406
534
161
209
221
262
395
400
678
418
270
591
334
330
248
385
565
305
565
186
595
354
74
439
347
86
80
92
532
200
276
513
470
369
555
521
606
290
423
479
533
236
300
224
338
446
504
775
556
603
427
286
234
649
550
232
338
573
198
570
424
473
227
118
63
305
294
864
316
168
413
403
533
273
313
539
518
676
255
368
449
287
131
551
192
213
177
304
332
225
398
632
605
97
481
373
697
321
578
195
429
396
458
293
311
142
439
309
460
401
293
277
133
686
338
118
225
561
235
525
269
312
441
505
103
317
359
165
355
116
152
447
238
152
526
344
248
337
309
282
125
272
626
294
600
208
154
612
211
348
113
672
205
562
243
180
253
427
472
82
292
365
265
253
116
419
489
308
58
421
348
266
608
205
173
115
355
261
526
202
382
429
268
536
310
324
54
306
222
457
597
335
371
671
373
374
397
476
497
562
514
429
446
260
94
379
123
545
368
158
223
122
81
542
275
201
153
188
117
156
585
203
238
308
315
598
573
580
714
434
179
276
280
513
325
54
218
464
311
196
327
357
205
415
421
305
297
454
526
104
566
212
661
484
226
449
208
95
317
266
325
595
460
505
327
141
333
585
292
370
409
547
163
346
535
285
297
529
102
332
345
222
389
503
308
506
451
607
250
408
411
474
232
118
145
262
487
353
177
177
128
317
390
478
774
64
485
457
353
320
460
187
180
460
366
576
443
385
122
619
185
425
561
348
538
350
262
259
353
612
338
162
256
527
139
239
394
321
374
376
536
230
147
421
180
393
610
363
403
389
564
582
153
331
353
79
345
441
234
297
606
124
291
517
471
508
291
290
636
563
227
166
433
188
398
223
400
448
227
172
298
664
210
155
326
273
222
384
176
443
49
202
535
529
549
133
383
333
541
153
289
692
199
288
356
392
437
350
256
391
325
125
233
293
315
384
56
127
375
190
420
354
637
296
520
158
453
453
118
143
295
213
628
319
132
535
441
615
327
556
219
358
156
432
314
447
234
182
253
279
234
490
450
521
639
133
681
460
386
171
213
602
452
369
545
289
145
444
513
570
526
173
111
617
199
425
437
140
284
670
436
454
407
206
434
343
140
332
428
546
191
324
224
217
450
523
678
456
227
592
483
310
361
327
431
460
235
368
324
213
659
339
65
423
780
240
522
504
235
179
145
262
184
390
150
553
205
210
134
194
348
361
605
345
72
97
295
208
562
510
197
164
159
692
384
120
133
527
375
112
444
350
326
313
417
201
256
402
428
105
131
482
636
266
150
292
104
346
320
372
206
219
604
352
236
328
293
388
178
160
209
331
487
220
452
220
211
507
106
304
462
141
292
285
316
81
595
137
416
509
219
70
262
190
440
416
421
316
335
457
177
462
139
369
95
188
635
224
107
423
540
443
246
701
91
310
201
424
444
385
521
428
316
254
467
78
356
380
236
409
509
187
376
139
299
349
494
466
337
365
598
352
674
285
433
323
208
534
174
560
674
555
111
640
609
496
265
146
635
342
120
383
535
223
545
660
214
417
391
188
241
212
220
417
194
414
440
203
343
213
407
354
206
577
550
249
127
298
107
266
418
331
343
452
195
53
418
472
490
293
251
209
328
202
137
224
246
322
121
211
559
302
181
320
262
385
153
613
512
301
303
298
426
399
464
164
474
639
218
446
351
436
380
556
315
318
329
517
529
277
567
307
643
128
625
487
108
259
288
320
342
443
570
649
89
441
417
171
578
159
145
108
437
415
84
161
200
135
444
112
603
198
217
192
383
176
327
272
438
147
431
376
270
304
276
367
300
236
240
563
468
572
216
313
351
133
334
356
471
214
312
552
462
563
539
191
381
401
189
304
596
250
312
258
140
137
269
570
269
399
507
493
228
155
142
191
307
209
321
296
425
293
565
727
643
365
519
240
428
249
470
181
507
168
92
374
450
289
368
533
549
376
300
385
617
128
374
206
582
243
536
259
507
79
187
304
445
414
312
61
108
255
326
613
397
461
672
507
502
96
420
144
487
447
340
108
134
556
323
370
202
275
532
347
310
232
426
190
314
61
266
193
320
299
465
515
117
608
257
428
288
194
441
185
88
310
436
240
174
308
359
593
337
457
303
607
305
430
237
247
536
82
536
407
464
571
425
471
416
145
143
532
368
353
284
198
165
205
147
195
318
786
333
344
436
562
601
241
367
391
142
225
335
234
296
249
232
338
345
504
249
213
538
476
473
487
296
594
177
550
251
215
159
243
120
193
343
468
283
216
132
397
422
517
140
380
401
296
327
236
456
102
527
125
435
78
525
474
113
249
323
122
349
147
174
573
532
529
294
328
199
160
289
327
411
290
172
97
124
261
114
557
175
431
286
383
300
399
465
314
200
233
289
175
217
429
200
226
201
271
335
176
655
117
442
346
376
128
153
451
134
334
373
421
481
155
391
404
374
565
688
665
247
188
485
543
519
372
274
179
347
703
554
72
274
567
232
672
201
308
498
174
277
508
276
309
454
573
282
134
204
292
472
251
318
501
203
466
359
289
543
164
142
150
283
336
294
323
166
279
405
527
238
403
328
386
498
138
198
587
435
163
567
684
521
375
579
309
616
335
306
365
578
167
368
542
190
214
414
399
241
215
258
672
112
584
383
312
220
153
556
181
104
212
537
292
398
372
281
124
279
550
299
262
292
562
230
680
475
619
402
274
291
335
662
356
109
526
172
597
285
134
340
243
583
177
309
644
277
166
223
353
245
139
232
409
291
127
275
422
138
556
265
429
314
116
521
439
294
131
521
560
307
65
226
477
432
451
685
141
450
262
107
223
361
515
107
149
474
311
296
284
503
431
430
552
469
369
110
237
282
519
203
261
598
190
593
124
137
88
309
539
535
474
331
614
481
395
242
374
605
567
178
122
284
241
532
283
386
644
502
272
410
415
116
432
547
116
538
413
509
143
338
321
304
241
378
162
320
330
451
385
514
771
205
587
208
117
344
610
589
207
348
207
289
206
114
533
429
429
590
200
213
617
538
264
350
280
255
247
123
188
318
442
241
543
216
467
245
373
717
369
219
306
748
74
617
465
636
522
540
480
296
224
177
325
465
559
217
92
453
260
522
287
382
355
538
483
294
143
343
256
142
280
375
596
498
177
539
221
148
668
286
144
391
303
606
540
536
291
431
359
406
399
366
653
437
576
699
199
525
219
330
489
166
423
227
270
483
260
127
573
674
187
295
591
222
96
190
526
201
506
403
210
247
179
455
301
517
435
155
201
438
538
435
348
296
551
446
201
140
523
322
333
331
502
194
269
392
170
105
346
157
506
296
180
186
542
91
534
250
532
511
306
641
81
562
367
393
552
215
342
189
622
399
452
451
304
646
262
201
378
289
173
257
319
230
341
112
305
623
630
513
461
409
594
382
113
318
507
344
399
464
188
335
283
162
41
150
60
151
492
304
323
181
179
247
97
153
187
404
135
314
502
541
546
404
97
251
392
206
725
207
257
401
254
246
160
365
273
413
390
371
315
218
474
206
76
444
305
131
441
80
199
540
126
287
227
457
340
459
495
237
286
382
297
675
471
419
547
77
185
73
387
332
359
325
463
467
230
558
131
286
152
216
545
497
416
124
228
507
119
327
233
500
115
308
524
427
316
181
401
129
195
300
569
128
559
465
606
393
513
184
167
337
657
452
328
375
355
318
327
164
344
501
249
250
208
214
65
181
156
451
218
151
147
368
551
195
419
162
488
155
329
319
432
678
84
660
279
204
255
226
566
607
415
464
134
603
338
663
511
409
434
401
260
337
590
468
271
237
105
128
229
267
408
329
286
627
376
119
272
315
208
422
180
363
535
683
431
403
331
253
124
550
350
339
671
365
181
547
447
223
95
474
350
207
134
247
483
391
114
257
582
376
105
234
675
202
470
654
449
393
429
408
213
208
243
459
565
269
106
413
350
116
472
564
611
155
111
253
246
507
512
220
415
460
253
537
208
319
192
522
674
101
598
320
165
318
268
515
439
135
420
326
113
173
320
341
180
64
125
451
138
546
638
348
252
348
362
342
172
207
623
504
602
239
236
481
490
158
467
86
225
190
256
489
276
321
597
522
231
291
520
506
127
282
226
273
346
354
159
263
179
93
88
157
458
120
318
175
574
173
192
161
413
139
239
591
271
412
213
102
462
465
181
422
356
253
550
294
327
646
354
245
534
176
623
256
167
507
319
455
183
590
93
458
562
323
378
380
290
217
82
254
266
401
461
429
349
190
633
231
167
146
443
199
530
152
286
523
267
361
319
221
127
161
223
449
188
370
365
357
305
259
442
167
132
434
333
429
614
626
305
430
238
79
314
624
622
425
382
130
385
275
380
416
576
211
473
396
504
591
175
416
342
430
303
221
339
269
521
477
549
463
427
464
159
561
104
282
596
109
604
596
338
466
377
212
179
343
150
432
579
234
176
161
242
565
285
165
534
509
286
302
206
314
385
552
614
141
149
199
503
502
588
237
350
575
439
120
414
501
380
646
615
164
408
89
630
400
402
197
784
477
366
196
280
150
186
351
449
290
492
297
154
178
376
537
691
141
321
169
168
571
192
364
270
181
223
617
356
332
500
620
806
356
365
525
143
578
432
474
584
343
139
400
424
391
642
184
144
356
463
279
211
390
385
116
472
491
309
228
422
424
179
504
267
317
95
256
461
195
389
650
457
433
713
313
406
829
268
451
314
240
247
633
298
653
229
525
265
302
466
259
554
548
254
144
146
530
357
504
549
373
149
110
365
355
334
552
172
505
657
390
187
300
460
191
397
365
337
427
348
308
431
110
127
624
261
311
472
495
544
246
188
598
608
145
200
629
609
184
418
182
405
123
240
307
288
580
590
448
447
385
342
184
251
404
276
489
371
478
386
386
231
186
427
356
417
461
436
443
128
509
239
568
387
162
248
102
171
106
435
103
247
638
266
247
239
633
228
392
358
579
278
160
425
582
124
574
226
630
683
349
111
530
107
528
593
388
273
338
510
307
590
344
200
608
621
239
372
140
74
430
466
421
410
379
457
128
168
314
202
168
298
374
120
412
77
505
204
602
99
441
214
207
309
459
213
321
561
168
131
651
160
430
427
479
363
106
380
649
328
225
162
152
521
424
247
526
409
387
109
183
325
478
239
156
191
146
219
285
91
277
165
164
182
138
690
185
601
323
219
308
479
434
225
283
78
348
268
835
193
137
363
391
509
221
276
824
516
444
282
378
156
399
423
88
206
242
443
652
521
460
193
382
553
257
210
317
63
379
113
594
358
361
577
554
394
657
299
432
250
122
139
260
157
200
297
573
269
222
367
527
540
337
174
565
104
50
276
469
567
216
370
193
69
259
156
167
153
227
430
241
93
126
377
371
122
270
625
278
150
213
389
383
403
480
371
499
384
237
106
349
179
238
378
333
112
373
187
482
349
144
229
398
205
549
332
129
110
436
449
564
349
124
290
84
296
229
246
462
112
421
550
346
265
576
143
208
338
154
317
251
305
227
379
428
258
188
388
154
344
670
377
477
322
454
462
110
517
420
397
447
647
334
175
448
282
493
624
662
289
620
417
312
132
178
246
369
486
465
412
441
159
264
140
482
556
149
698
257
718
212
425
523
466
583
648
422
544
649
123
363
217
367
417
514
320
320
592
268
167
63
476
459
440
570
379
154
485
272
384
498
257
420
372
532
650
278
160
140
309
508
514
374
248
270
230
655
261
509
541
353
208
276
479
162
461
122
121
406
634
173
195
279
367
552
134
406
404
244
508
429
574
366
85
199
111
627
270
508
125
347
263
308
381
527
480
264
592
589
55
230
560
360
278
122
324
72
595
191
260
503
121
317
531
522
171
414
483
153
570
122
154
147
276
778
208
261
292
186
286
247
254
247
135
96
357
490
358
199
276
482
190
371
305
409
297
531
327
303
222
158
240
667
555
222
135
459
329
364
546
289
207
623
331
550
340
153
294
310
628
563
224
215
256
108
505
329
253
332
80
180
274
197
387
402
179
219
211
228
608
69
306
254
129
482
237
249
141
335
406
287
307
266
152
502
331
261
458
200
155
559
246
676
161
589
495
348
443
248
365
469
227
653
417
109
379
130
424
121
273
553
168
337
150
106
86
385
323
597
76
417
121
420
522
409
271
466
290
199
320
138
191
499
159
396
417
310
359
570
705
246
652
370
269
267
363
179
413
719
228
312
325
441
447
351
484
357
514
302
199
433
181
621
264
378
532
505
435
458
400
101
322
143
127
148
210
211
207
589
354
216
176
397
402
243
141
403
700
274
299
513
175
298
351
547
407
582
454
324
435
505
259
131
125
259
174
535
208
311
131
270
248
434
300
71
103
674
387
333
313
198
220
439
151
88
302
405
360
259
204
221
673
287
411
449
250
225
131
211
410
123
188
578
197
602
393
438
569
152
327
398
272
252
757
219
503
349
192
211
129
259
530
842
214
211
220
278
528
544
237
248
469
295
162
243
204
606
111
682
581
388
258
526
560
140
285
314
274
664
478
403
362
170
174
363
470
184
267
549
350
218
240
408
258
467
474
483
204
470
370
193
518
348
265
188
304
174
604
370
286
419
313
336
299
633
662
250
608
396
177
736
354
448
151
443
297
124
653
104
485
485
456
402
456
211
367
487
441
246
291
480
365
80
108
330
653
186
332
169
419
254
183
201
497
489
690
416
457
474
633
255
459
288
376
168
400
482
395
486
174
370
290
548
192
231
550
608
221
335
450
118
148
233
373
200
315
291
372
441
132
265
662
450
273
149
243
164
742
519
374
607
146
314
149
511
423
582
262
308
158
220
203
557
613
226
409
225
184
360
452
397
243
297
428
296
267
410
110
115
244
494
222
233
238
191
219
270
364
728
290
473
424
89
392
533
575
441
407
161
157
344
482
195
504
215
426
716
599
460
275
109
333
142
440
811
261
249
338
307
128
237
421
505
750
311
368
133
574
424
587
155
722
231
440
364
534
162
178
413
432
502
689
320
247
249
634
102
323
805
566
111
387
321
353
483
321
139
299
113
172
131
222
381
501
489
538
404
163
285
284
315
115
400
99
682
387
204
239
263
233
504
525
269
243
571
165
260
304
293
309
223
525
591
402
562
389
214
536
280
501
448
164
309
321
154
627
195
508
245
299
269
473
273
406
398
146
108
247
341
423
443
537
511
148
163
246
461
221
281
590
589
165
356
175
303
228
699
328
490
63
192
288
274
458
667
404
250
280
433
367
203
550
247
417
118
608
659
378
175
184
152
328
150
296
263
250
611
357
492
391
169
454
481
269
234
523
533
348
457
523
330
177
157
543
192
147
255
213
354
245
85
206
417
285
230
290
587
175
510
232
598
388
60
624
294
259
435
142
542
290
312
356
676
535
237
110
219
360
354
305
278
266
226
71
192
611
275
136
392
87
364
492
431
217
123
204
429
612
222
629
469
357
434
375
228
280
242
366
249
410
487
99
733
217
283
383
543
459
251
345
441
138
397
141
305
269
116
367
135
269
286
326
211
172
419
248
362
192
399
368
476
574
203
323
146
420
142
83
184
272
304
520
738
332
540
140
590
162
259
552
368
220
275
561
202
142
300
95
482
503
491
99
496
365
213
288
566
461
258
216
577
359
196
153
384
265
357
568
352
519
288
565
166
233
110
404
256
440
188
237
165
239
176
127
130
128
605
428
368
100
366
313
450
170
491
231
530
376
149
41
194
306
124
170
379
593
144
400
288
474
297
444
670
478
155
83
208
144
158
197
468
363
224
578
572
135
367
293
553
534
315
433
303
253
519
487
634
173
177
564
485
581
213
190
199
190
163
566
260
530
157
165
239
173
148
433
326
364
351
367
427
334
559
378
119
174
361
237
220
202
162
452
447
176
438
295
450
119
313
460
348
201
325
959
362
492
410
727
72
112
263
444
114
626
478
99
325
556
545
490
173
357
119
135
298
379
496
307
171
98
187
459
461
366
217
486
563
646
763
372
218
444
357
324
194
223
299
151
669
608
407
555
111
573
173
77
572
315
126
630
96
273
532
301
345
319
419
693
129
119
104
508
190
610
608
566
638
506
319
209
426
636
55
151
517
292
294
204
471
262
346
289
514
93
261
476
307
372
323
482
570
230
528
281
470
514
613
533
160
197
466
127
217
456
707
551
452
620
271
433
167
145
209
507
365
226
93
252
94
468
89
461
131
175
167
380
511
362
686
244
199
646
285
389
352
92
272
115
283
354
600
424
214
301
351
125
475
454
494
409
158
482
115
499
438
360
536
65
187
299
251
673
429
271
211
118
290
530
131
433
612
549
74
242
426
125
507
337
292
379
149
393
541
397
594
196
292
652
468
674
236
142
358
358
425
549
313
776
71
319
294
238
474
406
314
337
640
571
123
474
464
530
460
217
349
209
190
429
183
342
216
165
629
265
159
360
197
91
195
650
203
442
269
539
180
259
164
658
223
246
374
527
83
92
237
180
582
345
284
220
123
274
348
658
492
379
603
89
118
319
605
511
268
384
727
484
209
107
468
149
208
402
477
271
308
312
349
469
628
321
405
543
238
245
198
267
545
331
497
366
629
451
436
185
415
344
432
392
537
355
300
235
351
497
555
355
113
278
290
363
188
552
142
482
323
368
440
230
202
399
420
296
250
234
124
389
143
88
259
428
278
210
466
481
150
288
328
623
254
576
326
379
402
242
261
307
95
370
338
795
588
324
323
328
335
133
129
299
220
136
119
440
117
229
271
349
125
298
473
115
360
357
109
694
321
332
208
344
552
542
96
261
531
191
371
354
453
317
167
433
563
397
81
523
73
381
559
496
396
474
208
262
131
291
622
617
160
468
214
559
207
239
164
358
285
637
381
253
440
383
474
539
119
277
159
443
199
428
95
395
569
271
127
188
189
352
377
296
618
491
497
638
323
415
487
414
211
333
579
487
293
261
276
450
446
170
425
364
285
218
509
148
291
440
129
118
278
55
275
389
529
653
253
683
273
244
292
279
450
318
278
261
482
443
189
136
554
194
513
647
176
134
77
413
241
167
145
457
464
189
534
82
212
619
84
60
208
245
412
238
192
465
303
112
210
207
247
211
136
498
633
156
542
131
195
536
100
665
172
294
161
592
590
180
465
528
236
274
222
544
365
173
446
209
530
315
145
635
587
75
143
567
320
474
485
338
319
259
431
233
461
87
363
445
389
223
332
401
480
172
116
317
125
111
342
107
194
573
345
572
446
194
255
572
97
551
278
384
120
613
49
397
351
564
417
304
212
564
86
763
208
553
383
530
527
113
303
140
136
492
334
227
168
436
182
250
151
461
238
375
190
163
291
472
378
525
311
448
502
222
403
343
325
188
379
88
138
517
616
292
487
629
196
324
518
804
642
383
285
229
587
495
639
266
300
133
197
170
93
206
324
315
644
113
327
109
606
293
376
190
372
254
393
642
333
265
332
491
175