91
194
87
146
148
128
114
169
179
118
106
119
159
129
78
148
147
86
135
190
120
91
182
57
62
138
142
120
192
158
135
117
136
181
93
123
95
65
167
73
175
126
181
211
97
206
131
126
117
172
187
84
175
167
152
80
138
105
145
119
167
111
132
154
93
112
90
157
99
196
121
93
156
146
112
86
134
175
119
88
60
111
121
133
125
107
103
183
132
144
77
162
152
130
159
144
210
114
166
168
161
95
161
152
133
120
76
122
119
83
100
87
139
172
135
96
89
193
53
205
174
156
150
138
64
74
206
123
127
107
142
96
95
213
187
112
141
89
95
37
126
114
192
99
61
205
107
151
154
88
121
135
92
65
81
136
135
147
118
94
151
131
145
109
126
94
92
48
120
124
100
108
173
91
105
109
197
171
169
112
153
195
159
179
117
164
161
125
109
82
111
93
147
115
164
141
118
193
154
106
105
186
98
48
180
193
181
177
148
114
105
149
78
149
52
94
94
138
144
106
154
139
147
93
110
162
163
117
108
121
149
157
79
160
109
193
61
173
133
160
196
177
98
163
101
206
88
133
103
120
125
128
93
171
103
151
192
146
137
103
197
172
111
103
164
136
192
69
145
84
129
140
106
156
147
153
119
117
163
63
133
110
137
172
121
119
84
121
138
114
115
120
168
101
204
137
173
105
164
148
105
95
96
208
136
174
120
141
164
136
180
141
182
112
124
84
170
55
131
179
170
107
95
133
178
110
166
138
143
144
109
142
55
165
125
155
180
134
104
195
132
152
166
120
125
107
113
152
126
194
175
92
101
168
195
93
95
140
77
178
156
128
157
223
134
158
133
121
64
147
103
112
156
183
136
129
199
109
117
101
150
115
48
130
145
122
169
138
78
90
194
114
188
144
161
147
83
70
92
94
147
90
116
97
228
90
181
201
147
123
106
164
123
181
94
201
109
186
156
116
176
196
134
97
198
109
49
176
147
164
91
157
214
154
84
138
150
132
191
102
102
136
146
138
97
191
126
156
66
61
114
172
123
108
126
187
179
105
154
171
147
120
128
178
164
138
122
140
136
193
189
146
99
174
125
192
121
99
152
120
91
115
137
129
186
153
96
169
179
52
151
98
183
185
119
192
83
217
70
112
153
139
127
119
144
129
92
158
80
197
107
110
105
169
119
65
93
146
115
198
110
128
107
119
105
186
47
213
79
78
125
154
204
163
142
149
109
182
155
120
72
170
130
177
48
160
201
133
98
162
169
213
155
129
215
183
115
163
211
93
158
98
139
135
115
208
138
163
136
164
123
189
56
99
124
183
127
90
110
128
144
61
115
189
69
177
188
117
142
204
187
175
118
153
118
114
98
124
155
179
162
163
153
228
158
140
205
134
153
135
175
158
187
180
177
99
156
167
115
158
166
152
74
156
167
113
138
155
197
183
166
110
197
172
135
114
189
94
164
136
178
194
118
114
76
62
85
117
107
114
117
153
69
140
201
167
66
172
220
109
112
173
76
173
86
193
105
133
70
50
188
148
220
98
135
199
115
85
81
172
187
72
125
147
192
187
158
169
154
161
142
139
158
87
105
68
93
112
151
78
99
196
54
155
75
69
78
53
137
171
94
195
138
175
112
158
172
163
94
130
137
170
212
197
207
88
147
134
195
185
137
195
179
116
96
161
142
148
159
128
154
99
61
149
84
142
147
125
154
118
96
125
213
140
98
169
163
75
122
162
114
203
196
167
145
186
166
132
149
187
114
78
114
179
119
81
95
141
160
189
141
151
137
111
94
168
62
114
73
167
187
102
169
141
114
162
124
156
139
168
205
170
56
140
108
192
143
135
128
147
186
121
103
54
137
183
115
88
149
185
143
85
151
99
163
117
132
205
193
190
59
132
48
132
84
133
43
96
90
115
140
125
116
147
171
171
147
101
79
126
110
157
94
109
138
132
152
82
159
105
155
91
122
109
74
204
100
143
132
88
124
136
155
98
97
114
84
45
117
105
129
53
186
167
135
116
85
98
189
157
152
105
137
146
75
72
131
209
137
140
141
143
174
92
103
119
99
140
160
130
91
128
126
115
182
163
190
168
154
150
193
187
139
81
180
83
152
125
172
123
154
141
162
121
161
118
184
179
59
108
127
91
105
134
132
117
43
161
119
122
111
144
93
156
158
88
75
171
89
127
103
96
127
153
189
87
148
158
162
95
82
174
201
94
60
192
174
136
188
118
72
161
122
116
93
134
95
136
145
131
81
128
66
135
156
107
134
101
135
72
141
111
71
154
135
140
204
94
179
160
159
177
63
189
86
119
113
170
148
106
174
178
160
92
132
124
190
129
135
78
141
164
107
215
143
142
122
162
107
118
114
160
199
48
59
195
122
133
154
181
173
139
202
206
115
114
66
91
145
172
136
186
124
63
187
110
67
105
158
81
129
73
88
118
165
93
118
194
115
102
154
85
99
164
124
104
100
104
78
119
80
126
87
145
145
156
96
80
224
80
116
106
170
141
116
106
182
206
130
231
98
135
188
101
212
62
124
133
144
179
151
136
131
115
134
89
157
130
171
92
168
127
83
174
77
111
157
111
113
138
68
82
114
166
133
87
130
109
94
144
141
83
172
204
60
94
156
82
136
163
97
99
191
165
96
124
142
185
126
164
191
105
173
187
96
73
96
137
139
135
65
185
134
157
116
197
71
114
117
122
125
147
155
131
117
152
70
88
195
170
103
129
153
192
108
130
117
99
100
158
126
124
139
106
168
163
141
210
90
135
181
171
121
191
196
134
194
106
137
55
180
144
99
166
147
165
126
140
198
145
167
159
94
157
147
121
145
145
109
202
174
155
111
138
125
134
124
173
155
169
36
147
139
61
183
147
84
116
86
90
94
91
155
203
45
161
104
83
155
114
62
160
133
101
150
138
118
148
146
109
104
148
121
160
175
160
91
110
119
97
163
76
85
108
87
94
152
142
193
150
181
139
92
128
64
144
75
207
129
87
174
120
162
106
102
93
186
128
177
179
153
176
142
98
178
155
192
175
95
148
122
104
116
221
120
139
117
143
147
133
36
134
145
131
164
186
73
196
166
131
129
66
166
175
116
104
156
147
170
69
100
161
189
195
101
214
129
195
184
111
171
87
112
149
116
183
140
125
104
160
139
45
42
126
211
188
238
113
119
117
186
73
169
209
150
170
127
149
93
159
109
154
108
167
132
132
123
165
93
129
158
156
134
116
110
152
162
187
114
73
172
137
91
137
114
136
139
147
201
183
106
83
204
47
122
152
194
94
59
185
151
154
41
166
129
84
210
164
136
117
112
173
163
102
149
177
91
189
102
143
42
177
138
111
102
107
188
158
131
109
133
95
57
173
152
158
184
123
110
91
110
96
44
161
81
157
138
180
147
175
44
103
89
147
179
105
200
103
127
169
104
193
163
203
174
114
104
184
113
199
109
120
180
82
146
159
105
109
153
54
131
169
117
200
37
145
98
108
178
89
119
145
203
129
132
131
189
102
127
168
151
125
125
109
187
120
128
130
47
104
193
123
100
120
130
163
110
97
177
99
55
157
87
101
80
154
182
120
99
158
88
154
168
164
181
201
184
142
155
167
147
75
119
149
134
86
146
134
138
102
160
151
117
100
109
161
68
127
168
92
167
140
167
84
145
123
98
74
149
124
145
105
107
137
107
122
95
154
145
194
189
106
184
197
153
144
103
180
130
108
175
153
185
176
172
90
57
118
147
150
209
157
86
125
197
138
134
106
52
182
152
135
203
101
192
128
98
125
119
56
176
163
173
60
137
116
162
161
89
97
112
134
106
174
140
157
160
128
115
157
188
93
157
182
145
153
90
175
145
174
165
58
116
115
143
166
170
217
58
73
130
62
127
97
93
166
88
124
119
183
187
173
168
118
123
100
181
149
165
129
176
105
228
177
96
127
111
141
177
196
101
79
106
205
106
91
95
141
152
105
193
162
156
131
155
118
83
117
134
187
77
118
173
113
128
136
175
157
180
158
82
143
162
90
107
160
146
177
180
134
157
110
200
143
215
109
128
73
165
102
109
122
129
46
59
139
133
102
151
107
50
154
98
43
114
126
172
102
144
106
92
143
115
81
80
162
188
160
174
193
116
98
204
148
131
80
185
143
195
84
152
61
121
100
104
148
188
181
122
58
122
195
126
212
176
174
93
90
57
77
225
120
93
103
201
102
73
85
111
137
181
117
168
129
175
130
94
139
88
180
135
181
165
196
138
124
153
172
92
113
112
104
166
100
83
118
85
64
148
109
162
174
93
56
135
64
160
88
88
151
131
98
197
184
80
141
168
61
184
145
108
152
219
78
213
80
78
134
57
171
164
205
146
147
167
178
148
138
58
130
169
95
148
133
113
165
124
45
152
140
116
77
90
175
123
75
160
179
84
169
96
150
105
102
77
78
117
186
152
75
139
171
117
107
155
154
96
112
179
116
94
127
191
109
184
199
124
117
184
133
119
145
104
126
100
103
80
143
107
174
126
173
120
86
86
157
107
175
118
153
105
190
95
106
205
183
191
130
67
173
127
189
167
79
77
91
137
138
124
127
174
121
121
35
105
102
148
148
142
104
180
158
186
123
163
154
118
136
179
121
42
161
94
139
151
152
59
69
177
116
115
136
65
158
124
180
106
145
101
112
149
154
100
124
68
106
113
87
120
165
147
85
182
95
163
156
125
108
146
99
125
169
137
143
198
175
124
197
177
190
81
103
161
120
122
180
130
164
198
65
170
122
181
154
122
141
93
165
171
168
114
147
96
117
160
91
161
142
104
97
95
184
159
129
112
129
115
109
132
84
124
125
142
138
136
78
116
148
131
193
158
55
150
110
185
158
76
150
170
197
117
129
67
46
62
81
167
201
105
139
153
162
33
100
107
129
168
170
80
82
156
52
159
124
169
212
122
104
176
202
111
137
189
170
132
101
148
187
190
127
129
91
132
176
128
192
127
122
78
88
121
148
130
197
207
193
150
113
181
152
156
133
136
183
93
156
92
118
100
154
96
119
127
168
158
165
133
182
77
165
173
112
152
142
112
92
79
170
142
60
151
184
184
112
111
151
92
171
62
90
166
88
98
78
109
66
100
149
164
70
142
212
125
115
175
204
174
69
125
171
130
98
160
79
171
75
213
75
165
86
155
184
132
202
118
72
130
141
191
184
63
122
65
106
120
86
89
144
187
184
129
170
147
160
95
113
185
85
151
146
210
177
183
90
113
103
162
137
107
158
132
169
99
194
162
182
172
113
100
172
137
149
130
132
161
147
109
145
129
144
182
208
230
53
83
229
109
154
127
162
176
188
154
131
142
164
189
116
168
139
88
170
127
195
135
164
158
71
54
199
157
196
137
191
112
169
107
151
160
144
208
110
182
150
66
164
193
120
182
152
119
151
77
172
103
142
90
181
94
97
146
45
196
91
109
87
211
184
162
144
137
144
189
165
103
142
145
188
79
170
44
97
137
132
117
124
66
140
116
178
68
184
109
175
155
102
172
114
147
85
111
164
57
96
106
55
171
175
64
99
116
59
166
134
87
156
62
178
195
179
152
118
111
89
175
157
83
91
177
134
160
85
105
149
179
135
187
176
167
52
120
116
113
122
103
162
110
83
96
133
90
90
207
80
166
155
120
175
135
164
193
154
107
131
124
164
142
154
126
217
168
216
106
142
79
160
167
172
65
214
176
192
177
134
117
111
103
152
142
216
116
138
113
154
67
200
96
77
91
187
180
98
139
181
149
73
115
102
108
99
117
62
95
98
66
170
128
87
66
137
144
111
156
139
153
154
141
128
163
91
147
202
93
143
109
132
187
187
59
152
175
110
160
169
178
137
120
36
102
125
92
185
83
74
91
63
142
84
73
107
104
99
204
57
135
74
123
97
177
194
130
156
183
187
142
142
44
173
151
154
135
121
161
170
119
148
161
98
103
134
128
66
126
123
123
192
166
187
98
84
93
87
71
173
104
108
197
86
63
188
117
233
133
74
150
148
69
169
87
58
140
80
153
103
157
150
128
180
113
51
121
108
128
68
197
98
155
110
171
136
81
97
174
136
104
122
123
216
152
86
162
141
148
204
35
190
67
106
78
117
147
147
182
115
198
170
182
142
116
61
157
188
68
127
74
70
137
112
95
165
147
120
175
175
196
71
136
113
123
211
134
70
125
130
140
91
110
191
166
122
143
130
153
73
160
141
112
144
99
119
156
172
127
149
141
182
80
137
95
169
148
144
95
141
139
162
145
181
190
85
89
151
209
77
107
146
85
132
130
156
161
177
142
120
88
111
114
149
76
132
98
70
194
167
163
121
91
159
121
133
83
86
140
137
199
120
89
165
137
112
110
73
164
134
167
101
64
191
156
121
113
187
100
125
104
136
94
141
111
113
129
79
190
169
139
75
161
150
94
91
136
99
173
178
172
96
171
143
84
114
119
110
139
122
127
157
129
76
162
69
144
205
153
42
173
124
172
162
144
168
183
34
157
109
174
87
100
104
135
129
109
207
110
76
98
94
196
137
103
139
156
97
182
158
175
94
116
147
85
101
193
190
130
162
176
148
145
178
194
123
122
178
69
149
165
141
160
181
83
90
163
98
84
161
152
124
87
142
165
100
82
154
188
154
161
198
142
73
91
171
86
125
92
154
201
112
92
64
91
89
30
154
99
160
94
65
112
136
143
169
175
124
147
95
128
159
87
132
177
128
62
194
95
176
148
173
129
207
146
195
74
148
163
168
177
105
151
119
182
129
138
144
116
126
204
153
126
130
90
174
126
74
124
147
154
167
125
198
119
144
154
93
176
58
157
197
179
140
79
172
126
180
145
95
118
171
150
182
125
155
190
106
182
166
177
172
96
185
101
82
122
124
169
91
100
163
152
160
135
124
76
167
169
137
108
206
180
180
83
112
108
171
91
49
94
158
152
197
216
75
126
156
65
85
112
170
175
167
119
174
93
120
121
152
144
127
143
161
131
149
98
168
153
82
169
140
135
167
144
170
155
129
136
161
195
153
120
126
150
139
89
192
111
142
147
82
160
187
130
130
212
168
227
192
151
157
79
138
133
152
68
96
163
129
121
166
126
146
90
83
52
114
111
133
142
65
69
41
112
149
168
208
117
173
119
199
114
99
125
155
197
107
86
158
84
115
131
88
184
185
124
155
101
130
211
98
109
99
111
107
139
90
166
196
165
176
161
94
72
195
164
123
137
172
106
117
81
81
168
142
98
86
168
106
170
157
188
109
175
116
191
157
104
94
186
99
166
71
144
143
132
158
128
164
122
172
105
101
134
49
81
210
167
84
139
187
159
133
193
159
106
155
102
118
173
155
172
201
184
92
104
102
103
202
148
136
157
133
116
144
123
187
179
157
113
91
180
132
52
214
141
156
133
188
211
160
132
184
171
125
181
164
178
98
91
95
80
183
116
146
67
116
134
203
183
153
92
149
188
74
178
194
162
150
113
179
116
186
151
161
143
75
163
151
131
184
55
133
150
82
115
99
106
117
174
116
71
133
159
84
142
117
63
50
91
118
135
180
225
141
123
160
91
113
111
112
47
115
123
97
191
79
192
106
171
196
158
221
190
172
153
163
102
106
103
168
58
128
128
191
146
131
196
106
128
77
87
61
178
154
129
136
64
157
134
140
136
110
112
155
139
184
41
144
104
153
145
103
169
127
163
168
91
153
92
64
95
82
126
174
174
114
85
137
141
94
150
95
182
107
131
149
95
109
135
61
145
103
171
127
131
171
116
157
213
143
98
96
118
124
99
232
121
126
111
136
106
160
169
137
164
184
78
117
98
107
95
139
188
165
92
61
107
74
115
106
112
59
121
86
36
115
159
157
100
80
186
116
139
91
149
58
60
218
71
194
176
100
185
121
146
61
164
76
84
161
145
102
85
88
111
174
192
142
85
167
125
103
118
105
166
182
144
73
157
103
139
119
172
123
187
48
79
133
61
126
208
90
106
103
123
99
86
176
171
182
100
184
142
116
138
174
145
206
149
138
170
144
65
155
169
124
78
198
214
134
94
119
194
136
113
140
112
129
70
135
156
104
187
135
191
162
175
103
163
71
170
112
134
119
157
156
138
185
183
105
91
153
175
159
183
54
93
130
145
86
164
145
80
62
203
153
213
144
69
188
158
71
164
145
179
224
80
187
160
121
163
93
118
205
150
118
93
208
121
97
138
192
140
96
138
135
140
183
84
186
194
106
112
123
122
198
140
68
95
189
95
108
137
215
150
145
117
98
61
127
150
147
164
145
164
64
117
104
140
242
87
135
208
146
103
64
145
148
62
98
182
89
165
198
96
80
223
218
125
109
181
194
142
163
72
116
94
128
145
199
151
76
147
82
121
157
199
102
169
172
91
126
89
88
145
186
95
99
88
123
184
172
174
118
52
131
65
214
181
118
156
134
153
153
179
101
121
56
150
50
137
67
107
154
150
139
165
102
89
180
201
50
99
95
172
189
163
176
143
147
139
130
150
79
87
65
99
86
181
121
111
168
135
97
98
124
153
196
73
142
182
121
84
215
202
178
84
118
68
163
126
112
102
97
81
84
104
51
121
143
159
198
105
160
151
104
156
172
102
152
106
93
131
149
75
109
165
133
126
177
95
91
154
195
79
181
141
143
187
129
155
159
144
113
121
156
102
153
123
118
170
140
170
140
178
180
179
132
185
159
99
105
107
163
67
143
124
163
175
172
101
164
114
184
223
201
159
127
145
205
100
161
57
126
152
164
121
245
136
97
115
201
184
217
137
157
157
125
136
160
150
161
134
121
143
144
130
171
173
186
76
131
66
177
99
95
164
118
83
138
145
149
212
64
137
91
99
128
179
77
162
95
195
77
114
108
58
156
144
140
214
149
189
102
179
145
181
171
154
138
182
150
106
88
114
121
116
173
154
148
99
77
134
90
154
160
140
88
168
141
89
140
160
100
174
168
110
107
179
103
102
79
179
159
83
205
144
118
151
152
102
139
146
166
96
71
97
183
175
201
191
194
137
130
144
184
96
116
108
184
159
93
166
70
197
196
167
149
141
78
122
105
187
59
176
174
146
103
193
94
161
122
158
146
114
119
87
111
98
97
130
156
136
173
171
140
115
136
212
157
219
174
113
152
96
135
156
184
149
122
164
69
120
120
136
67
161
95
120
123
195
91
128
116
169
51
81
167
124
109
142
62
166
200
127
149
137
121
88
212
98
175
96
75
81
160
40
102
93
202
42
105
150
47
136
142
89
84
189
97
147
153
106
129
140
65
108
170
193
159
100
157
180
117
141
148
121
134
171
148
117
135
114
203
101
130
161
168
214
97
105
159
145
188
103
170
103
193
79
89
102
97
70
110
111
138
101
128
126
150
91
160
184
173
133
200
193
163
161
108
130
160
98
90
173
151
66
124
38
183
138
114
184
107
174
181
165
162
111
96
131
112
90
70
166
133
96
138
99
135
179
142
105
200
202
136
182
94
136
180
131
155
179
165
58
158
169
111
88
197
159
85
203
81
58
120
83
138
203
161
171
83
94
46
179
143
141
94
132
117
159
129
133
191
89
45
135
93
145
107
144
158
115
100
184
137
151
116
126
118
115
93
129
126
135
101
111
113
46
140
184
141
148
164
173
63
122
121
159
162
132
157
139
119
97
177
127
180
105
151
57
179
91
175
140
107
151
120
113
170
153
108
134
137
197
64
163
158
81
182
166
149
159
103
158
144
153
137
188
132
143
155
48
201
60
95
153
115
82
144
162
180
66
120
166
174
162
94
139
85
197
138
156
82
122
198
156
98
160
150
136
97
175
156
167
172
139
121
107
133
46
180
140
102
138
100
79
159
83
208
93
184
168
141
155
106
89
115
115
129
136
128
187
156
163
162
117
142
151
163
143
148
91
104
194
154
65
171
136
114
168
142
158
115
95
101
146
155
69
96
183
132
175
112
62
109
108
154
156
90
93
81
171
108
78
84
119
108
116
125
85
153
184
100
102
93
113
154
194
131
126
149
179
102
188
52
132
141
147
107
96
192
127
165
114
107
159
91
67
151
183
135
127
114
194
149
86
75
127
80
96
118
191
170
117
173
194
187
93
91
55
126
126
128
165
75
88
93
153
131
129
80
177
83
164
109
162
182
103
166
214
101
163
138
147
130
153
72
127
150
105
142
132
194
133
87
112
151
109
46
124
114
87
130
127
123
67
176
138
111
144
114
168
147
158
141
186
140
141
134
169
166
207
132
177
103
129
135
121
161
147
144
84
113
73
184
135
129
129
150
194
167
157
100
114
79
150
145
159
160
114
177
173
192
139
96
150
160
133
136
166
112
183
171
149
158
153
71
115
145
113
89
164
167
64
134
157
156
176
168
129
210
120
121
60
136
85
115
110
98
71
68
153
137
117
110
156
120
189
196
132
208
164
183
170
93
160
168
183
140
220
101
160
153
112
113
215
107
171
155
123
97
98
183
139
51
141
156
73
107
193
151
162
126
141
52
149
81
200
66
107
152
195
130
137
81
189
142
152
171
123
145
131
97
144
153
109
133
73
123
176
67
173
75
101
76
127
213
104
115
97
64
188
167
140
114
109
123
111
62
125
51
122
179
147
121
92
120
180
140
192
151
93
76
94
99
76
211
175
179
83
126
120
156
54
174
168
124
137
128
187
95
110
147
137
209
137
159
192
179
157
68
167
173
133
73
176
128
98
173
93
165
102
174
112
59
189
165
140
125
168
143
145
156
110
100
123
104
107
137
127
112
181
62
169
129
154
132
90
102
168
172
172
111
130
145
113
121
208
177
140
197
81
97
68
141
143
181
138
88
115
77
154
103
104
117
100
81
104
127
131
187
129
118
138
163
189
156
166
101
145
169
94
85
188
104
106
144
187
63
179
151
175
213
97
146
70
154
189
77
122
118
136
65
151
97
172
156
152
181
150
104
206
47
99
138
114
66
151
120
117
175
118
200
122
190
163
172
158
145
143
177
188
60
167
215
172
74
47
143
92
181
97
120
154
123
131
127
94
65
104
116
159
116
169
157
145
67
136
169
85
112
145
95
163
72
97
88
122
114
154
137
115
209
167
165
119
123
167
104
189
169
66
88
151
200
143
95
93
164
63
101
145
199
110
157
90
155
65
215
113
135
151
79
163
123
84
163
49
164
120
77
186
78
90
100
142
131
86
111
138
160
122
114
115
99
123
188
111
93
90
179
161
165
106
92
206
102
113
74
137
112
122
173
137
162
195
140
98
113
143
156
181
97
78
169
143
131
180
74
160
74
86
192
113
190
179
146
186
178
199
153
105
105
145
171
178
162
165
157
109
76
134
133
114
173
198
53
129
207
183
77
142
164
55
36
134
161
200
84
104
177
139
114
193
99
154
120
117
134
171
167
69
107
180
70
140
133
189
139
95
94
173
193
149
121
91
95
92
190
150
172
102
145
118
133
115
58
152
84
161
108
178
126
123
163
103
65
133
89
112
103
119
80
62
151
112
183
130
116
70
126
199
105
159
170
99
88
93
149
147
39
108
179
111
76
164
99
82
136
139
77
108
137
150
138
78
56
170
82
105
189
135
105
80
132
161
114
103
229
163
90
159
171
142
105
151
190
163
112
74
178
170
169
116
143
74
126
184
138
79
149
76
201
218
166
141
187
146
98
184
119
216
171
91
119
137
104
171
89
114
118
222
53
144
192
117
90
167
101
117
84
175
59
165
146
117
187
181
106
151
163
87
87
190
113
90
165
128
137
98
157
139
183
171
83
212
192
135
149
122
117
96
167
148
167
144
168
89
113
59
56
151
116
153
151
100
139
165
128
111
152
147
174
84
113
110
114
91
194
195
95
153
199
104
116
165
161
93
96
153
141
146
132
142
95
209
140
184
71
65
135
81
178
93
113
183
130
179
187
127
146
114
110
148
184
89
118
192
117
94
104
80
158
149
68
114
135
118
105
166
100
153
122
138
104
142
163
131
51
98
135
122
142
128
94
160
139
116
180
125
166
143
206
206
113
138
125
102
153
126
138
213
140
131
174
56
159
147
87
175
149
56
60
170
119
177
97
168
180
71
197
127
140
144
156
146
108
143
175
161
118
118
100
180
141
94
121
215
133
127
155
176
104
168
94
161
102
125
145
190
108
75
112
138
57
73
127
196
83
138
89
187
148
153
107
128
100
80
207
108
65
100
196
78
50
140
183
80
91
134
122
126
85
141
156
147
119
167
224
71
81
116
148
115
174
106
140
90
192
109
141
157
151
184
170
99
132
111
131
119
99
118
79
148
190
115
130
157
184
120
120
219
182
149
58
142
121
214
203
115
89
168
138
106
112
175
173
115
96
98
196
136
187
183
174
154
204
162
112
152
207
131
161
108
71
153
73
112
134
59
95
134
182
165
101
119
111
173
126
174
89
150
113
171
171
159
189
72
116
117
147
159
146
172
78
74
163
146
154
182
163
174
165
127
123
105
139
41
121
42
160
129
172
160
143
171
83
123
223
183
80
142
56
72
54
108
119
83
125
140
163
170
161
185
167
180
179
46
165
62
148
79
100
147
135
95
147
167
111
198
181
115
70
134
141
96
87
106
142
115
168
158
139
219
110
159
135
137
69
169
113
52
100
131
100
86
149
139
137
170
114
137
141
158
170
116
130
168
168
113
228
178
128
108
146
63
113
124
198
136
80
58
116
147
148
150
103
144
124
136
130
124
122
140
102
101
191
198
177
177
139
172
150
183
79
75
63
111
201
156
45
88
136
183
72
120
177
151
120
166
171
127
159
71
122
94
106
170
134
89
202
181
155
131
90
149
139
156
120
94
85
110
142
102
100
127
152
191
211
178
147
169
195
106
185
83
140
172
106
64
85
127
93
86
106
110
186
118
159
115
160
104
179
90
81
158
146
135
159
128
119
31
182
138
42
135
126
124
161
170
144
55
82
132
197
153
185
146
151
141
84
115
119
176
122
136
125
159
142
102
42
153
164
171
92
128
120
163
131
183
155
78
193
67
155
133
134
123
151
121
147
164
184
154
163
176
122
184
47
139
151
127
42
145
113
186
97
139
149
118
90
133
88
151
115
100
153
48
194
82
164
126
72
147
156
175
73
80
120
99
94
103
138
142
78
199
101
160
98
93
58
174
80
141
124
145
150
86
105
77
179
57
103
121
118
81
189
113
76
201
63
127
105
155
155
123
164
155
200
182
125
136
132
156
92
122
79
189
152
112
134
125
74
161
167
140
161
80
117
86
175
109
82
128
154
163
60
130
91
115
105
109
168
190
179
151
153
153
104
171
74
154
159
203
211
161
167
107
61
127
151
128
99
135
73
129
103
165
133
179
193
102
164
66
192
111
121
163
105
127
66
130
99
161
176
105
101
123
87
147
90
109
121
189
128
125
129
103
193
184
64
82
99
109
105
111
181
73
88
152
202
54
161
139
122
122
128
150
128
166
188
171
180
143
61
107
117
90
146
112
214
143
76
192
116
88
153
83
192
183
135
147
78
132
106
121
69
90
178
124
150
130
79
173
121
103
152
144
159
151
176
194
179
163
102
168
192
128
134
159
98
106
148
122
178
155
86
84
154
164
128
114
84
72
135
242
101
154
150
135
168
117
109
90
211
159
179
106
88
174
122
206
59
117
101
74
68
143
97
96
122
175
167
110
88
106
163
188
183
193
87
75
180
92
174
221
129
126
126
112
131
114
140
162
129
152
151
122
181
120
171
90
146
227
98
198
152
167
188
77
151
110
139
114
90
69
166
157
110
171
205
160
140
104
216
105
219
102
155
141
159
118
142
191
149
118
91
155
57
173
145
144
113
67
70
123
90
199
126
132
57
90
65
129
152
135
77
112
176
115
87
177
122
127
98
100
127
153
154
150
148
150
86
124
62
121
38
154
93
117
106
123
144
106
176
143
77
102
165
113
82
187
110
149
165
111
68
203
189
157
128
105
173
199
204
121
181
155
93
149
157
101
175
157
112
98
88
138
82
106
141
115
127
152
137
144
119
96
126
96
142
107
189
171
122
185
99
105
110
146
166
89
138
82
107
163
100
124
95
113
179
132
174
202
148
110
84
119
98
148
123
122
157
115
99
90
205
119
96
103
78
96
103
208
139
100
112
56
211
118
142
134
168
142
147
37
189
171
130
62
123
129
177
77
111
99
72
133
90
138
90
109
110
70
133
172
116
92
102
147
121
195
74
128
68
184
191
202
148
115
145
168
207
104
166
99
173
137
196
118
130
92
152
170
141
166
124
183
175
118
167
130
177
182
163
148
163
202
150
177
142
130
135
155
170
166
148
126
171
137
144
134
155
144
174
73
104
89
104
79
121
141
179
210
91
102
113
192
115
46
116
105
74
183
145
102
147
234
96
154
98
119
109
102
195
148
67
66
85
181
91
141
114
189
167
121
99
128
175
177
99
144
153
123
95
218
91
111
86
197
121
176
107
95
170
59
151
121
114
164
136
133
95
46
170
156
197
179
169
165
154
139
122
164
74
93
69
110
133
176
115
132
49
196
105
135
153
122
175
91
98
92
122
148
148
96
201
182
154
87
61
188
136
153
164
128
127
92
180
97
34
172
64
157
180
102
138
146
142
101
78
82
136
178
162
151
147
78
168
178
184
102
144
176
162
169
93
118
81
103
51
104
145
71
99
163
156
147
176
175
166
126
85
195
80
187
113
157
51
93
170
188
171
120
142
93
157
90
106
170
145
162
93
106
123
191
63
166
107
150
117
102
157
167
104
193
147
151
131
102
106
150
110
193
117
168
144
117
139
111
74
158
145
109
179
146
133
158
146
188
141
175
94
133
123
100
152
131
90
176
170
211
191
213
156
183
134
107
129
138
130
154
114
128
87
182
168
103
67
144
161
161
120
148
232
149
110
96
103
178
119
127
104
128
118
158
133
203
184
98
150
62
215
150
132
160
100
90
93
157
88
156
144
169
200
94
99
61
162
199
173
109
131
233
97
118
165
98
143
97
150
94
157
91
210
189
98
152
133
121
94
159
158
144
195
175
162
77
149
111
194
96
171
165
76
94
133
151
107
145
102
142
100
164
225
205
97
125
120
69
165
155
109
193
138
110
154
106
126
187
94
137
137
118
128
148
88
132
95
100
153
89
178
52
124
166
85
101
103
112
126
148
146
93
154
115
133
125
184
158
174
156
67
166
70
190
170
201
131
135
127
156
118
64
136
103
113
60
118
183
80
178
97
103
138
100
107
136
167
130
69
106
202
107
187
139
158
85
94
221
94
148
203
145
149
132
99
152
133
175
134
178
103
132
137
156
165
152
93
125
163
78
123
98
141
156
107
166
129
175
140
82
148
95
163
80
124
91
123
93
103
175
153
151
66
95
163
144
211
179
121
88
229
191
160
169
147
189
61
110
147
106
108
145
119
163
99
118
77
131
112
128
140
75
179
176
134
211
158
168
81
182
67
161
170
91
110
101
110
120
47
136
63
150
197
76
139
80
109
154
107
157
133
98
131
147
103
147
153
106
108
103
159
166
98
161
90
51
117
179
124
175
92
111
154
109
171
202
219
100
155
58
166
144
114
88
177
105
74
161
112
163
74
134
125
75
173
149
194
190
139
186
83
94
168
94
132
76
177
88
128
110
165
84
177
194
80
110
94
92
153
141
166
118
152
127
106
119
113
164
163
159
135
86
86
182
139
146
171
147
163
174
167
201
130
145
121
196
178
142
113
144
82
136
88
93
178
194
155
71
199
175
109
185
163
118
149
102
186
156
176
128
174
154
96
125
81
175
132
193
121
198
156
187
154
120
218
187
110
154
104
94
179
90
172
159
171
87
120
144
127
146
153
136
113
173
70
225
141
79
148
124
166
109
143
171
218
105
103
88
148
136
158
169
143
194
126
173
76
93
183
102
97
143
105
185
143
98
189
123
82
60
170
114
116
124
123
196
177
148
120
199
155
97
148
116
84
147
161
170
170
213
66
124
126
201
97
144
200
129
161
194
152
174
165
182
90
75
111
45
116
150
133
121
132
90
142
145
178
192
205
81
137
73
140
107
217
164
173
100
168
166
77
191
166
148
78
188
145
142
162
88
180
145
210
170
61
144
61
118
211
116
114
77
185
85
72
112
125
84
92
80
51
114
87
133
168
118
191
208
100
200
126
69
107
166
116
138
159
122
218
105
179
170
122
94
103
172
159
184
95
165
199
179
127
170
177
98
152
169
174
109
84
54
191
162
95
172
93
102
164
129
160
158
174
123
147
145
165
122
88
146
117
118
54
128
69
155
169
203
160
157
140
194
129
136
102
143
31
87
80
138
129
96
127
77
161
53
106
189
107
169
101
167
131
116
127
146
188
97
143
160
163
105
148
140
110
114
104
112
70
124
134
144
117
158
153
48
100
193
141
173
100
54
143
191
51
193
137
132
49
107
164
161
163
58
118
115
127
179
165
158
118
172
130
157
178
187
82
180
74
152
191
153
151
109
85
83
117
77
105
122
202
194
76
120
131
134
112
107
169
152
182
72
150
162
165
124
149
176
139
167
81
114
201
138
118
175
154
129
154
174
78
158
92
69
89
118
127
219
99
96
70
163
113
112
105
135
178
140
179
140
103
92
97
146
81
146
104
193
155
117
139
65
151
179
149
150
183
104
207
124
136
100
154
150
167
167
88
131
131
45
90
128
177
110
86
127
154
198
193
113
169
206
114
113
140
156
152
199
218
92
102
154
143
122
83
146
128
87
139
123
138
156
132
156
172
105
203
123
147
162
98
61
96
102
102
147
160
44
127
125
101
122
196
156
99
162
141
122
94
203
137
140
104
98
130
128
151
149
173
155
204
176
181
131
160
169
174
105
197
101
143
47
118
148
80
107
145
107
154
79
174
181
163
130
63
149
178
121
206
145
127
159
107
136
106
110
136
122
145
169
101
110
100
111
94
147
87
118
126
123
119
109
173
167
171
137
96
129
93
172
140
189
136
129
109
199
162
144
179
161
160
113
197
148
184
149
118
140
106
37
137
98
106
128
163
77
79
90
118
180
173
170
108
147
130
46
152
97
214
191
156
62
113
175
170
117
103
100
119
210
151
99
208
111
141
158
95
184
105
117
67
188
221
117
121
195
159
141
161
63
46
166
84
63
128
156
113
123
87
66
125
163
177
151
121
63
115
119
150
172
137
122
125
47
191
184
149
100
106
119
66
107
208
175
101
171
188
154
48
129
83
161
148
120
205
131
126
147
75
113
191
164
161
200
107
192
185
176
71
127
151
50
57
171
148
95
78
132
118
163
69
157
146
136
135
209
181
96
68
157
119
65
190
210
83
133
102
207
88
65
97
230
146
168
179
137
103
64
160
152
131
169
124
90
61
122
163
112
181
188
100
86
97
136
75
122
161
146
103
61
111
182
90
142
94
137
171
159
134
191
166
196
160
131
173
130
144
130
126
107
101
87
152
153
92
100
111
191
154
120
109
101
104
87
141
147
83
159
159
136
228
102
140
170
150
81
133
149
126
178
103
172
153
113
102
183
111
70
177
110
141
127
180
119
128
71
74
111
93
98
85
129
213
79
180
75
105
133
177
135
194
198
136
103
148
186
115
143
163
159
194
150
140
91
150
178
192
80
113
147
97
162
165
178
143
135
98
137
172
154
113
151
114
121
157
169
151
137
156
133
126
175
134
138
166
126
187
94
148
114
91
93
193
123
96
123
89
116
201
118
104
162
174
108
163
139
94
186
94
112
101
102
102
70
69
128
170
92
179
144
181
135
119
126
131
137
202
208
141
193
51
160
93
144
82
197
101
100
100
107
149
78
137
92
125
146
137
119
193
181
208
112
156
111
136
124
140
130
183
129
164
130
144
128
142
105
161
182
182
95
100
132
94
179
167
146
105
163
110
173
154
138
191
124
135
159
84
182
150
118
132
104
77
187
148
108
137
142
167
200
190
119
188
56
143
169
142
101
150
142
143
142
131
147
98
119
222
176
158
152
170
138
156
162
154
146
130
154
164
158
134
109
173
47
103
69
108
102
167
185
94
103
171
113
130
93
144
94
101
129
146
130
114
136
135
80
87
150
194
66
136
126
202
43
95
155
51
91
210
145
172
45
167
111
173
104
158
95
161
89
70
179
155
97
151
145
178
117
168
179
94
165
85
203
142
120
135
173
166
94
95
162
151
170
118
140
179
220
177
161
148
197
210
93
177
152
101
159
124
87
54
180
127
148
167
143
187
163
160
113
117
190
135
75
134
125
104
137
149
153
177
94
122
130
161
173
167
136
123
150
90
109
175
104
89
163
104
170
142
113
136
171
160
92
115
221
87
182
142
141
209
134
193
200
110
68
119
154
54
131
185
78
120
109
105
120
149
81
207
169
152
102
190
72
163
113
113
176
147
142
147
148
104
155
99
132
101
147
83
80
67
153
70
124
185
148
153
146
118
118
146
133
170
167
70
130
190
123
122
118
93
166
165
189
153
142
151
169
90
133
187
156
186
165
93
92
165
108
174
163
93
95
195
128
140
197
163
130
104
162
141
185
155
203
95
58
89
161
158
168
174
107
155
141
131
144
164
132
92
101
88
161
83
204
171
89
129
103
141
192
99
128
111
176
156
136
157
92
134
147
170
198
98
86
122
46
129
162
163
121
159
167
83
123
137
43
104
93
147
143
117
141
127
156
206
107
139
183
164
190
224
105
186
137
79
47
156
127
212
121
138
135
157
110
150
165
117
59
90
99
167
107
97
98
153
151
188
167
125
174
175
126
127
115
175
185
96
129
168
94
115
139
105
145
140
145
218
110
192
154
150
94
95
139
93
133
139
89
154
103
179
92
101
178
152
142
143
126
89
186
196
172
132
190
100
144
180
187
124
151
155
159
115
97
124
144
109
129
91
96
110
134
135
151
110
141
103
102
82
101
179
169
115
141
180
99
68
109
171
194
49
123
202
135
65
164
93
98
179
128
146
168
85
145
198
99
67
146
167
58
111
169
142
151
65
197
138
178
110
150
116
172
139
134
65
173
68
146
151
109
161
154
145
154
82
174
205
145
132
44
145
116
115
131
113
166
122
70
91
75
96
60
114
104
103
213
82
82
55
70
91
192
148
183
220
155
35
82
151
172
135
109
82
120
166
194
120
173
178
120
111
173
157
77
186
105
149
106
160
189
81
197
105
159
144
202
138
144
93
174
184
151
61
192
169
102
118
119
172
110
82
165
103
98
142
175
110
136
104
155
175
152
156
109
142
131
175
50
130
135
199
152
151
116
160
156
108
100
143
112
108
135
153
66
105
152
139
123
165
176
44
145
79
145
183
54
203
70
179
153
118
129
128
111
163
39
63
175
101
130
166
128
95
164
66
129
133
126
79
113
159
177
151
106
119
162
188
90
149
92
106
197
77
179
112
181
195
174
154
170
128
121
194
96
100
75
52
115
134
168
102
163
63
141
101
106
80
178
125
65
153
145
215
156
151
172
68
158
184
93
108
137
162
140
181
169
163
89
87
133
36
164
166
118
147
178
128
122
105
131
70
104
198
70
163
74
104
114
124
101
119
128
85
105
177
52
47
146
144
98
112
146
173
130
128
84
112
60
143
175
83
108
101
94
182
153
110
208
88
72
96
141
107
137
160
144
180
166
116
148
142
167
105
85
163
155
188
165
114
106
178
143
121
159
123
129
171
176
172
129
211
147
128
111
200
113
149
146
110
87
216
134
135
169
202
113
114
115
157
128
146
69
194
159
111
170
161
116
217
163
102
161
98
164
149
128
100
110
95
99
144
179
76
188
68
60
181
82
192
109
192
162
115
112
76
116
142
166
119
147
186
150
119
121
119
102
61
115
176
126
186
195
155
141
189
126
174
170
135
113
163
71
136
135
201
151
82
159
66
164
96
101
183
103
143
73
90
229
111
148
93
187
210
123
103
150
106
81
126
176
98
96
101
161
165
164
131
192
138
131
124
105
84
151
167
127
115
153
154
122
97
118
131
134
169
87
75
57
145
147
164
119
94
134
188
134
189
178
84
132
104
88
170
202
88
46
136
155
117
122
106
134
125
129
100
125
85
101
199
64
160
115
118
151
103
112
92
116
90
173
113
208
165
103
101
73
117
188
131
193
113
121
157
146
146
124
162
173
161
186
99
146
54
151
146
134
169
151
128
156
99
97
119
152
134
119
100
117
172
118
109
79
157
193
72
155
114
153
162
69
192
157
174
162
89
130
117
142
111
141
158
82
175
146
90
93
106
214
159
173
77
88
177
82
146
114
171
99
244
129
134
104
124
109
178
69
151
117
143
152
153
190
107
167
103
125
160
165
110
108
124
121
131
146
152
123
150
211
126
127
151
149
148
102
133
113
201
95
125
122
171
188
187
159
62
93
173
65
217
146
106
137
161
160
123
72
153
145
142
192
79
108
87
103
107
54
59
84
210
79
112
181
188
73
169
115
92
136
130
115
59
178
123
148
101
182
131
156
164
123
120
149
142
111
156
168
49
162
112
163
126
178
86
171
140
112
184
85
125
146
195
126
82
125
189
197
111
106
138
94
108
122
175
109
131
174
130
100
183
136
173
133
97
126
176
179
162
148
147
107
152
94
190
89
122
176
83
149
102
111
86
166
218
71
148
44
124
115
119
113
214
116
143
134
195
196
148
141
147
109
146
162
178
102
131
146
121
100
61
173
63
199
113
141
97
97
177
144
93
119
144
98
157
135
166
80
57
118
159
66
171
135
107
61
115
106
131
130
177
168
182
167
142
46
51
133
138
125
83
132
49
157
148
143
126
105
173
210
88
178
176
50
119
204
199
111
111
164
89
213
76
107
158
192
100
63
159
206
41
79
176
192
125
201
55
75
128
104
151
158
156
72
191
136
172
167
75
157
209
186
138
123
90
158
82
195
139
159
134
90
162
84
96
196
79
183
207
148
180
199
135
158
71
77
102
92
45
106
155
95
134
72
153
170
115
147
85
120
176
52
144
131
61
103
129
137
116
120
157
120
214
114
180
154
152
104
110
131
126
168
72
103
160
56
82
118
113
82
165
120
131
149
111
201
115
156
173
164
43
100
112
96
69
131
149
150
143
121
154
134
180
94
68
110
105
88
176
166
175
123
120
222
172
186
191
61
180
158
46
173
157
47
139
107
103
141
124
96
80
110
97
120
129
122
130
99
55
94
121
102
50
118
126
113
142
199
162
143
113
162
140
166
114
114
90
102
133
111
135
151
183
99
114
172
71
166
145
105
156
97
123
176
208
142
129
125
189
136
193
79
175
175
94
179
128
144
112
84
129
99
139
156
99
130
141
166
88
147
125
176
164
78
125
109
106
71
150
115
149
169
77
75
105
126
144
179
174
115
126
112
159
111
130
174
130
95
155
146
105
118
139
149
156
164
125
148
92
126
144
169
89
151
159
60
144
154
177
112
170
122
151
89
117
104
55
169
73
145
180
111
132
104
134
182
123
129
188
166
105
195
87
158
96
91
146
200
99
125
202
183
137
161
227
178
155
155
179
130
194
87
54
156
93
160
138
105
146
157
136
130
166
46
169
94
155
137
165
160
156
185
137
141
129
75
212
183
105
75
124
168
100
142
148
91
150
169
42
108
137
165
150
66
153
163
167
176
122
93
114
126
108
204
180
171
78
216
145
87
136
100
184
95
174
177
83
149
117
132
227
101
46
118
63
184
153
108
163
127
201
124
110
139
138
154
142
165
68
68
191
147
159
103
230
189
117
138
143
167
165
97
143
115
116
82
61
200
147
173
148
124
107
130
142
88
124
194
127
162
93
88
176
132
175
76
116
119
114
189
158
154
212
129
109
112
54
157
117
94
114
59
104
185
116
114
143
200
167
147
143
98
129
128
187
144
188
181
68
92
183
189
161
212
111
135
120
50
88
87
159
204
125
135
144
190
151
160
150
100
176
63
154
115
111
121
154
102
111
95
186
153
118
70
155
115
164
151
97
209
146
77
88
144
116
182
109
165
178
82
119
85
114
119
51
132
215
101
183
133
54
130
144
81
78
118
52
139
136
212
149
97
92
134
171
68
56
162
148
126
69
164
126
166
132
92
160
125
142
79
116
181
98
81
213
145
66
194
147
117
144
152
111
78
225
138
54
96
167
150
109
164
115
127
199
138
50
101
144
166
83
87
199
117
108
134
138
90
136
80
105
115
150
158
103
162
120
134
155
138
102
146
73
181
158
217
105
113
217
186
189
170
136
88
91
117
175
144
68
163
97
110
129
92
151
98
171
117
174
173
172
130
87
124
166
130
157
128
121
128
118
76
157
138
132
161
143
113
130
155
164
111
127
173
92
132
104
195
84
121
110
59
173
119
143
175
151
144
119
202
89
100
128
159
196
176
150
77
134
137
65
155
100
145
145
165
182
182
109
187
68
170
187
139
167
170
39
114
80
104
128
168
167
96
182
105
178
140
110
124
148
112
200
172
163
117
104
175
120
93
96
84
114
123
199
148
145
85
160
127
111
76
140
139
153
145
130
117
122
52
182
172
152
149
91
173
126
78
74
153
157
86
111
203
135
180
114
138
137
104
152
62
114
121
142
170
144
160
165
190
119
168
102
135
115
147
165
121
125
177
133
78
80
167
67
112
94
75
110
90
82
175
82