208
123
116
177
183
282
211
61
224
159
164
394
400
260
220
167
226
295
417
466
354
233
224
314
218
292
127
270
420
73
248
258
179
265
237
309
179
141
276
97
198
215
300
202
235
129
310
267
206
83
133
129
194
184
91
282
164
102
226
194
165
146
335
274
152
233
234
288
236
254
299
284
214
162
479
190
266
240
127
280
165
336
202
209
199
189
216
277
130
187
189
376
232
230
274
255
387
222
196
136
195
200
193
294
226
210
214
216
199
266
264
170
271
245
211
171
113
434
233
263
193
292
216
119
180
197
206
184
96
203
200
89
259
255
186
159
398
232
210
193
181
83
150
216
377
267
263
370
80
182
234
77
228
260
220
234
89
301
183
269
189
211
246
183
265
203
82
373
178
383
210
184
298
212
357
416
203
178
211
199
236
111
144
199
144
220
408
151
252
249
267
124
202
120
252
241
141
211
206
360
331
252
72
231
204
288
223
253
280
244
107
169
120
115
227
431
72
156
133
275
176
106
247
282
260
185
397
205
141
229
295
231
76
158
406
142
187
211
258
199
267
97
264
250
230
419
222
111
205
95
286
62
90
143
258
85
109
227
292
130
233
125
137
285
258
268
146
241
83
260
299
331
243
225
197
115
95
211
253
105
429
254
248
257
375
152
187
126
182
264
225
225
420
211
160
471
232
207
192
341
77
405
168
446
195
251
230
211
187
120
124
107
212
235
202
492
151
256
195
222
420
218
191
184
410
285
114
408
200
285
420
142
217
260
172
339
211
166
202
334
86
227
281
77
281
225
180
63
137
273
413
251
214
173
201
202
141
438
345
143
216
258
129
337
235
266
185
160
145
177
216
146
235
309
202
130
257
208
130
179
131
202
164
157
143
228
224
153
291
139
353
211
214
230
91
170
254
117
243
204
194
127
94
377
214
130
179
178
221
104
178
168
87
195
203
305
224
179
226
242
271
214
497
262
330
255
197
328
192
85
267
202
321
208
176
224
393
216
101
178
270
251
236
387
286
166
237
126
231
191
115
165
222
223
155
234
222
180
229
263
102
458
205
186
313
252
151
215
152
131
171
248
233
198
170
220
181
160
146
239
219
218
291
151
241
130
217
271
197
212
211
113
140
225
247
208
225
192
119
364
377
145
216
135
124
205
168
220
228
430
173
229
277
280
250
167
185
176
132
472
189
97
193
259
225
393
244
188
180
206
115
139
143
196
151
191
154
347
282
151
278
403
225
152
235
96
237
222
206
189
335
402
272
290
118
117
123
150
143
365
247
339
223
188
275
263
176
265
261
263
195
396
210
287
169
154
153
164
223
220
238
171
170
122
255
97
172
223
241
228
301
228
122
439
231
351
227
320
163
207
181
120
111
395
262
209
218
439
208
200
149
206
437
199
362
208
115
239
111
211
244
187
193
116
368
69
433
231
213
241
104
171
227
228
192
130
248
147
400
179
318
296
443
136
282
236
168
228
194
233
194
250
192
223
210
176
257
429
135
253
222
250
311
112
111
263
152
239
272
357
162
170
175
281
177
243
79
221
190
121
233
172
177
236
214
303
217
190
379
118
272
190
156
185
275
189
196
253
192
184
232
155
210
378
433
207
217
97
137
285
136
276
357
136
211
189
346
209
264
208
161
279
265
444
398
171
273
198
243
159
424
308
195
289
228
424
231
231
135
409
205
175
382
418
255
173
406
460
293
190
166
216
249
121
183
220
264
194
160
221
217
207
316
266
167
261
152
255
202
175
230
238
179
106
243
187
289
228
162
255
220
407
211
191
260
196
271
162
173
181
78
187
201
257
245
406
162
141
351
70
341
128
190
316
178
223
213
488
375
209
296
116
177
232
259
158
115
222
248
216
476
174
236
309
360
271
196
261
190
385
161
206
310
178
233
122
167
268
230
240
118
337
232
238
257
131
263
113
290
418
240
166
211
228
235
216
211
97
85
109
163
366
241
113
123
216
291
122
193
162
180
285
164
195
383
208
116
222
87
213
93
141
389
197
156
132
215
251
350
199
322
130
242
210
232
374
177
219
167
94
93
127
248
147
343
375
166
123
264
226
151
171
101
174
229
269
476
271
179
162
144
258
370
235
283
433
307
177
182
192
251
315
97
298
399
196
256
380
356
377
182
157
313
90
304
273
118
213
135
88
233
200
386
221
421
310
292
163
220
319
187
189
248
248
156
208
178
179
272
121
214
308
336
309
204
345
71
256
230
234
145
398
99
243
107
324
80
239
385
155
246
259
222
401
126
124
394
65
209
107
142
201
227
72
277
333
203
239
92
195
213
345
129
221
277
395
257
201
232
261
210
352
245
229
295
260
198
225
215
242
260
326
386
318
135
279
159
200
242
104
175
174
230
98
248
256
152
174
233
414
314
287
156
281
119
206
119
297
279
207
304
113
112
333
171
167
272
255
242
242
208
175
323
423
245
96
208
121
228
215
69
143
150
255
211
100
241
186
207
245
172
283
214
170
184
261
210
189
211
216
342
265
226
188
214
166
165
407
326
236
85
446
139
139
183
148
187
143
196
238
174
222
253
151
120
210
138
158
258
69
79
304
231
235
421
265
198
248
130
286
212
168
153
259
212
140
210
198
184
360
235
80
107
225
190
184
240
272
307
205
455
259
220
225
223
127
224
339
239
185
244
72
266
165
105
140
210
155
217
178
248
216
198
169
298
247
178
211
89
331
160
185
416
424
217
247
69
180
158
202
146
185
190
309
93
183
455
122
150
150
206
209
63
227
237
236
165
419
235
463
216
126
92
88
181
350
92
223
188
219
259
88
306
525
231
205
81
227
217
176
167
78
250
171
177
244
294
193
215
196
191
264
214
213
159
151
115
81
250
240
111
102
213
197
225
102
106
169
190
272
103
180
474
228
226
156
191
183
168
123
202
114
172
177
205
208
160
132
240
393
132
274
159
188
117
366
60
196
305
106
176
266
379
169
275
445
251
172
194
189
169
240
426
185
252
235
123
102
358
209
284
207
144
277
79
299
230
159
159
391
173
220
133
279
220
137
241
191
238
326
223
267
190
236
224
229
482
226
187
280
247
163
433
236
211
117
276
239
287
200
116
177
194
198
179
298
277
179
251
68
483
325
135
206
296
151
188
273
404
342
105
117
53
238
142
272
192
113
213
101
120
296
242
188
221
200
264
174
253
259
249
110
260
196
203
250
102
193
191
83
226
372
184
217
271
326
403
260
282
223
217
159
244
407
220
190
301
302
182
277
301
159
238
257
225
252
207
132
157
261
170
185
264
209
284
251
140
184
217
173
249
266
432
280
262
139
155
217
185
198
281
162
167
241
189
297
253
401
115
241
243
249
235
153
197
224
238
229
185
224
173
198
270
281
111
440
94
198
190
142
259
238
485
165
106
163
111
207
229
211
195
147
227
147
215
239
188
257
100
243
189
161
238
184
219
404
78
89
104
234
282
283
278
395
574
186
205
275
57
200
216
336
185
212
338
202
239
162
440
256
193
301
135
149
186
354
171
353
213
403
221
266
274
157
255
91
200
210
187
60
242
241
251
159
417
110
282
230
201
168
402
67
290
207
232
225
246
237
204
235
157
189
186
184
254
163
207
316
472
248
114
158
65
203
151
353
87
251
150
232
80
96
216
234
215
169
264
209
421
186
157
347
177
164
88
301
455
210
147
160
142
207
145
208
167
240
399
194
146
255
270
232
151
255
326
239
119
351
172
212
105
442
249
189
264
254
191
408
198
167
136
185
96
188
395
264
270
235
94
149
318
248
163
99
142
222
231
149
380
246
172
113
191
245
336
111
182
118
259
235
216
111
324
121
78
181
316
366
424
149
160
220
329
75
227
245
325
220
180
133
280
85
68
224
373
199
239
360
190
158
216
283
196
170
362
373
195
478
262
249
229
203
167
193
182
168
175
238
132
392
346
92
213
277
175
139
212
103
289
359
168
115
168
209
107
199
173
156
149
192
311
395
257
225
179
186
120
137
180
243
270
57
213
221
234
253
436
220
154
78
136
234
131
357
270
199
340
153
113
220
201
363
145
230
301
61
246
198
464
182
243
228
114
452
276
173
123
184
309
437
128
210
246
226
112
138
105
216
223
191
161
455
310
528
341
237
278
103
365
230
189
210
441
263
245
440
135
336
278
188
220
263
272
162
273
390
256
208
245
315
229
245
270
190
107
256
370
238
142
241
268
417
225
131
175
139
176
358
208
293
68
150
77
337
340
136
200
183
226
189
101
183
170
267
224
322
262
267
243
184
125
208
141
185
280
344
188
420
234
281
195
263
206
172
209
195
203
129
190
237
141
344
92
188
221
494
262
284
221
254
175
184
244
261
126
203
349
368
286
169
98
132
264
334
270
279
406
216
242
203
110
343
75
194
174
106
259
240
249
288
161
233
128
160
330
314
75
134
162
207
248
271
246
157
195
107
221
400
243
161
189
170
86
188
204
189
228
256
381
231
151
263
362
183
265
167
346
161
214
175
144
239
97
257
322
410
356
319
217
276
198
186
112
186
456
240
225
290
276
249
193
156
346
268
157
90
79
165
270
109
104
267
161
189
326
243
271
86
283
377
71
250
207
93
283
183
168
186
288
324
451
265
204
253
407
110
267
196
117
453
142
208
194
97
196
61
341
99
193
334
288
124
221
161
128
146
264
262
100
188
229
236
194
274
200
165
131
154
86
177
186
298
274
248
254
90
392
190
256
274
280
170
200
279
55
223
52
146
223
259
251
206
222
75
247
118
271
130
65
182
386
264
243
154
350
235
71
349
373
255
256
164
248
263
422
260
123
211
113
381
243
156
240
366
191
179
151
420
277
282
159
249
192
292
243
343
257
402
203
338
227
214
389
309
128
212
152
188
100
465
155
220
205
233
158
263
136
392
142
243
315
185
221
209
289
214
151
240
241
164
284
114
204
276
96
372
61
144
418
188
122
158
221
233
249
130
226
137
143
174
369
215
172
443
241
209
275
483
190
242
197
434
223
171
128
367
217
85
150
135
186
228
96
175
262
201
193
223
403
270
295
256
259
65
102
153
150
248
254
233
193
127
402
246
256
123
244
271
214
219
212
284
130
335
450
368
72
166
216
383
277
214
230
255
225
419
177
244
341
264
153
245
191
370
256
255
68
368
266
166
165
235
146
338
216
242
126
105
197
220
285
394
233
312
201
305
175
350
184
253
246
188
239
180
257
346
192
299
370
99
177
238
235
273
85
291
175
226
261
441
239
217
111
309
261
237
170
272
219
237
217
406
218
301
206
245
201
211
124
279
195
60
227
426
240
281
192
164
176
221
253
143
187
60
272
193
381
275
229
204
191
183
141
382
164
409
242
208
246
214
214
208
274
222
263
234
231
403
205
88
172
90
175
175
429
252
135
252
300
205
93
246
199
99
226
215
245
392
154
143
182
199
92
223
448
237
91
239
375
259
421
241
228
173
233
417
191
290
289
150
108
139
239
175
143
159
235
215
364
111
235
100
238
208
331
307
154
86
281
63
276
212
140
191
216
163
124
79
157
103
135
141
99
184
126
72
176
130
157
342
256
90
159
223
257
166
221
406
369
255
386
362
398
252
354
373
262
127
219
171
245
294
282
181
226
100
231
259
211
403
228
279
246
199
181
247
200
252
377
150
74
100
170
136
263
154
168
107
292
265
196
262
235
106
171
162
173
203
182
308
212
233
80
255
225
267
232
206
102
337
228
163
373
120
193
245
170
266
176
176
517
234
359
233
267
228
165
129
179
242
99
124
261
203
354
106
390
392
301
85
276
109
210
459
231
208
255
124
192
170
127
374
176
242
184
242
109
206
178
210
369
255
187
277
174
291
92
263
68
135
201
213
268
241
398
453
66
290
349
91
306
215
148
245
229
263
431
242
154
242
123
264
248
140
105
276
260
402
261
109
223
276
236
217
232
241
184
275
72
307
192
148
204
155
380
342
71
240
231
184
308
199
265
246
106
366
362
204
120
184
127
260
217
218
243
284
410
286
101
199
190
106
296
129
191
142
249
91
94
177
316
236
225
351
233
146
449
235
190
277
273
351
359
183
199
219
113
280
324
213
288
247
265
144
150
283
195
110
224
268
253
428
191
210
183
252
244
200
171
280
171
252
287
336
210
195
224
305
137
316
225
211
117
69
259
373
183
140
102
317
272
364
256
242
266
376
303
278
176
44
261
223
193
204
64
82
347
256
227
122
234
226
258
105
418
218
163
266
288
150
101
245
218
142
146
228
211
245
472
156
260
309
229
143
440
217
220
193
198
308
223
174
222
249
78
282
146
271
190
158
473
246
248
236
230
88
165
187
237
195
167
189
74
216
182
207
128
243
171
243
267
191
232
259
277
172
60
109
288
135
177
276
228
250
257
139
265
185
86
285
176
310
222
362
237
78
236
275
142
238
190
221
277
375
81
233
132
481
187
60
296
153
199
418
185
153
53
201
121
158
202
384
383
261
82
238
240
142
221
196
205
154
177
203
273
162
225
166
216
217
88
273
230
371
238
150
153
221
264
176
172
112
193
76
191
266
392
161
158
109
96
412
262
191
190
257
224
240
262
294
269
165
340
225
238
383
78
176
263
211
227
167
172
207
225
175
234
253
175
116
136
240
177
313
274
231
437
198
181
177
168
287
264
282
362
448
310
187
266
352
179
134
278
342
187
109
134
253
206
224
249
206
177
170
227
94
168
410
228
270
180
209
223
215
247
402
220
279
177
175
197
201
231
141
193
241
356
182
220
214
274
274
208
163
325
225
185
291
176
318
152
279
238
183
220
385
185
429
269
167
161
195
411
214
419
223
125
130
205
173
415
220
229
170
228
81
141
129
266
258
240
251
180
286
343
223
168
243
176
416
181
163
186
187
228
172
223
206
245
249
198
373
335
154
214
99
345
202
247
193
223
188
486
470
230
213
224
205
77
395
239
220
153
270
143
387
208
300
264
276
157
96
179
163
393
211
117
245
208
235
216
206
367
287
233
247
152
354
289
122
153
238
257
112
220
288
250
257
185
102
220
420
183
127
342
241
76
394
233
56
83
205
240
286
204
268
236
224
212
265
113
194
165
66
200
195
221
137
106
182
81
281
226
365
378
431
199
160
173
183
277
286
216
219
282
149
151
165
179
240
283
182
287
232
218
227
391
450
265
259
214
259
290
130
202
205
265
228
217
422
244
150
172
140
189
253
273
155
107
249
59
183
129
119
469
148
404
226
264
247
197
78
186
318
330
156
264
378
183
264
253
185
222
350
72
199
138
235
382
240
240
258
184
154
164
202
347
249
188
396
176
241
110
162
187
421
145
273
221
142
226
244
115
185
221
253
193
182
174
221
152
128
224
79
245
221
231
218
220
350
334
370
92
84
259
152
259
220
178
193
127
196
223
155
242
80
84
180
278
327
104
194
251
178
285
240
353
180
282
243
242
256
293
257
201
205
267
69
221
252
161
224
340
183
108
212
254
313
68
374
171
239
110
352
197
403
247
256
236
192
330
217
193
153
199
229
418
201
458
262
353
237
457
188
138
224
366
187
155
277
160
265
256
218
424
255
239
228
388
158
197
134
255
222
295
208
288
349
259
133
243
407
248
177
354
105
204
171
259
69
195
175
229
257
270
252
170
278
171
347
274
201
354
134
405
213
163
170
157
351
107
275
256
225
169
130
316
220
415
223
80
170
462
175
224
183
152
271
344
131
165
116
181
255
178
167
115
170
95
320
212
64
440
134
229
169
231
126
415
381
266
212
235
219
267
143
224
159
171
115
238
232
71
119
249
233
360
294
105
111
144
154
103
223
224
167
192
373
209
266
110
384
129
233
379
391
391
249
217
254
166
195
157
61
285
89
187
203
285
51
236
117
274
363
290
201
239
182
251
249
313
133
123
223
273
166
159
256
245
183
246
179
236
213
193
177
255
110
181
263
228
225
396
241
215
267
282
370
146
155
228
385
154
233
228
126
246
175
215
189
440
215
239
93
225
367
235
228
285
156
402
395
255
418
202
222
116
218
243
268
272
112
145
240
219
284
93
173
92
235
102
282
46
207
280
373
90
194
210
152
102
182
255
196
128
434
175
217
204
170
168
498
221
239
256
170
322
80
298
299
202
278
502
250
364
233
162
333
102
349
136
114
278
175
230
204
199
136
335
455
153
255
247
187
148
96
130
210
395
436
378
213
168
224
305
250
210
227
194
224
172
125
75
243
237
103
202
147
196
225
262
67
261
204
165
312
252
175
389
195
111
161
202
267
202
189
216
471
315
271
281
193
100
112
398
232
121
322
193
206
172
141
169
385
230
105
163
249
361
107
127
213
181
137
201
251
187
194
389
279
316
238
201
197
240
137
257
176
227
212
347
141
202
97
212
212
343
128
360
210
113
465
431
179
152
264
180
447
170
437
268
235
194
301
266
176
149
175
260
359
288
236
245
139
107
241
131
190
251
213
254
176
136
111
265
292
199
171
138
106
242
191
178
252
379
183
209
56
209
388
365
184
352
287
131
154
437
116
239
255
290
232
231
164
164
217
285
143
240
183
150
174
208
259
256
201
219
210
501
157
292
159
203
152
264
166
148
213
123
227
243
238
163
109
247
273
131
259
258
181
229
191
232
193
72
134
330
200
369
210
145
201
333
476
245
223
259
186
336
176
406
90
210
287
439
146
202
249
215
246
223
414
156
92
282
152
230
157
214
183
165
218
376
220
275
221
165
203
81
148
270
115
180
129
438
231
231
308
211
193
281
271
282
67
459
213
106
209
185
75
156
251
195
245
216
293
456
251
173
415
189
112
220
382
173
193
208
262
347
252
159
89
176
259
177
229
268
400
231
123
174
168
84
232
129
226
239
201
295
80
268
356
302
204
254
241
235
190
275
327
256
213
238
272
249
291
212
233
214
199
369
181
200
182
310
214
236
224
258
144
286
257
238
233
262
230
253
295
149
186
289
207
188
232
131
259
309
99
239
165
217
187
407
156
262
224
272
461
281
277
223
187
214
133
208
223
218
225
428
419
456
220
232
298
211
337
272
204
246
251
182
159
150
206
259
266
176
308
102
208
210
95
249
219
210
233
156
393
139
201
178
210
274
368
188
268
252
407
254
314
222
282
110
168
195
235
228
295
236
126
179
207
260
210
129
277
181
197
201
245
245
184
154
271
250
198
256
203
279
223
228
210
243
173
222
373
143
309
196
355
536
216
130
82
249
140
198
322
164
93
263
221
154
231
227
264
198
244
215
216
230
235
157
177
337
218
192
127
292
303
149
287
427
235
92
194
285
378
200
90
116
245
134
141
215
187
130
403
258
265
288
104
315
304
240
143
227
148
190
202
225
154
343
437
213
277
346
153
210
174
253
194
226
242
100
158
272
416
140
185
113
253
246
286
231
220
121
235
247
141
353
201
305
314
144
285
84
327
116
132
282
226
156
144
126
105
435
91
359
211
267
236
231
122
305
245
206
260
212
291
342
160
165
278
199
401
134
147
247
219
242
262
141
313
167
73
190
208
204
151
266
214
307
159
214
283
258
325
213
148
431
239
282
192
163
143
395
243
131
173
139
217
79
152
197
375
125
185
244
214
242
419
281
111
194
257
207
243
228
132
119
261
213
122
145
159
282
290
302
185
104
213
317
243
293
287
151
119
90
365
207
262
194
197
181
233
316
120
276
219
177
183
183
154
241
216
260
199
350
288
335
308
235
269
254
98
138
207
238
152
145
247
185
278
215
233
269
171
316
251
190
133
141
120
80
454
176
208
219
274
182
182
247
327
413
244
174
77
172
242
429
240
182
203
173
490
280
264
203
190
223
163
328
200
232
201
124
215
197
232
261
264
134
193
304
209
236
231
181
209
216
259
168
199
253
265
325
194
71
334
246
245
304
262
193
72
146
303
395
244
249
176
131
268
145
175
239
225
173
192
157
280
291
235
160
84
179
192
404
123
252
222
375
252
234
188
243
392
204
148
177
145
74
112
366
238
182
168
135
131
200
148
202
143
193
151
213
169
205
152
257
299
263
352
229
173
224
262
270
79
265
228
99
139
294
155
88
139
116
379
457
127
214
249
237
234
265
429
232
196
151
179
244
222
234
143
139
165
236
398
143
109
283
245
246
161
256
243
174
300
375
249
157
208
185
266
199
149
271
239
349
236
255
287
130
236
260
111
184
184
225
193
290
509
184
418
73
347
122
249
135
211
376
335
279
199
153
151
222
131
393
164
179
152
118
179
167
221
255
253
188
207
64
259
77
221
219
243
180
266
287
267
298
236
352
298
297
237
198
189
189
442
328
258
267
153
321
99
139
176
226
211
331
237
192
411
204
130
196
255
243
123
222
322
71
385
193
179
167
216
218
438
236
396
208
283
243
214
275
390
288
239
309
232
434
416
246
200
238
151
228
109
223
245
211
233
226
347
193
274
256
105
197
296
129
224
175
182
114
75
98
232
143
219
158
224
274
144
232
128
153
268
255
183
235
165
124
107
160
330
100
204
294
209
188
86
464
163
199
195
249
235
386
93
323
108
250
176
244
127
222
448
234
264
394
175
208
128
156
241
295
151
199
241
228
148
251
277
71
237
176
340
160
119
195
231
224
223
73
202
300
122
256
201
276
247
228
252
349
218
211
295
260
312
124
235
274
185
269
232
190
242
109
158
357
103
213
148
210
122
220
262
232
54
244
259
159
230
263
109
387
181
177
207
254
57
150
233
230
179
190
228
114
173
199
179
152
231
425
333
232
223
156
178
178
254
104
149
123
259
362
219
401
139
251
214
358
252
289
200
305
273
219
384
115
205
162
86
208
398
260
356
138
361
255
112
268
200
214
196
165
269
248
210
222
241
278
238
305
55
266
200
175
400
268
231
237
170
405
294
82
214
147
144
196
193
215
169
251
292
283
224
241
223
224
291
299
212
241
184
143
262
117
177
281
76
237
177
257
359
224
245
287
210
227
390
284
175
110
212
405
162
255
179
221
123
206
274
78
216
264
259
266
208
180
154
368
283
213
234
220
209
137
368
172
238
309
144
263
257
282
172
391
101
361
284
70
254
201
242
310
338
131
173
189
303
213
252
76
139
224
227
96
275
328
57
363
422
278
193
228
127
280
287
240
149
193
141
219
149
301
362
229
260
173
181
233
159
182
445
279
240
279
176
311
197
179
133
461
225
337
89
219
230
171
220
293
211
211
259
222
228
148
228
247
134
132
93
188
206
201
364
268
416
313
381
336
243
154
261
368
183
199
211
147
195
240
382
177
198
187
312
198
95
197
233
484
75
232
90
231
182
253
255
172
345
243
184
251
172
107
186
146
318
159
521
84
376
269
159
111
206
268
248
143
192
388
199
254
245
199
227
185
176
279
159
144
134
338
225
214
166
430
318
388
195
408
277
212
349
103
131
191
306
103
207
230
178
166
228
135
339
195
380
164
250
228
142
207
128
215
347
302
239
430
238
120
95
354
231
317
331
533
376
349
260
226
221
156
186
266
231
182
400
246
247
204
267
256
256
179
405
283
136
93
209
304
123
198
425
232
201
197
166
228
119
269
252
225
290
220
126
173
241
187
181
326
356
137
106
239
86
153
347
214
147
231
236
134
199
321
139
363
192
101
154
182
73
97
188
157
106
178
194
208
210
369
232
233
250
255
108
435
198
416
76
85
242
137
320
209
101
414
208
135
219
199
216
80
305
270
186
196
213
164
225
216
371
250
370
269
344
191
248
218
235
230
205
221
159
252
319
369
280
183
102
183
465
227
178
143
300
186
219
193
248
109
145
273
210
238
214
205
252
378
297
287
335
132
295
169
173
252
136
270
411
220
218
246
314
127
389
223
227
250
174
213
207
188
205
240
351
250
154
85
494
206
114
455
339
93
95
282
143
182
216
332
81
167
223
258
148
236
285
76
402
437
470
106
144
196
413
242
399
171
162
179
407
215
198
164
335
80
463
327
252
254
241
250
254
168
221
392
135
84
255
215
179
351
334
204
112
68
198
282
73
413
259
218
247
170
147
206
229
203
146
252
222
245
204
438
173
89
163
252
124
261
273
190
178
200
275
145
149
236
199
357
185
255
274
242
82
406
268
193
170
152
314
162
195
333
257
255
144
183
459
161
233
358
131
225
262
57
150
292
259
380
171
248
265
180
147
142
205
151
230
250
69
93
171
401
188
251
127
164
93
211
372
245
145
198
234
186
288
248
216
286
152
195
111
216
119
228
254
300
208
289
87
425
275
123
168
213
165
227
379
370
184
308
349
185
230
248
257
74
209
227
512
307
438
350
194
139
74
221
143
301
213
217
140
184
268
204
180
168
223
180
239
235
276
234
68
116
165
299
150
229
284
246
111
322
204
154
283
381
238
155
197
87
258
286
150
400
133
193
98
89
218
216
228
195
253
66
125
207
292
214
294
193
234
125
157
291
80
224
212
137
215
145
289
87
266
162
201
299
399
242
217
238
173
149
220
124
278
135
169
396
186
248
436
221
282
251
212
325
181
337
240
103
273
95
242
288
263
157
224
216
457
214
97
75
283
300
244
257
210
447
137
200
181
245
199
254
344
206
71
251
232
104
304
243
219
316
127
268
302
210
224
106
158
152
235
135
225
152
384
180
150
208
179
113
217
133
134
205
265
266
118
170
203
228
168
214
187
243
283
425
212
251
374
197
88
259
145
121
342
183
404
255
326
191
338
117
166
246
221
233
185
216
236
171
325
128
215
207
55
195
148
316
168
226
399
155
202
117
179
161
220
357
146
154
192
197
193
165
88
172
212
167
136
126
242
190
234
243
114
154
100
206
381
151
175
131
215
120
238
168
168
184
180
233
255
207
271
264
259
402
109
163
188
341
189
390
271
285
161
313
238
205
167
342
208
321
189
248
295
148
281
342
237
449
132
243
254
272
261
276
269
198
203
171
234
373
252
240
267
181
248
310
236
253
195
512
184
159
220
381
155
177
79
164
187
254
268
339
165
400
249
210
247
151
210
95
264
209
220
180
207
80
169
268
148
161
156
380
216
94
140
182
108
164
325
229
193
247
185
265
168
371
198
217
165
116
75
208
230
237
213
301
163
189
246
347
275
337
194
193
173
246
373
216
215
339
98
237
260
88
253
125
156
236
198
136
278
53
221
261
238
254
321
368
104
342
232
253
224
239
266
251
148
358
271
259
228
98
206
140
237
240
105
120
322
262
160
221
87
213
219
104
191
233
252
234
225
186
171
216
100
180
128
182
239
148
218
223
406
293
224
113
283
248
219
223
284
325
176
184
252
278
221
189
154
199
353
261
186
273
80
229
98
343
377
299
372
210
208
278
406
164
259
211
175
148
154
237
303
225
269
414
171
458
259
122
279
84
212
154
207
147
287
170
93
389
209
371
163
116
109
218
412
175
217
201
198
222
144
172
370
177
331
348
209
69
218
222
160
241
215
199
123
264
362
169
187
153
107
161
125
341
58
144
114
243
231
179
420
236
115
175
258
270
63
264
137
222
250
500
340
150
329
330
443
450
223
254
399
235
286
236
185
214
379
91
87
169
339
211
186
371
261
249
184
232
313
139
464
373
206
297
122
192
249
114
360
245
245
250
308
362
118
196
204
299
257
283
212
195
215
300
361
215
193
94
141
106
230
254
205
168
346
361
366
204
163
249
438
183
238
245
120
290
182
396
274
109
218
115
228
167
255
219
320
241
82
260
209
254
252
163
152
149
184
350
460
243
277
170
186
196
208
65
393
482
111
283
56
314
231
480
290
121
234
149
160
213
227
324
196
232
371
376
262
152
242
110
173
80
213
179
170
197
201
263
174
79
155
131
191
113
301
221
206
170
117
258
187
356
241
358
192
228
277
251
252
107
249
224
108
250
288
89
234
181
247
273
159
204
221
133
158
361
258
220
177
195
224
218
213
122
391
91
203
70
96
290
239
133
272
204
153
279
390
172
269
304
152
352
177
239
61
117
143
128
135
383
166
243
189
96
310
129
163
174
225
160
247
309
199
261
296
275
215
220
197
236
182
215
246
231
275
338
378
249
183
151
148
137
199
129
230
151
227
264
124
239
161
63
191
192
196
136
235
240
282
68
174
187
181
224
139
207
251
136
206
433
119
343
234
149
244
280
180
398
468
206
224
180
244
230
100
217
67
315
185
318
431
176
345
179
357
255
201
449
188
144
254
205
267
164
140
373
86
199
342
244
363
437
247
216
118
281
224
202
193
431
205
184
263
170
427
206
107
397
137
313
380
95
171
235
181
177
79
449
244
202
476
210
115
229
211
233
422
213
238
234
139
131
439
138
238
300
163
412
119
377
223
142
375
351
187
261
114
217
376
238
303
199
256
334
200
220
347
243
158
171
218
226
225
286
258
251
189
182
339
344
230
387
87
165
252
125
186
171
236
143
112
310
246
339
514
336
273
174
214
254
404
274
121
219
212
254
267
170
102
249
269
293
346
131
230
74
123
341
218
281
319
113
236
247
184
94
151
112
233
316
57
238
224
260
215
242
164
317
244
219
180
213
188
131
327
207
257
283
75
244
350
141
243
169
246
169
413
215
493
243
226
238
197
191
246
197
208
222
220
180
143
356
156
124
168
102
77
367
152
242
397
208
196
248
176
206
144
143
91
152
131
339
206
314
178
209
67
277
436
257
205
186
278
268
238
236
443
128
266
162
154
238
191
242
156
121
150
156
96
179
272
159
214
336
164
203
391
249
234
92
224
76
257
200
402
254
424
181
178
191
235
251
422
146
239
279
277
288
245
217
205
220
333
156
188
315
379
369
233
205
352
376
185
197
199
125
285
221
223
167
232
232
216
247
198
268
197
255
465
318
135
221
219
261
364
189
202
165
200
301
309
75
94
287
118
234
148
207
257
335
291
228
185
80
262
462
248
251
270
151
210
120
212
77
264
469
149
220
188
106
199
99
260
217
190
281
204
171
163
149
214
261
256
247
247
191
141
165
167
134
179
251
193
292
242
186
217
176
363
222
341
156
267
180
221
320
340
219
91
224
111
249
277
164
470
214
282
147
178
223
201
259
153
91
412
210
93
298
205
111
120
203
249
215
85
231
312
346
270
251
333
377
257
238
114
200
183
229
249
398
300
166
256
269
55
213
176
180
336
295
150
427
238
265
197
134
178
82
159
495
254
232
229
226
266
242
375
188
426
237
208
103
221
131
175
248
213
308
150
251
149
147
216
206
245
230
170
201
55
220
187
115
231
194
372
409
207
164
109
94
110
181
244
177
417
202
164
218
284
92
250
341
99
173
284
94
132
300
405
178
103
184
221
227
253
134
272
358
181
179
399
290
167
249
239
212
302
253
197
257
264
78
171
171
395
178
263
404
221
197
170
182
136
177
340
215
391
254
234
330
191
425
294
182
270
419
269
220
171
229
97
167
197
228
214
88
203
253
70
418
124
303
204
284
322
223
416
163
255
256
187
105
217
158
256
154
145
117
269
271
262
178
349
429
168
214
229
269
115
229
271
160
247
126
273
154
187
218
167
163
304
240
329
148
189
222
121
296
166
211
494
165
129
319
126
353
204
37
225
75
153
53
90
214
271
196
251
208
249
230
214
227
250
193
216
248
173
223
98
192
279
168
167
244
202
162
233
224
301
207
238
372
351
78
173
199
257
208
420
246
129
248
195
236
122
391
303
181
193
124
203
237
168
465
57
372
102
250
445
388
197
216
209
52
83
271
191
72
198
213
123
340
279
210
141
160
205
264
268
246
330
213
167
236
90
342
213
251
172
403
240
204
118
203
501
159
93
189
427
181
405
428
261
175
491
266
350
131
246
339
207
165
216
165
314
282
265
242
298
189
217
235
174
516
381
445
266
214
233
394
171
180
164
210
258
469
152
82
151
121
109
205
192
160
74
248
236
268
270
79
173
110
72
264
231
93
306
238
250
118
61
251
320
321
182
230
255
379
316
129
179
194
228
252
285
332
252
201
458
394
184
339
93
247
202
123
141
385
285
165
196
430
341
262
187
210
378
226
248
139
294
352
248
237
225
299
337
163
248
140
381
260
246
260
160
196
228
134
250
135
148
333
319
153
97
227
207
210
156
178
179
445
120
323
245
206
356
282
217
330
217
197
365
144
68
225
169
152
221
139
113
245
245
148
152
436
201
208
321
285
78
263
155
229
413
207
406
327
236
127
113
230
192
340
217
451
254
398
97
154
95
239
251
154
170
264
107
234
189
232
239
164
201
454
203
225
301
216
321
64
263
263
504
369
234
218
130
433
193
156
447
147
270
171
78
415
406
337
219
186
372
284
205
271
300
200
98
138
200
261
220
288
182
364
130
380
186
306
251
120
217
256
257
333
280
113
257
148
155
128
115
213
97
220
156
414
151
142
269
114
220
173
269
232
363
225
218
222
360
304
178
264
150
392
293
248
256
159
201
66
222
167
177
376
195
210
94
204
254
83
202
236
78
249
262
196
123
102
86
196
273
228
248
261
173
173
220
236
77
246
220
181
251
217
146
148
257
145
186
271
242
211
176
194
195
225
282
100
210
144
182
209
319
167
255
206
157
196
215
252
164
174
216
238
219
147
388
153
139
241
192
303
336
165
174
231
232
134
158
208
254
324
166
240
109
210
188
280
229
218
323
263
357
106
322
267
272
426
278
254
204
159
249
481
297
132
279
180
461
136
230
80
131
203
243
210
192
165
92
253
454
189
196
258
129
251
271
307
386
373
253
187
415
390
210
206
78
116
179
157
91
100
259
87
238
403
164
251
146
143
295
207
164
362
148
182
438
171
254
170
426
276
154
284
237
347
335
114
181
487
209
196
177
181
190
213
371
193
414
255
357
105
255
160
273
330
92
185
231
105
141
367
396
307
183
246
118
128
216
238
264
271
223
234
265
192
289
262
363
152
80
200
202
178
231
228
304
94
134
267
95
213
172
375
265
210
219
313
268
232
247
375
180
347
298
122
237
223
111
187
212
299
182
366
182
168
249
117
229
298
160
158
184
229
191
274
295
166
233
99
345
375
129
148
244
164
274
236
215
258
209
120
157
228
260
219
284
173
171
276
154
392
243
482
159
502
72
151
180
111
341
237
408
254
144
248
208
383
258
120
363
266
250
246
160
181
205
140
488
145
310
332
220
226
229
147
451
218
242
192
210
239
278
485
256
140
162
126
306
247
260
88
246
205
178
324
259
213
424
384
114
300
390
148
120
381
184
123
163
254
162
213
247
177
222
237
155
286
188
202
276
212
79
251
233
166
242
165
222
124
135
204
236
221
161
358
144
196
187
126
208
218
444
280
201
202
249
193
244
112
178
163
184
105
213
312
86
85
149
86
196
128
250
82
248
314
207
215
234
455
197
123
169
263
237
240
199
86
292
255
217
238
283
398
76
177
370
160
259
149
224
166
122
49
279
218
249
134
337
183
278
392
263
174
319
200
169
181
402
148
380
208
201
282
337
195
123
161
173
268
177
348
298
255
238
206
311
78
202
124
292
226
240
95
178
157
364
170
289
402
177
224
176
244
250
220
111
202
147
351
78
333
192
269
278
185
253
195
243
144
212
151
152
233
285
248
363
169
96
181
342
125
221
259
123
254
147
242
221
310
244
222
190
262
166
187
206
118
192
96
117
180
233
113
345
156
381
214
333
105
176
76
259
98
276
217
178
247
233
225
455
162
313
285
287
119
281
148
52
288
299
78
137
367
230
211
314
236
67
202
141
259
236
249
93
179
110
306
185
389
179
179
216
141
337
241
98
275
144
230
74
177
193
210
253
347
212
257
230
419
81
258
333
183
471
195
210
135
150
197
275
210
233
272
352
308
206
224
180
113
240
258
196
216
255
316
121
111
235
252
64
140
167
210
275
179
263
304
259
168
421
132
353
247
190
398
251
250
139
198
346
213
148
108
269
453
146
190
250
262
261
213
234
227
189
246
251
53
264
257
376
297
217
274
172
236
219
187
214
240
197
399
218
231
288
176
253
76
337
242
126
205
249
326
178
146
273
257
158
193
238
131
103
173
101
242
238
212
65
177
170
200
434
256
393
180
272
460
234
63
171
124
93
252
162
111
217
160
205
233
212
282
229
310
177
283
63
257
81
223
213
250
95
271
192
261
95
257
183
251
256
369
228
204
262
188
173
299
281
383
116
200
210
230
481
144
64
218
199
256
285
316
161
201
102
83
231
243
193
145
321
165
105
105
293
336
187
203
199
285
112
339
253
187
409
152
194
397
211
149
275
162
294
230
282
389
252
261
208
190
200
143
282
213
283
216
268
177
265
149
235
134
183
365
179
104
223
70
75
274
246
399
150
142
389
182
97
431
98
116
489
192
283
248
205
213
278
219
389
300
238
234
256
347
76
237
383
223
252
106
96
192
211
198
443
151
386
254
77
173
144
70
142
194
146
189
284
174
206
254
251
135
260
209
103
410
295
286
197
245
179
495
385
372
205
182
403
210
242
296
334
370
289
413
223
190
217
261
216
235
210
328
277
229
449
408
305
121
164
390
74
394
237
235
368
259
172
304
191
422
141
256
85
236
234
136
297
273
99
189
388
297
154
363
256
192
192
186
182
127
135
341
205
258
134
173
199
229
218
212
104
197
92
255
456
232
239
201
167
299
81
89
78
167
107
405
284
227
358
259
174
202
229
84
258
212
282
126
261
55
236
245
262
73
266
93
191
129
226
205
198
191
232
233
156
274
141
242
149
206
232
186
218
240
205
286
246
206
282
207
227
252
312
180
243
158
239
259
166
244
152
206
173
111
152
217
219
289
119
220
223
216
145
206
377
284
229
183
158
435
255
173
308
210
220
113
223
367
290
264
117
326
94
365
88
146
245
224
307
267
169
236
214
177
499
140
216
190
137
166
187
280
183
110
181
134
215
238
165
216
102
381
264
171
130
244
182
400
143
422
208
176
226
273
193
344
395
271
297
244
231
104
239
256
144
362
252
223
256
188
287
230
213
162
213
247
298
325
144
263
159
93
214
299
335
164
214
137
218
159
83
437
243
179
208
360
189
204
324
199
213
153
335
250
98
298
207
157
223
228
380
202
287
307
252
213
220
184
210
258
298
180
202
218
98
100
128
252
241
150
254
215
309
265
248
193
215
171
197
265
148
249
165
93
160
232
366
152
362
111
236
226
395
247
387
354
170
160
139
226
152
217
185
255
165
231
177
340
240
179
218
168
303
206
247
143
160
424
192
182
113
251
189
182
288
246
272
254
228
86
259
262
96
370
382
302
192
265
157
232
421
210
283
147
244
481
284
274
143
179
72
246
234
213
177
199
174
177
250
138
244
144
200
252
241
191
300
257
305
251
165
381
241
78
173
375
118
219
385
386
217
97
271
335
215
155
223
182
194
263
270
122
277
189
495
248
413
247
262
252
277
120
166
206
161
216
191
275
352
237
456
194
61
263
275
121
195
196
237
226
388
208
227
210
258
232
159
211
314
270
220
363
265
115
281
254
207
183
109
211
269
102
217
396
185
141
248
217
215
217
295
185
168
274
401
187
345
262
274
134
140
268
143
218
107
238
363
268
227
153
213
245
190
192
302
69
241
264
281
180
186
164
226
230
102
266
245
161
215
106
209
93
113
445
360
169
186
348
189
135
440
160
193
87
271
256
197
192
289
194
267
139
201
152
214
247
108
138
250
152
115
265
413
257
258
399
418
159
239
265
232
122
100
131
374
145
209
185
306
188
291
277
360
91
251
223
242
137
182
252
214
244
257
199
107
329
158
151
208
368
257
470
170
214
106
221
253
352
162
254
245
267
167
160
230
237
281
268
121
171
173
201
189
161
237
205
226
442
258
75
131
245
228
365
347
232
291
204
267
192
262
348
236
364
174
436
273
271
349
220
240
231
338
342
156
176
130
114
216
170
193
197
181
70
260
168
289
274
160
394
103
215
70
318
237
126
247
216
337
186
205
148
277
189
174
113
208
200
124
150
126
239
219
205
216
404
229
254
192
150
371
198
95
206
386
195
400
255
137
169
337
186
257
237
396
216
146
262
219
286
241
219
162
262
255
398
148
212
203
490
190
160
179
91
151
264
419
111
284
224
339
276
80
138
432
163
94
313
103
207
222
263
263
228
204
137
176
372
219
244
157
411
266
401
109
264
241
243
219
153
217
191
166
385
267
266
185
228
206
135
169
305
200
245
295
142
279
141
103
144
219
133
239
134
171
211
55
223
229
91
390
228
438
250
172
346
189
205
264
153
227
185
212
69
430
106
218
406
198
104
175
198
186
172
116
98
238
132
132
101
174
238
322
218
307
256
244
61
209
453
195
116
91
179
265
86
213
133
141
106
181
206
120
153
102
195
120
146
192
276
185
142
328
66
171
174
230
378
227
305
146
203
215
388
210
162
258
287
157
371
249
246
229
280
247
257
357
339
128
159
184
388
181
226
265
149
235
293
189
241
183
248
166
252
203
234
177
219
378
175
418
437
126
192
183
257
149
258
188
219
256
372
158
235
261
276
174
270
130
285
165
254
56
270
190
231
54
273
178
132
268
403
366
269
142
143
228
102
155
115
155
253
171
139
196
262
243
139
78
378
199
235
209
264
135
293
353
402
254
202
79
154
254
236
268
271
157
223
175
135
286
486
420
246
258
195
270
131
269
216
91
392
231
256
253
128
209
112
249
161
241
174
368
263
285
77
274
198
236
254
335
205
99
98
183
248
229
190
369
194
401
139
254
191
244
229
288
167
286
41
151
117
180
67
112
227
176
384
132
263
230
153
165
314
189
430
391
90
207
192
138
126
258
59
238
434
145
97
297
219
267
269
246
188
265
123
355
111
411
264
103
230
73
225
172
143
160
138
179
116
162
415
328
308
210
210
105
203
167
454
195
252
288
233
86
175
246
171
197
171
204
223
220
243
224
398
488
180
195
261
259
157
183
418
335
272
105
87
229
237
126
55
152
245
229
229
152
204
72
327
193
168
267
140
169
358
142
239
273
262
290
294
262
279
82
200
260
282
173
205
457
419
188
270
207
247
461
110
202
214
293
185
216
256
96
355
241
199
267
200
205
456
117
221
143
135
182
286
232
244
170
182
150
219
134
200
202
177
159
304
182
238
207
417
89
151
151
122
93
69
49
159
279
194
258
251
247
206
364
282
229
279
264
211
201
72
101
378
207
318
257
109
175
197
136
292
109
203
241
187
205
161
193
126
439
267
297
316
76
172
187
333
184
222
227
315
369
281
162
238
182
86
266
397
364
110
234
74
198
317
202
208
197
159
133
117
105
120
299
80
222
142
327
118
154
291
179
98
138
250
359
239
439
242
267
228
264
250
267
275
197
262
306
173
216
219
237
236
117
234
246
211
212
327
83
231
217
249
200
278
148
180
158
216
343
92
150
163
243
234
256
218
324
237
68
99
93
209
229
238
207
129
339
178
123
235
109
267
143
285
207
273
52
405
178
105
141
196
240
264
109
267
86
187
435
184
365
244
233
247
204
193
221
258
186
178
283
122
149
223
270
180
136
253
164
187
255
212
210
312
231
136
172
263
122
229
149
248
131
173
261
208
240
112
274
221
163
302
287
267
284
130
240
322
212
229
200
176
166
96
332
110
167
253
127
153
194
147
256
383
223
203
186
135
213
64
179
222
361
121
205
188
331
200
201
225
244
71
440
223
188
195
213
240
273
94
225
125
192
275
324
210
177
206
418
246
161
257
195
430
262
85
97
337
131
253
322
275
211
265
345
134
306
98
202
143
349
220
151
206
300
210
281
442
186
217
175
215
191
276
238
206
294
447
141
251
219
245
290
137
118
194
238
160
353
203
342
263
232
208
175
264
361
119
195
196
228
88
203
232
214
194
271
422
89
156
179
123
188
117
249
255
454
152
96
144
204
204
259
243
221
116
322
203
178
208
255
163
165
181
188
246
242
150
288
323
78
424
106
261
201
388
169
251
209
184
163
430
179
391
171
271
213
242
110
434
99
157
123
248
225
262
189
325
184
211
227
286
158
142
202
187
290
351
183
228
384
246
181
170
337
434
450
266
331
86
99
376
185
238
221
331
169
164
115
210
117
215
198
204
182
97
62
274
331
271
104
172
413
157
137
151
251
285
208
200
202
118
243
166
168
103
186
278
171
281
314
142
226
261
188
111
205
271
494
309
256
184
361
197
139
247
288
214
202
235
213
136
287
264
163
266
227
206
189
130
65
412
205
219
121
361
189
144
225
162
500
99
173
137
184
218
356
196
224
221
86
289
145
233
303
46
133
349
253
277
259
195
240
268
226
273
188
264
299
304
356
183
304
127
233
392
230
123
249
143
85
100
228
113
168
117
301
171
147
96
348
203
182
402
292
266
107
351
218
212
373
95
203
276
321
90
238
201
188
128
337
216
235
145
160
349
194
364
190
176
170
214
179
220
223
290
232
194
227
229
330
242
271
227
295
174
162
245
225
168
232
258
235
118
190
232
192
117
228
119
212
124
176
167
87
232
209
221
212
155
329
305
85
192
249
218
230
206
335
251
316
251
234
453
145
194
171
148
450
368
142
181
234
128
260
181
196
330
283
162
275
312
318
162
202
179
433
92
420
221
131
198
411
235
135
170
147
250
271
245
189
48
54
134
175
197
111
183
255
262
212
295
265
206
296
135
227
184
176
295
351
222
78
415
115
292
185
170
141