106937
32209
33464
90446
120581
91679
147676
529987
50304
53497
36790
594458
95355
88669
134780
310221
273707
70207
134498
96311
8500
150258
81207
102062
161357
34689
120770
187369
33722
278690
551776
76866
273901
103068
75766
408321
109503
71478
312983
149016
372530
248549
302193
226934
84790
49502
11509
76892
337003
106837
498988
33204
87947
312933
275740
192765
51289
121549
69418
62232
131882
183780
238881
129164
104830
31056
833633
25393
151375
290626
49396
385935
35606
35014
69170
531970
155574
297985
697243
39581
207297
173440
81174
530886
100265
47647
358216
45430
62919
105602
310250
90071
106336
125174
45816
284202
301799
163212
96018
9443
319153
44897
475591
110594
74224
183829
225685
682982
146611
150419
327250
158663
184922
734626
204290
193343
63803
99094
627411
40848
58643
298410
412634
38993
153646
17250
232947
314591
201165
36753
312068
114260
117591
264090
180925
97219
125263
659510
24134
92587
542153
44823
144875
147461
138910
121874
22152
43484
75285
269850
195872
32918
167398
234405
73752
44425
45814
508951
125694
87197
402407
73495
177012
93387
82347
70095
223273
218004
271743
75765
150976
43025
573920
188637
100157
40897
87298
16943
285402
443022
301245
7332
66270
63783
61795
29954
101786
100677
255502
338387
92955
150310
208792
154495
175747
78628
198725
198415
267265
243815
47531
181488
86902
68921
235745
8676
81657
31974
4225
188552
207577
46267
43890
167972
75046
40771
30717
37909
3674
90055
302625
250608
86206
173804
346182
33708
201865
66829
81984
81731
334339
346849
19709
193234
103470
128379
73195
46227
244359
47636
290810
39717
97062
51315
338300
410732
23058
33805
234470
85938
36900
347695
311001
7963
151549
114665
51606
100174
484650
250557
61060
229575
154246
233969
75622
91748
25590
88321
430946
281747
86375
525238
523323
284706
49274
251964
135417
386379
120439
114470
218320
143190
74476
61912
81579
161112
301191
126294
9522
178592
499306
67798
81782
327432
177307
170429
129301
258326
87055
188848
233716
137857
675617
90820
44538
99814
84419
70033
79559
43891
86351
257175
194963
108695
87456
381329
145910
33171
75707
29741
317352
255528
60134
4058
142305
374521
14671
106019
44088
166461
90376
191747
99521
39467
60256
197347
88453
59405
16838
334658
34528
150450
86562
31488
101090
40536
153106
125153
43401
181451
188968
61413
126861
309702
24906
282552
8762
15307
237422
37600
178635
106251
110480
47170
98503
68664
35225
59759
129932
198435
403454
85079
23656
3763
227559
93789
461867
142800
134885
63504
110380
165766
486727
78977
2768
146553
426430
23392
103207
139343
91883
161871
322984
84917
43850
54463
204222
124961
80466
218336
308335
30754
233507
87875
709253
57774
45818
78323
49012
66927
14141
46192
193961
158533
173520
319738
381453
279761
334218
80927
206522
272981
34728
672613
152997
32466
50178
459750
413311
140533
133552
32042
482993
416509
49055
57670
236307
18136
152694
30473
114860
86386
159727
317284
236751
36749
76660
149536
25157
462413
207659
19940
33689
222073
369148
37861
65634
149924
38308
293878
233220
92101
401842
110093
118346
2658
333976
60320
77626
412453
292774
24407
94129
376823
530195
91734
115303
24257
228080
226652
196363
240355
367957
65681
458858
55283
37247
69185
347462
302727
132208
47230
14716
37435
43582
575817
187111
128910
169103
352636
169637
57072
21897
26131
27570
148758
270116
116785
79657
128470
207583
187253
30514
48067
358216
34472
116470
79776
164105
189805
463981
170553
51647
313813
156483
133168
45413
320434
236315
118827
143282
6752
314719
3626
237182
396923
189499
55634
54609
54792
95846
208336
296616
66225
128975
59339
131409
61833
82292
131129
93448
4571
208674
105452
126058
85638
227746
119299
129058
258319
98965
172934
152519
36441
85389
203637
23609
220417
99961
14765
429858
134829
267389
113381
975409
205529
233870
181862
98464
100552
14555
48826
295480
37844
124586
79045
243488
14377
421035
275650
49964
124068
66821
158397
18722
131776
744339
363656
573861
92127
167289
257900
162596
103557
103319
119084
21897
308007
488810
48062
54664
574873
258776
125945
52550
198070
141039
112514
41862
579901
442777
61904
48744
3819
518766
325114
80153
188428
59601
39457
126868
117265
45146
41643
591945
468203
428408
74188
257525
181656
56176
148355
36418
104160
73193
196234
193718
163704
43915
107971
9182
129348
98678
455488
450425
166287
752717
70422
61106
83536
29403
159980
14236
121892
218892
82226
62241
254961
61740
74343
19988
447399
166641
334330
343851
355146
374530
69024
176182
137520
131339
1047408
56432
206077
194397
85072
342559
36451
151184
124849
90881
48114
329497
109389
53444
236392
134584
211262
359023
69603
18509
69877
18515
107910
128819
356406
272231
99757
131098
38528
137503
395186
119950
152753
363994
148708
571068
95674
366835
66016
21177
38324
67530
21669
20364
168063
28955
281954
99405
138527
190089
100013
39609
30546
14588
27742
121787
184141
687096
406361
82114
19163
17202
490162
193938
263870
80186
71783
31264
182328
139030
103679
37561
113269
32004
42873
153727
290917
47972
19395
400475
209580
162745
73594
125465
228333
57896
124806
346944
5201
85773
85072
61690
207259
3358
44195
127793
110738
107717
76148
73606
270386
325458
68307
53101
115045
163977
719931
106292
103896
16091
128696
54194
62281
49978
109748
65100
117572
39249
288587
229977
111859
64391
117945
26854
87794
32404
261292
188198
140737
36130
26916
197043
318764
62343
137862
266547
184931
388117
483575
250377
64842
60438
157660
29496
563718
126723
419340
133511
13126
115260
415139
67257
122983
153047
74080
185896
303519
5965
57502
14903
194753
169246
118105
31446
87227
345738
322371
85702
198957
68074
39119
178304
5934
123481
243128
219666
121392
18265
151474
15608
105568
123977
533305
31806
158210
38413
695222
29358
220188
104215
246688
48240
138415
479741
243955
97755
173075
79737
41939
173225
543405
185761
316468
227601
97522
81110
165948
92301
273260
228093
163321
35150
290870
145630
137047
16286
73243
128612
180231
135497
120002
354737
66303
14384
66462
18479
89267
300831
446819
149883
231769
177964
216140
68913
81556
195380
283367
149656
391762
173245
129318
107426
250186
191647
201431
145060
142478
112909
477121
117235
33587
134006
72988
326518
143281
141373
222012
608694
361071
287471
40688
553367
77631
135413
256327
20306
322940
112789
8550
37420
97764
186396
410319
180870
20380
60069
46305
369890
37822
138287
127369
70674
162668
121234
178542
48471
263731
161509
157935
235184
161448
76391
192693
420419
63027
214946
77982
2212
40923
151856
114957
100261
37205
162899
118185
94088
17948
386148
60116
1181
102433
251623
57506
175899
89567
474630
65133
4993
137150
322130
153233
446676
54658
15233
85892
120185
42536
84727
56916
287740
24093
189291
73886
234047
137966
33499
49641
13905
71330
104396
244108
55619
357714
136547
102531
588582
103935
438838
89764
77479
44673
138792
44086
131773
201446
56253
150158
99736
71191
382904
74220
319070
8603
237748
125745
252118
363396
34243
29866
38682
54835
251229
42404
181421
141946
200831
61409
41556
47353
285397
56063
70416
153890
134866
65299
102992
38096
187776
169174
235316
157625
126394
89613
153938
121680
122075
71861
474747
111822
29063
17835
15064
29096
14142
337714
42809
471074
226898
162588
138546
32722
64380
169239
248863
79869
50870
86092
133890
105281
123467
136786
56536
93336
417857
290705
199358
261704
20777
150008
69462
374229
49643
82686
111923
204279
51684
31374
63061
252292
256796
24222
52586
75884
25365
22014
163584
131774
91182
219650
88134
86994
99421
397812
426924
140205
182587
3274
115363
70913
145661
167735
24159
45087
67644
127565
28557
117031
185172
34973
188339
224696
130481
153964
135740
504933
160014
303292
474346
20017
317878
483791
564589
86873
99068
164576
67761
240298
212538
344148
76825
114216
218521
149665
112655
152097
6269
63694
198601
253883
63147
17833
105840
138188
47091
59257
251366
21343
364295
273899
51526
48396
7835
90033
604955
192782
81954
121282
144633
232947
129566
92166
51862
54035
99173
63176
11594
126289
313931
93146
342525
496977
101046
276641
383334
16189
115006
204472
12903
23072
122383
80492
171976
433624
39732
109298
25262
196132
39435
247555
136154
128966
122059
355916
233432
1029803
29489
202877
558120
253355
309667
93727
29243
78739
106448
77819
88096
258866
7228
95385
119782
59809
619710
287031
25269
82133
323699
71614
89186
121730
59917
66435
207733
57330
187328
352422
206097
289606
148940
149523
168582
146093
170515
23077
55091
261752
141317
70767
221746
431885
48367
347221
224534
288060
87021
196724
264205
219324
134880
94390
134001
54387
76257
14991
129795
125398
96401
293998
56571
28110
75298
63881
73044
157249
1139121
79711
356021
49152
25991
36927
141096
60594
142399
211757
215779
83472
160607
35538
381130
53157
32484
63097
48424
96254
62897
304219
33731
234322
28931
21123
247735
33219
135552
161416
31469
78568
20658
38502
77085
401112
66217
411757
734733
362736
221878
360014
39782
73167
49671
551479
192169
13432
80055
74798
43547
621445
17063
60802
296281
173861
79936
412054
126083
65879
1241753
295398
98619
232694
172281
148219
250657
46764
261266
21101
69137
50014
49512
277437
74688
41439
48364
2413
88166
296380
266972
56728
98010
153717
34666
80189
414925
219611
203358
227908
66071
17287
125804
157556
12427
25082
55210
67460
203702
14487
208786
178699
31787
59499
71872
64045
88348
151674
22052
141367
374765
118148
92258
138303
124610
119692
137251
98066
74785
140253
34278
52013
167847
58573
21457
228987
8821
77155
28569
91973
69291
94728
73636
35771
209970
35839
35784
96308
98218
456158
61507
53725
293984
69437
52790
143451
28917
357279
192300
60096
224203
47619
361039
267764
246927
269286
138880
165086
204217
733567
20775
11866
230538
208207
41050
47024
95261
162042
76210
128418
18506
45601
225714
145675
18653
172362
69840
111044
124229
83157
106104
167208
231693
15020
128708
211625
74799
162363
357551
147299
250253
34972
61142
540759
228756
57109
107760
60327
103406
31476
93123
117746
111208
267563
53143
250056
39324
343527
217162
61512
49654
47657
183048
58749
160980
30024
36380
601624
46889
32148
58396
26077
280214
67381
147511
5376
202064
36952
366657
49372
38216
256845
189831
465649
102970
49392
61235
57708
167309
63284
71824
267159
5401
73227
326737
142430
23131
57015
226621
60705
172234
70574
62498
15413
170770
99858
17225
316562
169777
121838
99977
591477
836347
208250
4243
344115
220114
215472
115866
13691
106265
450528
73499
114722
304263
118218
232093
272184
160958
297066
86597
376588
328579
45752
89537
95046
105261
89855
182291
75727
90645
51353
216190
58465
10963
135520
94676
382330
500765
106376
156952
70374
54886
20322
224374
345219
156563
34756
74077
36350
449632
70223
28062
72780
128404
159128
267762
29824
18340
84921
18885
64372
61505
362124
77226
67056
211638
156227
126325
45211
77193
203586
321724
216403
233033
12248
205073
276540
62901
54681
605655
299779
78027
60053
30754
73628
454350
34233
71929
666355
148607
355240
92158
21263
111777
86915
84273
312482
115596
845244
5104
97240
157628
73211
99561
400713
290841
386599
53980
190650
424604
125524
244805
29631
25174
82674
44696
131042
19541
46876
112926
172773
147850
358699
94838
670333
11685
104814
20607
146395
251509
516684
105487
52834
555325
217220
78936
94723
35369
20610
106698
777367
83046
229336
358427
261601
123627
37435
240305
175922
195014
41205
83519
60544
102107
246471
410471
175279
126468
459396
227219
686480
88132
64339
123409
172299
394411
328581
300234
27000
118368
64687
140154
234402
70918
59955
259951
315275
64451
89627
46865
73106
118910
128649
52881
126666
266384
278691
92845
336408
40373
232479
92894
33754
425928
93041
22463
429831
527158
49277
26743
185093
37673
178218
117593
66818
249250
188005
100478
128686
128025
86344
448625
107429
5596
229796
154787
314842
27990
213613
29090
76945
92427
144314
72442
222502
131334
513431
24145
145497
334046
69831
234131
124983
72349
24938
211357
313081
63837
77423
276966
110640
98538
133602
206244
334450
181475
19434
27572
65117
62035
216393
67837
20697
105725
165995
714350
63947
487954
82191
98946
268588
197574
106058
52507
533742
90652
302379
124300
162326
122241
114559
50035
267104
177985
49091
199350
199959
233577
144259
35497
43997
48600
64499
440692
123802
129022
212049
153819
218629
91294
118089
27389
164003
56711
228478
330873
37272
108388
182237
52760
316546
191142
45945
124919
105165
258013
71641
94174
17107
33352
19954
483287
137686
376737
571288
457519
30303
133480
280926
159977
343205
372790
109539
85119
434249
22302
70986
101480
280979
171792
168802
144107
206555
341324
199313
74747
135720
381307
7979
51570
302268
159170
317410
327217
93077
79939
120498
23939
261092
76737
83092
48994
9798
328816
11346
100770
521530
138350
17710
126832
46364
395211
316417
20254
166897
135597
127293
169452
173374
166327
72194
282014
65117
38215
44524
71714
121922
123552
158405
251314
194442
248809
40664
62188
423800
106082
63771
110589
152733
15312
60753
45758
102386
109188
385322
488113
67718
123855
430914
11809
112120
101086
106310
28322
121784
273391
145204
193085
106220
115434
761306
301728
168816
94727
411058
273078
194130
1018008
263714
183498
31481
621178
116621
162395
309871
152405
94208
88672
175137
373502
31515
20498
380240
119685
174962
36994
331499
372836
109087
25895
30106
86675
94903
17297
6609
239047
191784
427489
190600
169976
378062
175788
24114
25387
187830
252121
106227
386409
121899
69589
379682
78748
34056
441872
27903
152117
215367
104400
49488
236007
233900
20272
213378
60830
176317
40156
43206
44524
93517
195453
373616
83893
41793
146011
118149
35806
457068
78538
14464
54516
161614
31204
118759
154271
39099
117772
304931
285780
128089
104122
12893
53932
79979
87710
551097
117618
76597
62078
27017
162386
313704
115378
93272
642385
37082
114100
142700
48002
177096
342637
21662
259768
86236
111262
272177
491657
41776
127475
27880
181927
167794
260372
264022
850959
154088
268725
115708
149999
565055
36497
313652
369254
65519
366392
136064
208976
80064
111478
514715
138301
146474
72993
190328
37050
63039
147064
95845
311183
15004
40750
142766
909200
27542
109433
122709
64191
115242
106290
136694
89542
56355
177197
187368
179582
204875
73186
115463
165823
55105
235199
94008
63029
224103
176385
160778
260188
321635
205644
103045
89921
99014
138551
99733
20759
522559
274963
295604
204106
321859
54230
15721
310101
582424
120399
87862
348309
117906
34617
179148
23321
397661
29018
233757
124007
324007
153970
10848
144932
106979
248547
555832
78912
96577
246522
177641
13742
44046
21703
652707
102592
122648
331403
442094
27788
14673
585724
314531
89477
25219
39418
286462
21556
137171
50857
56209
98171
106016
268632
74314
62642
269510
160748
90991
52879
21718
252377
47024
132514
83044
46295
356816
33021
402925
254038
206157
132052
47357
219804
127416
101396
43856
78378
3870
432622
190580
24116
88657
250336
35622
139450
82858
169764
186596
45009
44137
315218
284710
99131
214001
102529
192484
72855
98738
121149
18853
74843
18230
140364
285909
60106
382627
183157
252650
102033
153581
112240
190283
309527
73064
101461
124137
357901
29010
285289
93426
582844
14237
111089
70724
656579
43853
48585
108286
45622
82475
106636
159101
47548
341425
157444
187280
66794
59876
302961
104025
160158
74548
5408
289900
540410
499795
189807
36602
480855
158366
109827
378109
291382
14053
98637
75869
374928
55423
122076
154843
199215
14912
5277
108771
482183
262189
218435
256786
21488
149483
462208
248257
120430
74495
74691
35168
242454
9825
83806
39255
51090
112351
132287
9421
63872
266133
258934
168133
166129
170965
709959
51025
123789
16512
117000
215386
191694
124624
205469
35105
50052
117827
65009
31788
118177
39316
65745
8381
12727
123903
279838
13143
338081
556375
208803
92010
41959
69038
4632
125226
18456
29098
68236
176469
38849
492949
123714
111541
128951
137506
208538
235581
22320
98784
102580
93764
4212
121103
13088
246278
79803
119421
250879
15388
39540
151312
32292
239259
61590
83313
272839
162814
107558
12320
128570
339203
202239
36129
43375
440141
165630
58475
119546
30833
136765
43654
63924
175205
95442
65372
425211
244860
48830
36252
82154
325803
92553
59866
234928
343956
77310
153162
176940
159179
29527
73096
343046
52472
590630
127213
57407
231371
792286
250798
179644
371684
155790
66693
9986
60011
222017
28739
49464
114157
40368
49271
77445
169743
253257
298125
686006
93890
495967
159236
252636
40852
216786
263515
5857
74360
268312
99924
219037
177083
36784
299347
143936
95848
14152
173080
122664
112982
100368
85710
95670
51786
60259
44747
364883
77444
385843
196883
230474
19803
471477
6612
13075
272110
26594
96965
138406
39465
91038
289075
136980
32383
293245
95030
259243
24930
131043
3312
359631
409811
190588
169464
128949
66973
67603
270760
366329
172836
223082
61397
14656
230334
248763
185640
43926
113419
96654
144284
25541
149782
120827
328846
166958
33641
212141
103412
152448
164196
40965
39878
80916
43555
96872
115364
68496
26610
205148
119735
118166
473473
255521
276197
37115
139997
40992
17057
126771
188339
108083
72394
79994
58591
120626
145279
204268
289316
139114
86308
36823
7778
35841
168385
152368
98594
103689
67403
62449
106490
108022
33041
121252
177605
372329
119261
255831
160272
75355
153718
268396
125217
264473
45969
110596
146229
53229
67010
77972
60652
76541
204119
240463
435717
174615
371279
98100
128221
68336
15002
81100
165171
28008
233107
305767
61918
73021
226211
560862
159705
18317
68084
358989
31324
205661
33748
66861
131842
152647
40312
141999
245146
72625
173001
74363
63828
52193
123847
227649
128645
722226
72460
125610
114931
2472
64771
107440
119942
101134
252167
49911
19168
28732
269207
421700
30523
279603
17413
120906
57818
30891
191437
9850
27857
80921
137798
28014
116823
35232
90170
89073
32533
341535
110394
146068
12940
128568
88819
151555
180975
158976
82414
116616
239647
110255
141956
280201
56909
20709
65618
296640
336372
86032
154094
64050
326595
71920
123955
64589
27668
71446
153794
117623
175725
19630
37331
171817
256875
111155
30739
473957
419742
159410
28187
391708
31968
172083
8392
135764
101293
215546
82223
53062
72526
89868
231387
106771
373032
139445
472439
225130
152281
38176
146049
363515
47091
74012
50439
103445
248266
122736
53778
96938
71984
218633
315965
148861
98389
164900
46172
150343
183053
226382
89116
441499
25550
64950
275308
438303
197877
250483
183932
30455
118207
104038
43527
377309
300719
676000
87288
86888
306635
22147
100191
426499
121544
143224
210406
84284
211159
113462
76318
107427
49472
83342
187067
25337
386170
17373
11367
139883
179410
85012
103490
129084
73020
225894
82462
93781
102094
566636
434747
29473
437962
15516
56734
32371
118440
76608
145768
216726
279514
180967
140532
16285
124949
59851
69914
57037
449642
2926
50402
10750
465248
256140
106727
239183
287003
43046
166123
263832
99920
156304
212932
215368
45327
174228
44728
152077
138994
342511
7520
376137
59272
4729
251008
187948
33952
195209
27325
145878
94482
489900
397826
386777
123004
596292
106227
102976
165265
120493
74434
450691
180625
25976
59728
1370
161022
92265
296477
71679
389893
125323
209887
409010
63966
12101
36665
46158
42300
121787
54021
51002
254943
45552
280514
248617
472658
157685
16236
56298
214386
88823
316394
66809
183861
434274
48303
72011
529729
88847
17851
214170
111567
227549
64000
58671
47630
129898
137519
106778
73727
296727
88352
30493
747237
468483
164680
673151
69320
67640
161130
29813
401370
57612
160324
173881
42431
82815
303177
22341
93611
161673
60506
217335
444964
380419
312437
266087
24714
41586
63409
92814
42774
233871
140932
77868
213953
240737
97532
173408
38225
82845
214392
256322
57831
233767
62044
60564
20418
123014
203485
184353
85019
317192
120204
245741
66938
87743
32723
129462
51735
105395
13189
76949
373812
374670
446172
92965
632336
8892
73525
310173
39214
161999
171357
65302
84157
98745
10780
87048
360597
153794
49603
276276
76199
41436
68161
184960
48002
320480
296861
30610
68302
33348
115925
35538
62618
350066
20658
20640
393991
120166
65101
96506
40066
131780
45310
185741
18412
101226
112771
226648
221194
217141
47770
47676
246690
180657
354516
78099
29156
48949
83559
33807
87429
266364
251244
638970
39413
257797
201631
168285
72381
44199
12673
56487
389191
93282
151050
207787
95977
55294
194854
618413
99311
85578
59803
127148
341328
73331
165751
110150
23673
162465
139841
146099
334527
95537
10946
146933
29950
261555
214971
636859
190721
115670
374797
277358
62620
50744
245871
149546
43564
75209
192660
258721
95517
85800
202771
82993
55896
164516
271954
236824
1428
92726
171536
108075
97216
83530
250859
126771
164996
496286
369449
140484
55086
200221
155811
224154
199046
89786
190848
38879
92614
120815
187826
83416
59197
701064
49001
70537
305382
333369
58930
368867
266085
53171
342316
66820
349508
79161
225839
68393
169250
81048
42783
352694
5427
244745
35316
63944
407927
89363
117075
177992
72831
483507
110757
82349
56098
499712
310789
80477
264029
180629
106639
40130
50871
137372
313633
343696
93212
41824
378086
249308
638749
64015
71539
192255
141118
342671
29069
14320
2073
410276
267613
334780
243049
13550
35195
54995
14228
264871
127737
316577
661612
55233
38767
363015
120569
378234
183137
136317
69973
296479
457890
166147
174890
191989
490001
366338
29986
167721
434606
258442
84419
269454
137104
385650
15364
130849
119538
63338
48714
157659
182786
244180
127449
152703
85620
85334
105232
95534
38938
7883
154262
387877
63713
191675
14440
154566
83430
796715
265504
68671
199151
235574
126061
219916
117811
3646
99882
134861
114514
90476
36642
145940
532547
168851
27553
203775
154087
213647
74777
126819
138501
505029
389630
37873
145663
184527
63430
211291
170666
145540
34332
71069
32307
15325
168025
47142
185213
229094
35196
173990
91612
154033
410165
133807
211598
145501
266629
105519
404145
308311
198069
306722
120670
411483
155833
534336
24360
392609
55920
189438
347081
170526
46926
55269
61781
146522
27512
202859
104474
80344
148809
201292
149729
48741
32414
225793
50182
19232
369003
59406
154367
83277
144754
533827
289106
230978
85025
234876
24735
176690
210197
222897
273290
242245
212329
150407
213181
104366
129979
343039
94277
51437
86155
321662
179119
247200
274710
434842
230100
73023
22321
133562
36672
262109
113266
714468
212830
236362
359959
98182
315748
208361
172555
51361
302713
149674
284224
241983
1863
188295
225349
52786
61849
96448
412174
31440
73010
20238
519584
124805
32890
52836
326908
255858
46920
184332
152017
22099
192420
183625
92842
80256
143220
127090
33796
125569
110881
312559
88692
89129
34700
96955
40748
36372
179274
24603
20230
107847
337032
64905
268779
88756
36810
67157
135961
571970
73114
32371
134744
37280
278064
40266
586451
267969
120128
39006
149874
87924
248430
159764
233592
140594
107372
152986
369725
360165
73047
110694
66325
106728
34880
21810
248978
360811
79907
264333
246249
378765
260263
15303
27637
54917
191167
102124
426078
104366
98789
214412
203985
57672
483635
71834
92641
96859
93335
8423
22340
262262
108432
172030
23164
23608
259970
81305
182987
22851
23380
38500
532368
83980
34858
520990
248661
185510
651588
24007
82667
228342
178914
131405
23954
429020
418151
276087
47564
87670
35503
143900
76170
105202
463019
298974
267027
107411
174402
329363
190628
186156
69933
235974
2828
37604
33433
38482
124463
86991
129477
112112
83711
529097
109538
112234
191415
107245
90767
292309
42448
281349
268558
42412
103843
142932
41508
183692
322720
365342
147614
223130
146215
513334
81509
75418
42338
55856
40249
50439
164273
432465
262671
120769
93464
39548
445353
159043
192036
25631
455703
73879
34782
69726
64682
106322
26536
248495
93846
105755
594725
153358
4161
214421
9541
290562
343365
51457
74799
205175
72683
468324
574794
192985
185435
356068
68479
34541
66730
171272
38073
122620
78111
345966
74245
174813
319534
243917
179563
207868
208708
74376
214645
250960
56774
192929
41855
15403
26113
243517
1922
107702
87099
64905
280894
96653
497758
79588
169204
86182
174038
367268
111359
46303
164498
34847
80821
13268
293002
69096
33418
412040
47021
43132
31383
72728
64219
66540
13920
11448
44324
40168
538641
646576
180971
373892
27784
67258
124769
104250
11733
338084
106458
49159
59975
103591
255084
55983
815671
428836
243889
74086
267987
119109
139158
573707
41950
112655
149007
26036
43734
448140
103370
193463
74981
419941
89385
117754
236285
59683
138045
168961
344541
41202
233821
49635
25067
36165
195730
43996
18218
29817
247582
51113
39211
426909
461152
156218
17885
44446
355784
259208
91951
248041
77550
12482
155042
79720
127337
16118
49966
116545
286344
32215
255900
60948
576804
364569
206112
126671
244707
47552
117755
46560
37650
24860
151543
50296
92490
89015
28772
218989
240823
124000
374498
138462
117017
245656
89434
222438
41719
18491
92105
359979
25913
216795
115665
35427
46128
27853
220763
1120
52869
285004
605250
211555
30966
238862
154057
91041
246058
442335
111899
74031
164287
7941
279455
163731
326752
376748
106392
171488
223955
76426
250069
451274
161613
154079
8514
106770
136023
43159
96369
245932
26227
124498
69587
75141
23523
230730
40603
176606
782544
74900
243167
226190
38368
107264
225527
35962
33316
125794
134958
44187
265009
61496
385360
385118
42491
763144
238475
310069
35771
388604
109801
75705
36767
128266
57792
173750
462368
100936
49927
200431
127591
140360
101777
95019
56667
402991
15765
54992
102156
51995
56232
28044
162919
298272
36806
398696
243820
236761
185345
27071
538623
21702
337180
183706
337499
153922
154384
118375
24442
274996
376916
165405
38863
211508
249592
115964
224994
50372
107098
130591
40873
552732
332356
115224
14291
51191
361380
88470
214500
112099
28620
27595
282602
60033
53485
38310
252408
115060
171401
86005
90616
282539
314933
253256
67729
3872
203261
543090
218087
401511
67464
755647
138854
578391
112259
36682
110838
322137
204658
277509
399092
88027
172112
185251
73628
206289
96943
79300
76300
184734
117838
551480
277770
325197
37233
168869
122530
14808
255234
77174
71149
186512
83570
123916
338079
220381
538640
78340
528266
145740
113736
924
129230
141087
191296
216037
67934
413136
145305
229999
213915
103421
90339
33201
264347
215352
180998
57182
172157
794399
334493
242840
758312
140727
228328
180851
267107
357327
280435
25640
379187
202803
23792
91818
39568
440454
85519
28472
316297
114878
115934
91546
89819
37067
43956
189254
57030
29920
370081
2520
225297
98968
17386
473318
453426
22663
133494
104385
368804
172585
55394
142700
26424
79725
161130
217855
97237
121021
384716
108713
134722
84942
7587
441543
163307
23019
58731
22746
126786
140507
166883
64870
68898
421642
429750
179935
52173
17166
106428
31272
78590
70171
215564
149486
281378
62440
16652
264095
24618
249914
141822
274248
76266
162476
167546
56727
114783
77542
190534
12039
19928
431070
48708
170556
166294
111127
77976
216120
36230
291987
53299
191221
35655
30481
74607
355981
501073
53541
87418
390957
405696
355079
165375
128059
429882
111388
538047
55369
123168
186383
90333
109948
263388
182530
191188
96827
184391
298294
74101
69435
72536
185040
211632
61568
189287
142974
168599
202841
288023
97441
172700
455064
525709
23690
169157
57209
60421
149030
140690
17569
142328
78227
177778
46659
199569
189147
193104
49361
529428
78187
599849
75836
58868
106978
113325
105116
296128
35689
79123
162997
54263
253277
184592
21887
122146
121093
25269
32212
102279
288826
186420
148385
93465
192867
153152
134928
179017
78458
24076
65510
69603
130346
406597
65194
56376
263647
264853
809242
421210
57267
219993
124017
203617
65975
150587
84308
53430
136620
136922
235260
28363
380490
62743
94162
135374
130074
80035
125205
98325
311813
87682
316717
397616
911025
94634
635312
226201
231002
34030
109615
56790
222360
27408
298279
48780
39728
47926
54838
267606
164534
122290
204067
146878
56699
113660
309994
792524
65552
46092
354680
565183
175207
95738
281037
35673
395395
323071
548458
84205
235429
241002
358032
44342
70075
58894
65063
251947
103152
511512
159137
44663
198323
144098
483513
197140
352126
44622
53663
59580
96517
29168
766535
103057
391439
268150
275498
18375
29244
77081
102137
119178
60310
57206
192301
45257
131203
16412
298831
372197
86297
45781
165324
436364
158067
200164
131698
74332
6978
289573
15359
173805
227441
80298
40620
485769
28449
36003
416529
196943
45758
28276
172237
299762
126380
139976
412961
77405
34658
74298
41599
148759
173208
75180
115809
119718
162807
331237
400169
237477
77717
202124
169062
77117
125207
375883
422732
127237
290782
295917
620704
22607
100290
44126
29382
140505
175169
452107
139377
218832
179580
239666
65666
129067
360989
94683
132060
26005
153946
184502
607282
343249
44510
373717
115633
213304
199645
70721
417370
88591
14987
18092
254729
40572
131525
4279
96820
121054
139007
58000
99642
132222
153797
123910
121137
188703
48930
245939
27385
43224
18188
256754
42740
115601
251123
10750
14644
112524
113902
77311
7850
171355
267833
35094
19137
123784
33248
368085
154143
80519
102659
230908
67017
123631
176045
274500
136190
225433
242605
136900
68090
224234
465561
724998
465719
116359
67042
53916
229539
173098
37026
169649
17623
122487
151310
194409
477500
221010
67957
622065
519306
55244
111110
109159
43585
90459
142368
93183
101166
118442
81222
82384
10989
23421
91545
78134
28353
57028
4554
83040
324549
18859
159529
40520
341384
106908
87465
109497
329058
228384
169689
38305
104444
56446
74119
76155
276553
342744
123061
99708
147398
144944
82621
135211
231083
25647
103329
129417
48955
71515
169657
96786
320026
111375
309008
19685
43511
157597
66105
444513
555853
61992
262771
8234
74999
172630
149176
171605
1091657
156822
22066
91318
134028
22546
437249
90173
132810
149506
38908
18026
71529
143437
55743
376603
59032
425614
163933
100258
106499
9265
208956
530875
95492
59641
185128
273926
58738
156251
120033
167727
97408
581411
370345
85447
159961
339400
57106
173261
5024
26813
371489
114405
53802
200926
81320
248491
158011
281475
102111
36703
78966
31051
269645
15945
535305
206895
181932
115699
78625
22687
174284
177236
112757
65483
276428
150354
248284
54064
35468
34141
126830
42539
56398
279145
185987
163286
77836
22128
537064
229542
112151
28902
54881
20003
92514
111648
69123
13379
114242
47476
664428
205956
4847
60355
66331
447392
93594
38640
196182
772359
62378
49353
134366
386700
23164
683807
86389
206549
141617
184976
184999
82883
219544
63363
215336
78312
177558
39015
42319
142346
182497
159529
195150
7264
58693
126224
19103
925000
528466
17372
173639
41387
564381
184050
60124
51462
248224
72187
394722
184420
44090
178803
198924
366361
187765
133695
24489
147405
367836
263879
163067
103138
79647
55763
180220
15895
226588
100256
40665
170162
361878
911420
127286
95415
90870
395472
198062
191643
95646
24418
249461
238825
477793
263547
198512
13776
96068
117169
252034
187097
29969
43289
96043
64866
188769
53273
107216
538316
130444
79275
57919
111564
90633
113424
169226
111866
71336
20335
280095
71644
245457
287452
301399
31168
292131
39150
9946
124459
62505
160090
84250
63674
169608
395079
28069
89028
343359
131542
340602
192378
85254
143017
187483
213350
276692
106075
165928
176997
67517
229982
38273
216270
72975
172904
58200
118814
35292
94612
444101
159245
41330
79739
254581
94282
12459
45796
21181
121299
45923
112377
44173
356522
321946
47587
56702
290483
90168
107480
40376
121284
65746
203377
321220
58137
203475
195075
434146
373494
129100
77448
291902
150976
174739
243696
249943
113591
275392
54813
64308
291876
66450
546633
19846
366505
64971
70401
362871
92976
337567
195306
10118
248283
290931
137409
575784
23470
173928
333809
499535
590907
62056
59260
245563
128863
159240
55922
60023
57925
81255
34968
139366
114329
135005
534724
102165
43701
122915
60936
125752
124827
163496
40675
255059
89647
32284
317550
95992
397813
27738
310546
237798
172480
172952
249547
272511
686763
88023
348425
4179
64374
158556
190033
202131
299930
58671
284630
112123
166787
25873
80458
58337
40473
410222
33466
232716
22053
27382
235677
69002
37539
70139
96692
175724
92167
117444
202384
141939
27099
22805
185886
160801
53186
448222
54644
47217
119167
230740
285335
134728
4763
6687
136746
246287
149731
136195
126027
252863
263499
92178
40643
87458
248981
16481
14426
419851
142188
195650
265091
141206
71556
300107
568973
169015
830701
141240
94436
150113
49697
51807
393707
303112
48695
46465
104698
66533
294550
69505
516701
391668
54272
88510
200382
36112
108084
58675
92151
431870
144466
128217
281536
55436
209353
57779
76076
76700
327811
34807
43005
220622
129551
29517
139870
470072
164856
110770
226037
28968
349527
346415
61113
61855
30195
221236
111504
204802
223547
111883
47469
152532
209888
21739
70000
269395
89766
183692
454627
102786
45005
387060
286705
411724
349322
432695
50031
2539
10241
45815
16373
129804
44985
70696
16855
209835
299246
122415
67345
135079
55119
414803
88465
190002
137944
113143
42210
101325
217176
410495
212337
133820
196875
60796
125963
77986
89566
287660
34708
320984
27876
486268
60270
114520
42492
74096
38101
126732
273596
201880
101380
71324
257672
180138
187166
105937
99396
49487
266974
169582
362228
270824
99200
305596
26521
17534
164578
107720
78241
174740
9337
119184
195370
121892
117480
112305
167984
38266
268911
55307
79119
175584
192870
60819
118999
113395
144516
145837
108074
174878
52356
134328
37680
14526
92245
136221
146562
54110
132711
311264
115438
46692
210896
254648
39129
96192
98894
81154
61576
358445
360844
133353
464986
787599
223133
82104
95675
219442
522000
32357
251511
194565
142402
81177
117650
122967
129444
170414
251784
496817
49979
263913
51463
60022
62931
120373
182543
64268
48866
5068
2427
416485
97799
160318
60153
110700
199947
270761
180838
146859
170926
76152
802619
43583
214539
465207
120676
115943
24749
27239
68305
592901
364431
32212
51534
93098
141745
11217
38637
169303
138282
97096
462169
18696
64151
55871
35899
151000
33533
25836
89391
311185
107221
265477
162978
24139
193061
129013
195518
22300
99736
366679
671552
39700
24866
231325
97592
435679
73871
319234
379200
372033
444165
113468
675256
93231
306724
67761
260017
482445
98377
163289
573255
174439
82822
302428
110236
282607
155835
223261
264179
62557
142872
16983
87151
34043
88685
153287
379739
81479
57924
210396
272260
332131
246651
238843
110679
46562
76219
89273
308957
167738
99385
206833
130924
101368
417687
25531
379288
575514
37311
378378
236130
237722
7356
114855
139385
51648
152500
107512
92763
149610
10320
76657
53354
190340
17735
199057
18610
38029
159752
9291
31064
131789
86585
261999
274379
544052
152717
286216
188207
60420
110498
45424
49835
252680
548566
12909
321370
412625
102835
64269
199554
182553
141427
612140
208611
75705
109875
33939
112279
24196
93943
10106
96323
138556
112933
160647
115976
30095
275322
182020
112903
12568
152977
144443
37856
34925
51336
97418
28573
192461
341090
635185
71622
105621
26172
42693
35496
63182
27194
317175
70215
280370
42037
262320
109233
231223
27575
367971
75890
244698
50109
55249
25521
103077
42376
117793
701888
107539
101778
264419
83167
227074
104013
252594
37784
53759
481653
231361
79364
430729
57171
32062
81594
52865
90296
77800
182801
64351
139417
87871
64315
760967
308965
343653
118495
303388
30676
50300
44816
38593
84444
88620
326153
86439
102315
42965
122408
114546
145025
69061
67082
132519
113821
244361
210717
88992
47634
47413
386732
121033
4289
85101
157129
125111
71181
24102
212490
24730
66595
394438
16154
88950
21976
65399
68204
30227
52016
255532
33746
40408
53149
104771
9065
83783
368291
38688
459357
8454
111121
66554
130875
191279
196489
39242
48495
340033
355016
99559
60655
122299
213333
64572
383258
19250
196749
97219
146741
494719
122168
165243
4300
130166
202120
39531
185971
35868
78723
10890
484274
148419
167487
9739
201855
279236
117321
301604
191922
69094
109144
396541
321418
64714
135526
8898
53791
78562
325445
252790
209604
247291
45707
213230
279942
28582
347746
36512
150214
200506
161181
68487
191865
207330
159732
169426
173231
327620
104853
109176
35541
354154
16406
157803
56941
136975
199973
190213
63430
198610
165055
79596
227334
338936
83176
180229
234829
57190
35811
34507
243034
279182
141157
555241
355578
35680
126184
18154
39274
435796
19162
164641
158069
272083
294033
221465
121397
49119
66093
188857
343510
40241
20208
18227
48848
201765
328569
70762
35605
117365
41925
113160
52267
38096
387668
311302
42356
320958
92234
230043
170049
40466
71261
381136
83949
87663
179764
43333
608469
78610
484102
134285
121069
271613
79127
38059
103077
41288
100985
104398
186306
76173
204233
35983
105535
31941
249236
148655
51616
74331
181379
226779
232180
117852
45523
42244
267912
115892
170825
54069
275084
302823
124270
47000
57795
152139
205425
237943
163336
108198
56174
155852
198436
21131
74749
51436
143596
116503
51343
213792
359341
507374
104067
41637
117880
157155
352279
99484
37836
30706
467965
67367
147924
251222
306167
136393
6065
72820
120556
107416
281040
28627
178922
101936
111118
42172
517906
83671
64587
113086
190553
104431
113819
64345
193806
234250
391412
95462
126800
186285
48922
11429
56858
77319
298608
395782
44722
418032
27690
20295
73257
264528
185409
5656
195828
38598
78438
44477
106006
123301
209049
137228
193474
198047
71670
135179
21295
256243
308616
66902
287964
147921
336472
69762
148464
56230
32089
432404
98450
84108
195162
78862
81991
305135
30064
28889
228086
32855
92205
49031
66935
348898
73162
56903
516707
136652
481854
7461
124332
66109
62823
118251
194647
293710
188986
101501
21456
10994
206365
409799
43365
75583
197334
30375
100821
565838
366091
103217
68833
281300
277410
65240
115318
473662
401406
52208
4507
94372
258619
473028
111056
407520
315923
202350
117552
168717
115001
2531
10959
110264
59211
46894
9626
48391
221346
61084
306949
96635
228757
20888
107500
125318
255226
100965
97229
153578
32427
3488
40687
121112
100623
438684
178640
83289
137262
77123
72498
57718
211484
199440
80004
187164
64504
443480
127520
230002
79595
129675
20364
49897
189642
57131
10038
446758
174192
168099
105148
998739
206179
257169
115220
81360
45636
15165
472283
126668
46432
99891
88239
248070
49876
27851
202325
106590
17214
402803
133062
461869
99964
600113
35806
30702
67353
413773
334330
257713
585966
187606
90108
49635
195484
44164
34136
60951
55249
338038
30804
36752
62500
33831
21926
39885
8477
59701
11821
777715
119834
76143
279152
40870
378507
28410
60362
287177
31493
333077
231757
153957
174243
108438
87251
187267
131396
209707
243543
115580
180746
388645
113891
247243
157484
150487
24167
31216
15176
138149
159595
370188
80433
39929
82194
147754
47333
158317
143153
81161
182613
421287
420139
341356
462205
268586
344842
387251
174256
227560
87247
73933
22783
7521
207792
148043
69941
273084
386473
192174
81738
228979
81849
200148
94438
110861
37397
46019
246011
12970
61690
11695
176190
135951
94892
66001
110433
30563
120515
605133
200979
526000
384862
169347
112811
325617
133322
216602
216642
151590
70131
207069
129665
58811
50164
278100
142154
140724
215908
247064
294421
41207
74624
75864
88273
158576
133627
338101
46128
89067
95205
61872
24307
301415
166039
99674
133745
111575
102340
23145
70855
118475
220569
92228
302683
248700
81702
422350
86379
403565
63349
771439
40241
50695
80054
314617
53782
107377
103644
167228
570813
124800
154502
42855
222355
1120377
16317
390597
186514
55561
48309
25168
120249
22458
420816
70175
68483
60588
340636
106330
36413
84490
72530
325176
130808
173011
161952
61803
38822
117140
49450
105643
68804
79741
267065
68092
26181
14491
245104
49444
244961
37513
50706
180839
63233
36025
40290
43852
303052
425232
7358
2664
34034
497424
268502
48420
5500
70037
315224
126350
65862
282311
32361
58591
66754
6976
122278
88463
263001
612924
161494
173110
189331
327560
192985
18698
72798
305555
202597
107809
57126
145825
194719
8437
150869
17194
96224
130743
508339
16215
33403
42564
136579
10813
97994
136110
681291
31688
101176
229610
799576
251477
71114
32897
276424
87981
62211
225257
27027
96586
283519
127913
393824
54605
406416
505062
78812
15024
306279
84815
77714
123623
271712
37407
155982
125599
459837
348490
79830
19017
68088
113404
301751
35855
33770
254680
378431
128249
57448
49686
112974
47280
177957
19568
156708
95130
440942
31974
315464
66358
53748
266368
37130
105712
74817
144819
40026
78312
79845
53833
257760
17156
78701
82535
57549
48226
287942
132413
269150
456376
112295
75726
160804
312867
125541
276875
122624
722335
90834
146837
269419
32282
178189
80720
19986
131691
98642
18353
24207
159171
42624
271833
155442
54330
51026
12060
241812
363412
107727
50821
201311
42121
203389
83842
124243
375097
165177
312346
6332
29038
172308
307795
28442
26801
300847
72460
5407
22445
376122
31083
407200
58643
166663
7181
261162
23548
112293
654798
23431
49107
149574
128987
174819
71589
80547
93008
13374
185560
775440
60483
266035
4967
107004
142596
243035
121357
220717
547951
386162
153210
210885
369697
59890
120793
322320
125138
86090
95501
110237
75129
258033
29310
93292
176892
59437
198608
271418
19328
182525
121640
130073
61997
347493
117020
439476
118182
262997
148739
233183
84781
490772
294833
106452
113324
45629
320440
129753
117338
433951
258520
41439
53429
70016
36935
59460
245996
105891
379543
57772
318714
55812
16510
98549
149097
42682
281003
107476
233068
325889
197345
348267
34423
222860
166113
83554
356699
41493
30236
342441
93541
307251
384939
58067
193597
147561
7680
813708
60536
299879
9908
133552
82234
350719
89903
89922
114802
131120
41169
101690
112000
225208
39723
147630
39110
437631
389734
383962
39385
51935
87837
141417
224724
115572
245405
687269
906746
111103
34274
26648
167182
33625
237319
88220
75407
161251
433220
413331
131111
178676
119013
11617
15135
184097
199480
56839
338758
58276
319275
6959
275636
150468
326038
86473
350974
915359
14491
201949
2066
54730
41893
214776
60232
12241
299053
94046
297009
168915
49378
261716
58276
96392
228700
97627
73376
45181
216602
49613
383210
353219
25254
208981
287383
257461
216724
701947
61010
62607
24753
86897
63928
8753
384341
89482
308522
168655
252636
49740
253219
80157
6373
45084
159339
277569
67909
234124
366264
204257
68286
121228
465957
18349
174465
149651
17622
205868
74289
227249
112388
186375
184105
37516
248592
69682
275582
51941
262649
68836
297179
11940
130702
22889
28887
181857
66392
47290
24199
55809
58164
34455
24575
284574
30549
106191
117402
67138
204778
28144
188844
23770
49300
14795
9575
76716
25159
116596
20164
303874
169130
167916
421362
245786
31593
234778
84678
105713
11962
48982
41525
19508
51152
34047
122165
203822
9033
138549
179077
298511
23718
143908
199735
7295
37258
7098
70123
102000
180073
222692
37790
27746
106160
45502
54416
555423
141562
289091
44290
72858
290138
59338
212781
261695
468342
51065
110496
87328
9566
106968
71050
189497
60497
63246
354439
129542
428187
345383
320537
234938
406672
49516
21575
293163
99187
771817
146508
105647
128775
238344
137110
24506
243406
359374
37418
129913
43655
72926
218468
87748
40830
132016
69628
97339
76441
111569
418950
66325
349042
198965
275604
105293
11369
572569
393786
49751
3431
45564
98402
216442
134383
207847
80379
68452
50333
258903
203196
560724
145854
73696
360156
93791
200167
45901
98817
219067
201655
20119
31262
144091
40451
136085
185003
106148
84193
67109
75063
235845
66055
95024
51342
648128
115705
51776
168552
116963
14333
104607
90955
149251
269752
84735
110404
237699
31669
188615
79314
53438
102427
112584
15679
51438
99500
20760
491851
55984
54490
86365
130914
72588
47747
419319
24654
103403
110892
211590
221645
89350
266268
152579
66338
18371
119819
154735
36672
180412
217446
611023
217150
411776
42463
51568
425836
90125
278189
43051
334319
161572
19105
135859
126976
95194
347018
29305
70433
9977
122043
5037
454670
485377
30135
418732
70631
19633
328076
121965
412310
182012
302093
97241
66247
184947
127902
225789
107425
232610
86601
6927
109218
77330
146187
240017
147483
227995
230548
65992
419539
19383
271056
470218
20307
297958
24708
30944
56411
122969
78558
115451
126230
152136
366750
93438
60909
63158
44787
138610
104151
47481
34731
46157
48251
62525
65939
297076
129286
93808
178389
171802
247651
554691
139247
81799
527130
173870
9826
136226
57976
60090
34128
93380
332357
249592
166452
89708
218617
120753
125240
255244
366963
39218
111579
419843
299130
287042
274726
45748
596022
103760
375948
213335
132786
137792
25352
38898
227537
39960
128750
144782
30495
34050
346937
74942
265068
43656
27384
121979
165040
21908
58886
168420
21110
258332
215825
25739
243801
2478
152196
362797
36295
368784
279261
421856
70175
141496
109900
45367
370381
75483
29263
33508
166745
131219
332877
202492
342483
117915
76087
80617
29769
80977
40760
105914
44087
567839
139669
67046
51007
30406
221204
60916
114349
332841
185019
232855
76984
73903
56639
410755
139487
268223
563422
87217
100746
11916
72081
54501
303785
698103
60428
13038
15363
593380
309780
208977
60146
219429
23193
197448
102138
167571
215726
193943
101516
62441
114213
16029
180555
30950
402696
423470
163051
36137
197139
439940
22742
214411
65649
249127
76218
79736
107573
174290
309083
142766
20185
83601
164786
64562
172681
29592
64598
257891
133236
57214
655023
132485
93949
128065
70285
332621
154287
211293
404000
14879
260273
47065
93269
30475
101624
15780
294068
89508
330104
69920
61474
196604
382549
120269
22446
83930
198063
408474
194191
170113
317656
45447
173736
384534
599492
52492
499289
133947
227437
120555
36561
63168
63609
46274
48577
16631
69478
470790
298429
180920
233678
49141
42547
48508
53339
283776
106502
549773
43326
144193
127683
140588
46697
321858
164638
176310
84162
87945
177736
17062
73576
214058
47763
231669
104438
101263
134183
270519
171723
82989
248086
96344
17327
91902
570313
46713
273458
24379
207637
80073
358974
38087
230030
10127
390322
32384
60260
405224
24608
911815
24680
394416
206881
169304
231191
305406
247742
20470
400600
163184
102500
176336
115079
106538
94627
104515
52302
63259
283774
116545
53858
61754
450005
77378
193016
153211
271196
157143
17072
116858
68715
778980
345800
100982
197885
68049
97787
203815
75637
188290
29094
14220
145269
77995
177046
107736
409473
287159
81350
154342
214178
942959
115170
28293
11027
49836
253213
13371
118819
51034
244661
153437
228283
346585
22988
169540
82470
196620
34792
41649
87333
79825
41220
66845
11613
60082
101966
80009
105991
91560
15600
227708
205598
92416
8012
3320
99796
118501
154187
167282
91493
68775
50135
91260
45213
228113
364771
49004
568957
9203
78771
170587
15411
128449
51059
127631
392815
36290
37925
283001
29209
101522
193191
290193
151663
258463
229675
394582
109731
157709
174590
312278
128825
96338
17902
391240
47049
95463
131928
186535
372549
114589
130608
20880
23853
176120
140110
32090
301391
139832
62150
134784
291421
84477
46881
51647
73473
87712
381230
109326
204396
39168
182982
387679
33019
85933
130552
19916
26303
153548
134551
140754
31313
116860
65203
307217
237230
173597
121406
40259
78041
117629
102195
347436
364177
144546
214184
117468
208865
102847
71645
34969
300696
16651
114900
139851
77750
403222
135517
110429
99316
50490
95711
83907
13288
25650
59412
166320
214832
39452
72507
39978
206749
127646
354958
16036
79151
84565
25467
19444
84304
180183
226441
21648
18502
889779
194339
190145
87553
39540
518109
141219
43351
237294
264123
200930
95511
270297
40019
112203
372383
81857
159318
140613
90553
155061
457490
314528
317495
521733
248061
89555
23461
119047
71597
40788
121421
130704
138735
196402
52287
137992
105433
566601
99221
92590
310797
74391
175222
448792
286934
271817
355593
64574
1864
115270
204681
112161
167062
38405
296900
80544
195440
51324
82038
13320
32016
49485
14875
487474
29503
30237
89883
235505
38717
9832
104896
130176
159101
110442
143729
66391
20457
102753
88633
87875
27291
23517
61673
158809
257937
102948
113137
317353
372995
283978
71708
10036
467278
382227
476514
315068
107960
183097
239096
66959
231044
178061
249209
23897
87641
169053
173996
135691
176198
354770
148521
37287
375236
183315
32905
303067
217329
225008
528422
44651
49141
164868
20190
40928
69605
446018
137165
120991
556157
232571
61959
170937
409300
172402
69895
33314
305772
140840
13849
121844
63150
201301
166665
241091
82241
102628
153428
218332
17255
55627
39123
128013
13013
160305
214373
82910
31316
65333
43927
30617
106593
33994
621109
45222
25646
20297
17744
82323
77622
107049
44485
41383
62216
197149
94097
379771
112708
173701
182313
143644
563983
302063
231167
70079
18220
157293
84037
38409
72287
261415
97179
22560
167469
84065
15088
291411
155233
308808
1722545
22061
82539
38566
166025
3981
177772
139156
122256
213747
47532
69480
1001744
178489
122771
96910
103580
123526
99416
277256
39699
65158
88210
80226
61297
479762
55181
223238
159742
56744
100740
320308
141066
80716
63589
204188
530264
175071
128979
242587
65564
103667
355747
293086
85323
140255
175293
268950
219760
236015
147902
167100
42389
155185
157087
119539
304563
70610
74372
94300
49341
442837
115510
33095
273522
122248
57405
5528
72268
219122
153507
27647
225698
75213
47445
118911
752170
127306
110266
4770
100542
38891
196988
103345
38161
74242
25241
248442
99195
3380
153527
24621
99260
211865
15537
300024
85599
114030
649030
11115
21368
277293
129566
62708
86249
221786
137411
18122
595487
511801
594372
516167
98168
283566
444155
66398
376685
172926
186645
135157
901172
24911
9791
92617
49651
51230
68868
341900
31472
249098
64097
258869
69768
144274
188042
208670
70741
166470
93266
338907
366833
165551
206428
82148
79955
59865
29127
213118
181055
111973
107159
54750
82452
224678
106532
341280
29262
54989
58338
154394
32464
154226
52265
189295
200328
171823
67559
183901
127309
138537
203046
89366
288200
147418
30754
90288
37613
19568
192600
44270
41052
287586
211746
56464
58365
50974
173715
98589
446780
302868
79728
79075
348342
32004
876603
100091
58932
127463
43646
137156
96431
30033
295432
2484
153514
181631
53994
111997
218854
31777
156004
452900
75894
112904
75919
110924
236901
182223
74680
288849
522743
130458
505368
660765
100692
8087
36672
13842
20112
168189
37532
533763
311414
235760
119849
73675
119046
425220
233702
9411
196516
92453
280311
4854
250720
250747
126233
59279
43618
129212
67636
111674
228430
11371
35526
44438
178050
57064
124313
112792
118207
333608
73485
601720
90724
118198
90502
381317
117968
36235
19554
123131
909418
267458
354288
85699
258355
31835
145576
75123
431826
207984
94402
21044
13201
145434
233067
52362
94941
477155
6804
99162
129418
345530
31895
319396
105947
274376
250626
274015
266930
16756
169866
85833
15025
91755
343131
269828
12268
64971
228785
590170
214275
94371
352851
7101
26507
124652
376922
208627
77460
273565
4276
207655
57475
46455
107592
194213
95289
115188
295939
26455
309678
191167
23272
42958
155092
272881
390348
128073
34027
33052
111556
81930
301259
69609
280053
298146
35594
29138
98506
181467
35734
127188
106955
19500
205880
137094
76295
21763
59078
199376
369577
117919
49902
150010
165866
61728
53720
66622
252755
199990
31612
178820
38410
309690
26133
47125
83721
96693
183920
573969
153348
167517
117881
70466
28538
577545
178304
137918
251630
134612
132561
155310
195991
75125
157111
34552
56069
76891
136650
203849
124170
300077
220997
154970
67969
68278
235086
12296
163148
294993
117155
184858
253442
73133
125614
444839
452322
47236
150490
79906
216256
110364
86973
163882
64451
414922
292110
92306
342239
94359
65759
328909
113933
507415
81750
46075
350781
61214
186125
190650
130807
123856
53771
76949
289429
182943
350112
222292
13279
335049
287011
557882
290538
33230
297830
235430
57675
146388
96031
125871
2545
116208
230215
226622
377749
47677
75850
414657
32679
189578
56005
39622
135095
268547
17815
56279
13805
319287
311474
99142
50198
38373
213274
148668
71027
69774
123342
193610
152863
141568
385015
60567
181078
348603
171060
131453
152994
224909
371377
118348
185991
73731
33211
24077
499934
166353
149233
95902
110284
631394
3267
470989
49700
131414
155195
299551
146402
99260
215243
166309
130083
129034
124316
101326
49471
250282
242780
489865
26679
102700
97062
30492
42582
82639
121656
15067
326952
29554
152090
315152
7502
412561
30294
176587
257221
38483
291667
49219
81404
378124
39732
81339
79211
141507
246871
265447
423981
58701
265349
112709
111207
156981
72932
69674
155242
320099
656560
366145
239032
169556
53614
182901
10883
300041
151135
45078
72687
404357
215945
97824
83542
180563
82428
165854
308134
140457
116878
356627
218333
179153
101020
180227
101758
30064
161957
39034
186792
358735
67291
161514
176876
84733
25255
55505
153130
31800
127066
118714
70192
86758
119680
9596
150611
406496
104982
167232
88297
169419
242324
8237
86591
820050
271232
48257
82971
39164
159457
112627
155921
189545
52340
57820
123209
36065
147829
49748
128029
24232
60266
448847
330751
273712
584264
89674
233084
225561
240383
80135
568191
651391
125206
212151
322343
108224
120156
200398
296522
39799
153513
57038
284555
121664
423514
50916
324943
23229
61045
13067
97743
59169
30133
243891
263192
274341
132663
46557
107878
101310
89827
100073
27772
312965
146976
93430
40594
166793
152194
42266
324267
151730
325998
55093
181681
444560
30104
69749
254271
268410
142567
92982
23681
128322
58793
19662
100941
590636
178384
54229
85651
234667
36513
30799
158244
128405
46031
505679
118526
225492
16255
207676
59100
72841
333268
54783
425304
117493
35452
74683
201617
20190
61555
163451
217844
147773
276588
34623
202767
131579
48368
435205
80093
85536
231505
101746
152919
109239
407924
15106
75199
133821
211716
29536
353030
42194
27028
203988
34883
143500
104025
229699
339340
85259
40305
33217
78744
49847
215363
128505
26607
40026
172361
65875
64702
130638
59055
350927
143257
26134
53251
124301
131950
20721
135800
202489
210889
65461
168057
116544
170575
147866
218482
42928
180864
106959
72226
208014
32956
438376
106421
150060
15966
61606
96850
14762
129061
161147
447491
179851
106935
48057
245925
72454
319766
166978
252686
199437
104454
7631
286691
85241
101287
279965
53140
189801
81020
28435
52531
15068
352523
188098
14648
54813
229394
77293
66715
128489
19708
146011
178468
97583
16542
113994
233308
11785
43276
926026
276938
92529
37953
63257
23978
27518
62254
6486
96176
123798
122234
120275
564830
197361
40907
134585
33038
22250
49744
3276
224860
484013
453512
192979
262956
89050
248801
53400
149072
77110
769828
171773
57201
74452
127915
267674
223838
173909
152735
74058
292159
388903
245756
48091
49942
136864
129723
437796
398145
31151
278962
407102
127673
232285
142333
235718
339768
120242
245083
98975
644899
214059
66333
60014
279043
156753
72863
24213
83270
280611
186313
28371
85927
39393
66318
108764
14470
675452
48153
82968
841281
314213
151506
232734
186236
185016
190609
196929
131605
300384
522386
449576
89722
308904
225030
19296
98027
16238
28708
3493
43924
130990
76384
413133
53476
193183
38798
548800
185518
533130
58042
842209
205214
130926
121142
350814
55734
24933
258323
55784
845454
170071
129408
48742
105604
21693
18046
100198
315420
131153
32088
144251
375203
111312
27872
127291
129022
373697
104556
210251
139093
875576
35637
59189
29557
316363
3426
342565
118123
390421
47277
29328
289940
64057
104051
160828
96215
312426
164145
274881
70472
31818
261732
316623
8029
86651
3879
22261
55628
80226
40842
29721
137824
57637
293982
73544
11589
161559
614984
64378
25077
213901
44260
378763
178431
182567
61505
64493
318264
461009
367304
401866
147708
68723
223778
29867
117496
259583
75552
24280
249305
223360
17268
118978
638841
47720
252090
165938
57699
665511
180207
31767
72352
58628
315873
18637
443091
469979
563689
148440
443637
149658
568273
22058
116926
216286
82319
74261
58959
313180
25099
147126
159246
227070
146891
186901
116393
78187
106724
201251
74966
153833
33838
124224
83010
23750
266292
242783
26849
36097
132029
141108
294643
191270
57664
73981
49253
253349
326944
219977
93673
37787
19813
147458
245634
131446
216252
366629
163570
481016
11998
24939
46739
248830
27143
230584
129455
52872
279395
187352
245552
95368
120547
86676
234826
59739
74637
24865
124858
79397
160827
699242
48157
443075
132789
161528
188780
117202
222760
51623
144106
348755
195690
238414
381527
227921
201685
5991
76889
96342
119122
262709
297338
7735
450525
35146
414784
36878
307174
132392
288595
467123
156159
50251
47439
93783
414182
104927
163130
269255
72912
10530
178122
352538
64398
42017
213059
143195
161409
30907
191497
508814
197713
48461
93081
58382
97237
100896
44411
99103
256478
119279
189043
28718
136153
62634
76216
189390
86212
341226
176796
44979
22603
175131
341037
87445
49750
158505
42955
281071
212608
46231
487403
51355
64302
409913
356687
91799
71027
89509
90913
24955
141872
63258
130361
91112
148992
173781
84929
499701
155927
145324
85211
365427
10797
159077
30873
141114
100735
249985
475104
358981
146405
55974
233982
61437
50014
103351
84100
45091
99747
38284
153850
685542
127713
712513
276556
212182
214326
229876
31212
151527
11695
181807
30614
149168
566677
181844
43225
377037
281522
388343
35590
46198
21184
54233
75566
346773
21069
53757
171577
120649
303933
199222
207913
153683
128811
70038
341889
3681
46734
74438
41183
69233
13928
78722
40541
86848
39799
267939
17457
130981
259257
75941
364378
171867
121278
24565
89111
33773
31659
36911
24579
66550
86177
362045
104384
48451
71593
418994
18689
82920
96132
86134
361518
331762
28150
54907
185839
146817
23028
288461
546895
102100
457971
153800
792105
51391
792394
161586
166279
374358
40351
56635
163806
94577
64450
327873
98927
323086
15200
49385
288973
238569
142855
27175
29929
49613
3367
17737
17947
111142
123110
51630
250684
23352
40041
169391
69485
231862
184947
101470
126412
134017
120157
60871
132274
104527
142496
89454
744451
9041
138102
93105
60038
181833
256121
407008
130100
165604
181186
252260
282173
39900
240230
79588
290553
58956
312974
113693
11638
239644
125417
81948
209493
220252
670132
30675
12604
78928
140823
454749
323353
11271
128790
207151
76322
222655
182847
363997
147206
92272
55851
16811
41839
12871
61280
94375
137777
121579
227990
181217
126917
46668
206620
30539
193362
492371
176932
211572
199423
297124
343255
149018
19464
68885
267123
215383
25075
336428
115890
232562
136764
30588
86153
349914
184284
33396
44384
87000
32234
269870
230360
107892
422337
113904
11945
201447
320073
278996
54924
35585
90881
119016
190434
12335
147236
97812
604258
21696
91258
65927
610189
265420
112246
9749
166431
139671
21370
243813
317158
231421
215124
27121
123423
51677
730808
109304
274497
475025
86472
184089
135581
140312
333918
94339
209572
423467
385266
297315
56401
28419
448439
148068
56535
545958
305641
36368
169720
145761
70747
115012
29003
134946
105564
391671
443590
615941
715932
47819
109543
17305
134383
81942
16987
97475
414906
211045
151963
70451
165747
148456
215086
27535
189332
46019
287511
266157
11814
138307
52174
57733
264024
84744
135500
132808
38904
240594
100612
187417
145930
178219
34660
16880
19677
14022
125148
54377
27112
116939
156641
190040
236188
31200
40157
190835
431849
35084
128660
461920
379493
33430
218623
15582
69754
110043
125050
324727
237968
156031
21804
47886
17589
55548
48927
85088
111170
84664
27958
266607
381253
299057
64030
52270
23616
767611
135828
114741
325938
118817
50240
108214
71037
514370
35204
53902
214841
44127
148532
130783
155762
47642
5355
106629
217132
65622
91001
276524
143997
179032
230374
583148
582572
38431
117362
16096
3055
81414
53107
4695
10216
2027
128396
49696
176985
487609
371051
61134
89702
57360
605610
241342
236307
21882
292892
131455
179536
125463
137913
487301
316383
239839
28254
162009
198438
73909
140620
86445
245756
215195
156945
288264
178092
81723
285003
40456
124185
78636
66626
50561
128680
119584
52645
347681
2666
266764
294774
463856
283551
91229
178768
309872
56268
33102
417334
65376
122279
90504
92873
199911
47430
121912
63190
146933
39964
414083
238046
224315
628692
177629
78471
134017
196668
25986
25391
168909
33294
97281
52725
60161
156156
148704
379758
57389
324298
63444
74356
6892
142421
140337
69476
210080
94663
95904
57838
137290
63855
20880
52789
41128
43761
55900
264897
71543
242992
14817
168612
26537
37566
65187
177865
167230
147471
105087
88055
232741
77219
104836
177953
51882
100104
101075
262218
260541
604228
21785
31378
299961
112903
121673
19947
43132
54844
69637
118102
267767
52611
59531
66792
153705
105483
196061
202333
186942
167030
133587
192295
807406
272979
112981
38434
33589
81764
350843
6833
16306
504225
155567
105626
278607
31044
592545
34478
250368
47485
227973
218021
5914
123407
206216
3875
69417
83216
143922
87292
41990
87077
150012
254585
68626
225138
453948
109154
92158
282908
162199
228093
63697
161613
673587
128946
318570
265894
7581
64309
43470
93961
22959
318857
353870
121039
266428
28848
12145
182645
284758
50386
103438
105371
203828
223986
219795
37613
62683
37266
181223
147726
129690
181369
87492
34262
85568
173410
92628
291232
313560
41884
29982
34373
314519
93769
116607
27570
19121
148853
34320
135469
168238
72796
317298
255649
94761
449848
95896
121548
228349
120625
70247
797479
448205
243428
75749
18636
100935
59903
48833
113264
264393
30954
160111
35374
329180
225113
197313
79263
230970
83246
323715
518288
280616
95446
281396
724946
79698
42962
48666
51756
211016
119343
50308
40792
379977
69475
233042
54392
43615
153982
643701
139265
216551
912981
27069
37626
117410
51502
35176
217451
78871
354656
51380
3965
42496
134940
161994
379290
71856
64695
232347
380409
15738
98502
289992
116541
177720
99241
144075
351426
265947
129332
37479
168073
23793
137244
266745
176830
100317
132623
60878
159785
207576
80693
53032
145738
161616
166458
492901
131864
196841
184480
418888
158203
324378
105322
47387
101981
86944
257243
192955
302019
152628
558441
53321
31858
79745
92781
298780
137048
96749
30071
34427
29221
285573
41806
343410
137425
34546
283338
81644
218066
7728
214986
643200
57351
184917
23094
23663
4318
101073
305933
62749
74666
80237
220198
169649
124900
143026
45567
62444
14709
183136
99837
209710
78718
272002
149192
446027
405527
198045
54461
71982
203524
115747
79178
27368
16500
290650
217433
235232
143066
315469
43020
320074
299955
186812
203468
46068
54298
66141
39259
36034
35573
68994
140485
535502
158058
614291
224061
616822
181321
139580
120284
141048
371241
703174
378408
100494
212680
74983
315341
67073
74942
44971
57540
228662
382288
77597
274519
47118
50569
27577
122871
421687
111168
162308
32837
81478
245842
33554
22146
74919
171901
324904
86969
79950
210634
152209
70012
169014
14725
132642
48118
34726
110909
251753
25404
89231
33900
103627
116014
326368
69410
135861
32680
320659
313632
184962
132087
54354
231237
27311
213075
173159
158851
231326
338019
4667
156444
98945
5665
108403
230567
242010
5310
76624
343249
373337
361485
84825
336070
150574
56768
63499
43857
50063
181922
72389
38462
42115
242433
178904
191349
43856
538908
118005
334593
308194
132773
864178
418841
141190
55118
99067
468575
189465
564787
31396
127847
36478
153036
4985
199179
175249
39916
30363
205572
266795
49272
41307
166429
423809
30637
195793
116160
36354
36859
314986
21625
212202
132223
495671
15563
75747
68000
277261
944471
46532
700136
51801
131434
23115
477746
160236
47238
341892
170000
228750
23066
268532
223356
267200
32506
11826
170120
41953
65536
22261
357411
256856
111014
310202
160266
169847
115357
38586
47827
63320
19843
42083
114645
171751
31229
214476
176807
26732
50002
343609
950663
64589
96439
29260
123049
13606
199753
25015
309126
9753
57061
325780
43648
23111
606608
393898
62499
32598
108127
29740
221937
25125
57899
34023
23940
231357
136299
427685
18600
261223
41866
59193
552731
39743
174969
135053
107740
146838
98532
64879
96964
152894
80039
87225
210809
120283
226140
89838
26717
130192
156715
165225
48274
166851
10826
15506
110291
101989
336851
64462
66836
40460
30364
213835
272291
300314
224781
46315
74144
190984
233084
29275
187401
104878
106686
224969
152593
168904
19047
89772
166081
214128
349215
93069
279946
125527
392344
29373
50158
606284
263420
309292
322442
87035
179534
137057
125958
304470
178019
65953
267224
228398
216027
200742
217369
135583
103114
250275
130543
142118
25735
71139
312100
363304
35065
334736
35511
181804
80336
125141
51493
543651
31073
46437
443201
34282
232528
147072
286820
121423
65868
107585
271991
355390
241470
248451
33521
84092
95675
38094
328548
209402
268661
795670
113327
314574
225802
62315
44023
138952
24120
69730
32559
255223
71323
212069
54660
129170
217257
230354
387010
113477
101205
240738
187590
58846
164135
31468
29623
22908
749684
45134
22466
36662
19454
322076
174065
119096
14148
172443
172229
439504
17718
342610
191427
198447
251663
20388
401542
116103
132457
91391
18475
105198
64057
176980
88609
59738
52286
524921
23061
161933
518863
71808
172602
255468
40294
238616
215148
203410
85189
203778
229301
414275
80063
80457
59593
392593
362568
400335
36488
193473
449449
145416
9396
123961
175396
33488
104510
32660
194742
91334
203273
14595
338092
110135
195964
33180
289233
4248
36720
39314
45884
69286
34512
7373
167381
110054
232155
210035
63322
69864
89629
99313
185511
27021
169986
238285
33286
91500
37725
49327
86807
68756
24034
71092
71264
40590
256859
143743
55027
504232
185376
6548
78840
89453
219783
71007
202762
59036
122950
120691
454780
366620
126048
93014
152124
138698
63695
171195
7174
36995
41515
109961
320081
403449
254910
48884
137561
121475
34732
126555
71330
470811
65091
171672
199437
352288
63658
92848
99368
157721
38256
213321
29247
340913
51923
143152
132760
203797
244348
116549
99490
105737
6829
333536
45040
102238
132905
74410
112287
111736
94194
435717
197031
353986
70085
22276
256482
232943
238799
80777
456155
180335
39374
168448
163978
108745
172481
85076
210079
380631
90572
121344
89343
464516
18306
121730
146121
131641
284554
80001
489252
302582
153329
95557
656646
44819
355573
111316
251581
107941
71647
231530
214080
175924
122927
18929
104044
947962
43533
252948
335246
185586
231296
182201
58805
34390
82807
189411