155240
40888
411996
602821
86526
123964
187484
56661
221526
178349
23905
347922
363386
126025
47599
46287
127684
194626
94521
58878
164057
86805
175408
34492
189271
81659
191869
11537
116101
119054
386849
535271
71444
70005
268017
119638
7807
92974
173920
89679
39895
155000
83582
5716
120810
18449
315851
36702
183532
28438
338346
61121
36129
103300
535028
88337
76346
330800
58406
157007
142749
366740
43259
59086
150977
115856
77275
51671
222103
193121
35701
30740
168286
108213
180481
22416
123025
201686
190950
814340
493805
94125
109592
187755
39672
138564
41555
328600
43333
98995
128434
225370
34849
109829
93591
52070
112080
11594
300041
116108
96528
45819
284515
187141
9901
70672
42566
302555
28723
60755
43914
50855
508906
36156
76034
79476
139849
161179
300305
441511
522622
45028
146362
7524
74659
109810
151766
44069
50745
107340
27617
111400
95664
267616
240596
118461
20166
70061
179186
45850
190811
98539
117358
104275
87603
41877
98859
126042
27123
260444
139925
87051
138667
81865
354473
148624
52378
34336
220535
83583
294205
108030
223746
447979
64088
108888
69622
276378
44984
83892
131577
32311
389605
115537
70576
134621
80249
120894
103188
67059
170540
142852
64747
124513
271480
119137
105329
206977
46759
93189
94760
11174
49603
154169
176567
128535
186052
201305
240690
167285
354269
361360
273559
28828
384607
63742
49755
104720
144756
17452
197816
95644
361238
104635
40241
170611
122134
218000
55789
248486
55618
330894
118048
145895
97720
13429
308963
279279
55461
193507
91551
24322
97957
75012
38490
402179
19292
6981
75239
70182
556255
32891
522979
177051
446903
4144
107168
89227
486888
33755
30449
190224
13610
33379
22062
83826
41040
382620
82181
363835
65653
343198
125770
175481
494090
411075
36451
215380
9276
58265
221087
339322
26209
334815
163720
143427
557292
165616
41090
296135
100488
63174
242926
150403
54643
141099
185190
62962
78302
86325
296715
94152
579565
93606
223865
60441
221575
50281
254898
211429
89994
80957
105758
28411
127364
136618
19423
56045
34562
22421
20781
83417
80185
152935
93941
315183
35832
149108
271702
219181
248493
69366
15935
439317
388882
84925
5152
144919
196705
249474
213649
63603
54050
152407
256737
174140
222887
155875
79927
123084
183071
346257
318256
165648
38788
236030
229627
411710
62006
93010
150310
79063
13264
67437
408661
74872
218107
90228
253448
269339
201245
166685
202788
127540
72215
412028
20833
219599
102638
77570
228508
81829
96135
374063
47380
131424
67408
41499
61626
16261
14288
39973
226342
121596
749920
89167
187591
95135
195949
451391
150628
32969
152404
77322
82252
187520
13926
188756
11311
121516
19190
258006
133319
222828
48863
96956
135017
461212
93516
353201
16101
19871
211422
50489
29836
104353
129710
133545
6553
137919
170778
24141
16704
71790
54275
230322
166244
122793
103616
120294
137294
41104
363066
85563
57966
34405
49312
343310
100365
78578
86930
8635
37921
26643
29719
68679
99035
10019
448137
154337
53959
206521
263856
223259
86862
28537
394983
551074
49769
9913
325744
422644
93331
379146
73613
539282
104806
407875
59734
41695
181814
59270
33182
317883
100948
92580
337722
162259
2991
30796
32618
70187
54050
278950
221571
97408
150764
107617
182380
116515
32373
183905
21429
54927
105662
89504
22200
441689
310186
116651
412999
318571
279129
27417
154901
168400
226634
166276
268648
739426
191036
344019
157498
127730
164107
161837
502431
45334
223027
110369
235731
520788
67238
69310
253974
504599
21259
305415
153686
103878
153595
269414
131256
356894
6700
403638
155742
122706
88356
110395
193008
55061
36024
102724
251805
142438
151718
73025
61117
8909
1509
33231
134434
52228
399226
58055
50305
238799
85770
71124
51029
98103
343116
78468
129235
110035
112764
85960
231824
175061
240191
125214
151713
393428
273678
177119
301805
28055
71143
104731
602706
31496
213029
168238
37686
192115
40158
206119
182559
150359
196879
22937
67143
121075
255606
317806
262828
61783
60558
129315
178125
176619
239371
130963
75625
13921
213282
141585
37438
192382
429152
66164
285520
345338
75845
34996
637309
65662
380332
180080
355694
54806
44917
33028
104511
122650
423605
135278
45816
42711
276400
215366
74334
211175
73984
4443
194923
167890
158465
38690
105383
155589
45637
201255
141919
95875
184566
619312
245051
190657
442837
31240
107240
277408
93569
156258
233641
56135
322744
275826
110320
409848
121980
168687
31909
482267
64099
9846
144194
161109
21796
80746
193007
40155
72729
111333
322791
381688
256190
478241
214195
49138
139814
289591
72376
45652
238713
526398
108053
72558
86973
164204
80335
57775
171926
219622
78184
56464
191774
165983
267429
227250
129535
546918
57900
99325
195898
191085
664409
400817
4840
407686
88570
139570
37386
117875
67571
34531
146190
196219
62802
330315
85620
40983
514745
107058
143128
176553
16610
134198
249644
36036
90655
110362
34376
67912
39067
180013
704941
123215
126683
67499
96980
380445
137742
144318
40687
189093
206542
201008
218364
63600
161800
67904
36887
1231157
220140
526569
150361
21581
542525
331501
31765
325167
76433
102657
49735
422246
210152
119058
54731
758241
169278
253922
125025
49230
36113
196670
86874
48825
134241
171504
2754
150225
49877
42659
376998
19277
180062
49655
210483
55485
109472
170672
141924
178655
256061
88548
355494
247959
83255
117858
292378
41588
210617
254141
549290
197094
339141
154598
208086
679734
284738
77781
55786
664376
94389
18391
85131
346320
432221
434102
236842
61959
277811
146278
7547
31983
53618
59602
35416
302865
124539
87311
185107
67646
60203
149195
256151
201965
242721
50863
102447
566566
487832
471430
63666
418038
249772
143551
66827
61908
13385
197132
32582
585527
114274
133605
54368
58739
191615
217415
68016
55015
121391
109687
328362
263426
375299
200470
202672
39704
294937
15056
77529
116713
2694
109305
92278
167587
100207
25252
107454
223321
51649
73562
307532
331100
65311
59291
79938
172501
12408
105255
133790
54790
176918
320574
112408
42513
493884
96783
33920
74098
370887
175245
216765
79414
258926
51783
55389
22182
74559
424256
34447
120132
193451
454772
81290
11319
61210
55448
40966
98453
23061
211799
23579
83480
102432
35522
162022
32844
62902
27878
12843
121542
28534
241675
52196
26551
218984
120824
30586
260951
58886
74915
48234
44525
86284
55032
65311
77611
164233
89292
161541
227860
126647
132869
808678
205492
203965
110327
423498
81577
181036
75935
140656
517934
76268
109892
134533
15092
106236
159931
42858
228367
13745
16969
70085
333651
28694
115528
251782
106126
70508
98341
64263
246706
108173
2152
125740
536293
346620
244953
188119
38100
75668
234062
633779
71642
16190
177540
327445
484393
54147
225307
160364
356494
198815
531719
56442
307239
4672
45951
208859
80321
41809
9894
116943
59130
78315
226122
49471
57097
53278
62264
221296
222298
10923
671303
41307
199723
59803
587495
38577
60874
54720
9156
68658
68099
29989
153039
53814
98283
58489
92297
332011
110601
83541
69908
177061
66818
183832
54954
315085
110396
97821
202678
206691
72521
198955
141981
51038
190165
126054
127936
280890
45582
28299
150748
27750
390883
209207
409137
139332
57738
259119
23034
169268
345123
89077
4827
53315
162110
35459
200851
57644
274317
122889
274823
72753
85173
44581
161395
180769
107507
7227
28781
215691
251781
23079
107158
101353
13187
115410
300786
95566
203063
18108
137544
93623
115184
109732
204472
5167
221291
175633
575571
735218
10510
253351
36888
270077
202942
212820
434842
38118
48111
113875
63208
31432
233069
125097
234486
268718
321003
304871
56865
88285
12482
40638
241749
199217
164348
67033
115247
396001
253253
421737
751139
263711
167752
599988
64969
15210
198752
125137
112136
57131
249241
27798
138257
232206
63163
101786
600362
59038
229857
114682
151872
3890
7007
42931
101291
350107
15890
209171
212346
238658
52364
329249
240372
35167
94387
276493
160422
54122
308902
19988
185852
207852
585593
14575
139073
26439
24012
325052
83531
31173
99350
179897
131496
184600
101454
120890
15066
151834
4761
68322
482350
324215
62387
133583
159123
642916
55763
135484
127222
155795
309517
132232
153336
118429
100913
135114
285015
116733
234093
141803
28959
312123
50347
330174
112709
134711
67239
130060
96037
59110
202218
26125
88267
111258
43813
180288
71480
112520
73593
356384
81272
510979
504019
66157
87803
312376
87199
334264
172864
86677
410062
98256
42362
35174
72871
122716
235855
123673
114549
233004
38644
224629
423169
117739
57129
604673
212034
279791
338358
139419
196549
121784
87316
89017
284508
56212
77280
136539
188679
95304
10733
231553
176315
3363
302270
290246
158152
55684
17042
386449
361817
6321
191212
41087
149337
196460
317669
257054
137693
163261
65853
40691
136347
33697
167965
481011
13578
45697
96309
86628
53904
119864
411329
131768
240728
54765
31762
265544
241531
195803
64115
43412
34736
424927
71992
372848
18363
432836
119059
64182
254693
430135
761827
170828
257475
146116
255265
4429
31801
341956
12344
64850
38790
153193
17552
53160
9607
89894
237134
186326
180688
133538
168177
6682
102337
84141
334549
98123
171692
73820
58626
72587
81125
251631
293586
69570
116430
133567
67457
79088
91743
111551
18825
122682
90082
64425
123149
42347
60745
118661
89074
72911
233777
159594
30680
207162
2515
171303
65620
356001
191970
260776
150085
278899
219355
66903
85915
46874
350373
11988
96940
141375
17685
166427
151492
102465
10250
44357
31554
79169
441683
55020
73938
143035
84279
66064
171592
176945
129216
398557
170875
177427
62762
390247
106271
120107
87384
257373
306618
225446
212383
99703
110234
494102
104451
217566
174868
36077
52231
234120
122228
57953
22267
52880
21544
106201
23526
358240
126035
256843
182470
53864
101053
56024
67748
22070
408158
106491
14351
337724
46876
196369
317254
322101
361628
141688
107626
291423
84800
81448
414276
123333
101265
159524
140649
33186
58092
245942
130558
30865
316416
166890
194408
98856
238834
146277
44421
205746
119303
53677
20465
95931
113914
526119
236527
337019
206148
81804
57033
164497
67054
113779
157433
26125
41400
242699
232639
296611
492622
81022
62603
17920
84024
301104
105483
9882
55735
114581
138078
35596
104788
165957
46273
109594
61342
103266
93046
202439
12075
128377
195550
89407
85714
259672
108280
77797
41220
87771
74694
194840
183657
229163
739549
117773
429819
326610
283744
37624
278879
26395
438721
70466
19480
85553
42445
135499
350644
266187
284120
24297
157937
113473
72935
39452
205630
191524
400559
328864
193033
32592
110838
251916
191097
452573
546678
340356
69059
69168
64291
49860
78494
259404
55102
47200
59130
47151
196707
196261
47237
171468
110517
121354
21909
241097
178061
215211
30593
89692
129748
63807
261166
137434
118243
322857
89367
285404
86299
809423
35737
110495
16836
451184
113452
199767
50249
256128
124825
95016
352771
248820
260299
102659
80115
24888
143031
249404
30621
199542
542400
85286
276230
62078
34107
61712
421495
206579
63634
838358
369574
97859
70643
117244
88632
697153
60749
265015
340734
199728
27953
43224
365086
372429
138195
30528
100222
116468
420249
14300
13943
197479
212961
257369
319192
196547
268267
609170
3655
5567
219886
718609
322048
519277
10923
35068
898627
458474
196303
134089
88060
617176
234612
254690
71101
180465
314918
83760
347027
100620
25391
14808
332488
388993
163215
158713
161814
274612
221483
111041
297381
44042
77898
184832
71203
58357
162947
308967
186574
42273
149326
47976
331801
131301
198005
160395
68446
318307
256945
11006
142119
13381
27764
241064
96936
171251
64673
86594
153925
53310
20623
177253
228461
83108
27431
55769
86328
175744
90710
455489
155393
37826
64162
430387
206952
559762
187532
145295
230363
91627
42241
20578
174128
235282
77394
69617
235030
197301
548401
215136
205281
267768
74155
153420
8671
324753
185889
502813
178163
385857
99782
230530
210830
211751
360484
2467
123931
184177
245881
39646
333408
536173
27949
76130
10302
157603
63205
6463
184646
98396
245207
52592
66803
218432
432708
187755
242513
399049
151947
281120
107481
158082
136722
45780
292465
107059
153407
95395
223288
95152
424944
8784
179362
64035
71254
287199
514885
266391
168188
30017
64540
72968
29311
33338
134645
47320
75145
104908
300179
51188
72231
315994
13317
125489
108373
481472
194702
72622
93064
266217
204433
24723
252581
148816
59232
140379
67970
72633
331265
119669
284441
142808
343145
123045
97699
342134
27866
95143
388174
92760
89990
212590
572966
119988
480479
210756
135700
59856
68971
34512
289995
92445
83163
283020
154511
14061
388897
187673
239359
40218
18252
192654
44556
62938
230989
73668
119390
101553
149309
96546
337749
69759
328644
33274
78308
13961
91711
13565
368201
151964
50453
290531
498351
92969
63482
421529
102516
83101
28019
282487
180001
358989
189000
5492
634200
5539
106753
75077
97920
448222
432124
9814
315700
42501
36262
430931
3112
23855
45946
113826
481288
4762
39475
29919
106284
172498
46385
89725
156132
248920
128540
428142
185976
193523
94051
511096
386000
291809
393439
7374
343531
267358
489260
81967
28800
364331
46479
199678
80262
118296
3702
139643
118933
163288
246611
439509
159722
68728
233734
48053
98106
204666
161964
586161
40324
87056
48066
135811
447075
456739
364548
447310
16159
42086
412267
35772
148084
377340
52648
14412
114927
184781
32913
44219
71590
22461
72828
57072
159794
97049
12314
48593
61535
9260
506093
120490
78563
239409
104390
180702
77159
86357
129916
8741
21978
264093
146489
107828
8944
86806
55423
827989
650271
77241
203337
76069
35997
81173
210339
85450
243813
137073
181406
23138
93245
44736
212202
124383
72822
289295
180042
745916
375405
43462
148832
311513
209908
77665
1063092
88020
478886
203680
165811
48956
389478
68695
53562
378959
101936
84829
153164
53306
267482
228064
127289
266184
52995
33149
21378
68644
216663
67076
288879
68610
24168
14276
198028
119914
193832
361541
16908
874624
36119
94608
127508
114141
76986
115016
418368
4490
16161
87780
123784
44541
77327
58674
299305
140636
113186
156319
86892
50589
175800
219538
302330
10258
127176
215628
238391
91092
12226
10015
179298
349083
42448
36309
85156
676737
368915
21904
18161
9519
191757
58053
89389
76886
9812
93875
384878
10389
25435
161464
54963
70578
4958
227104
328998
344487
305791
80488
59150
36389
378831
127103
192877
198202
360095
316543
48851
91744
205419
26252
5143
311040
87460
313005
522804
52357
45925
9350
287217
66722
11812
63315
194348
84087
283992
213356
114755
67849
180246
19618
139803
55264
54174
307460
305909
153175
23588
30972
4836
107646
121764
117138
67031
481781
60560
374480
93960
135834
352266
21178
380624
196917
178323
132059
61654
42981
71834
262859
46810
374362
316261
124767
100182
503575
283243
129979
22258
183859
86886
64952
246849
57475
66388
176948
192260
211275
56634
120520
310653
89607
177707
134465
68322
82844
165566
149760
109882
289518
421280
24177
70965
320610
184435
262725
310520
195053
219009
735477
592393
20711
259448
209593
222277
77081
115029
137900
106148
92659
165814
191703
267424
42951
515526
182387
36389
117292
137046
176981
363878
117170
266342
136383
75081
21196
129731
575530
186915
12609
203237
21690
430152
617708
260819
1867
381520
10336
143324
59925
183990
17967
160675
253700
79274
50851
419718
142823
185755
84103
208401
331190
61921
126034
94389
179063
47442
482001
235460
141432
121842
552272
205608
239969
178044
192345
53301
144276
83388
35630
6993
16679
185163
112550
84227
301081
32754
67356
249476
50577
118273
3381
144214
72580
83085
176088
201045
115965
17144
270316
97316
248238
70521
91526
85326
280612
91509
173096
128141
309752
11380
239850
16487
160277
115262
71435
75506
335587
317987
79417
3596
151595
4000
131622
61402
51877
565057
189269
19903
107681
278862
310891
312577
159053
58612
7661
346631
282248
31922
93580
85443
49169
46442
104882
178861
71506
390517
95860
104612
183319
181515
94654
12031
53737
467579
143288
50393
138425
66730
365281
151815
192477
40410
121783
228766
103294
51898
156768
55762
69241
454574
259505
191294
115532
201708
8760
74153
73469
328763
32118
409969
94798
318848
95851
150300
317358
17611
63081
119425
302308
162826
40320
156969
103409
178798
542745
65298
11828
118065
174055
29372
234460
226655
139356
68309
47794
200855
155482
25888
29341
9413
102472
43552
77458
11235
139675
231840
567290
148410
24703
33909
189802
202437
150780
241139
53288
517958
115110
119882
14282
176967
402309
111743
207989
39175
114006
23286
99127
31309
129040
229243
407769
125012
221076
119221
222013
70943
255473
296458
521387
145297
27717
23016
28034
324362
172571
344394
39840
163206
55508
253099
41017
26503
86386
15685
165852
271273
202628
37271
132907
70649
160804
74472
266261
109977
207776
14116
252578
359656
643479
57087
156246
220904
208838
55673
39935
164518
58954
89358
177550
27805
320883
1389
321764
237445
67794
34490
288356
135198
30497
425644
54505
143363
35809
93791
20400
180091
74367
281073
153454
99818
185838
20153
266495
118101
244952
62287
216566
209949
161224
142015
232359
60475
97584
95245
248095
208617
454226
207584
69415
2712
202788
87763
544375
41374
185565
16759
218001
308874
95726
2081
58245
32530
266935
6956
42133
202072
67765
257039
150872
57216
340623
23022
10073
39036
57998
270874
196555
30014
271336
38367
94790
159278
131097
74381
214976
113020
134113
37297
35517
268973
95725
172145
100523
668550
90779
78439
211172
76365
122930
77561
26310
67552
75412
127883
31050
115731
201427
109200
167473
443626
144450
83711
495480
166797
198202
120217
117373
11940
38056
54158
310905
525716
73026
106441
59569
370863
80011
63904
214683
163502
23553
55876
258074
406373
31315
29261
113003
131564
16616
29770
275103
228197
206810
224682
163154
242864
108669
504504
20013
18774
69651
142255
134521
742604
85813
115552
182727
101111
65684
233341
86950
18553
404686
745118
525060
123851
351365
79273
283821
216117
333469
24038
46676
36395
8912
46102
116251
561553
346150
303380
91866
401697
153023
79482
107933
366520
584931
596778
160171
138886
177334
445434
74939
305707
18584
96793
103350
155404
133059
340468
176864
232222
9066
428483
63449
124583
157145
134389
13370
543284
159288
162566
146115
31274
230468
209702
310916
173283
231943
106303
86129
67253
16537
191327
139677
69558
53594
33890
185307
18169
406854
71992
148563
103582
365340
123224
164289
80434
96639
92326
11932
74409
115051
197255
94330
129289
248323
338811
892878
66032
190725
294720
233883
51699
125526
383003
93444
32214
195815
95379
20496
463324
51914
126769
269623
470613
17748
69370
68293
74327
34181
42321
55913
190008
29389
52184
117073
163824
222588
99760
134255
130816
507122
440146
30791
100670
138489
231926
363169
16070
128698
108944
263949
161229
68287
157411
241863
275968
142128
375485
228817
4612
261122
106596
110646
3225
158553
73826
230419
129436
114847
3614
371794
88810
236808
192322
375730
56478
393437
16495
10121
319325
173489
105072
249423
7953
307569
188304
315991
100302
18769
235802
32384
82020
462611
245520
200449
80126
48010
179733
34925
66006
169425
189948
91077
86709
10346
639374
249391
186551
37712
190292
100150
256935
26874
293944
127884
395828
138478
70982
552577
88783
184671
24403
83027
82138
7302
7532
85286
18384
38499
55043
65634
742319
12528
101335
8408
3582
120321
159061
99213
36347
95037
45194
338469
212466
73336
96067
161294
89959
111461
63169
125125
277623
310752
493763
457303
100814
179012
77300
131678
107885
316919
370827
30696
92904
67371
382332
236192
79049
120145
30484
114233
34977
310487
70073
14592
329351
18286
19400
35370
125943
6194
179702
92073
83818
199987
84123
358295
18648
159415
117598
108415
13943
599956
175998
26938
194655
37268
121671
198826
650735
200755
23797
55357
141846
59576
246525
218980
80545
55520
339849
45554
192609
70129
142674
219015
62093
54274
197514
227065
269374
60750
32121
107134
168221
596510
78436
31516
19351
249624
97272
51519
46370
58893
109443
470914
263839
66409
551417
125877
64893
59057
40180
55183
19702
454185
205613
390035
121305
23396
101965
39710
83999
252572
527361
291653
48400
118915
149641
429728
559434
650477
287527
67948
65455
44060
21247
209112
82320
125766
19228
18494
115478
225712
106724
68785
156261
54272
55677
142933
253894
184960
53111
176481
152708
209707
54689
14895
520495
120001
66372
236948
250224
142046
59889
260224
194209
130027
187728
217047
210206
117090
147900
129252
153019
442589
298270
164216
76593
124716
178612
168711
211156
635403
346781
193057
302546
149307
114546
762779
499563
102527
238974
76037
57449
368484
123973
96361
304779
9020
284437
100537
644926
187526
211059
171424
243216
235246
143011
229154
54008
85469
24182
240009
280055
201772
126236
20304
477088
154829
298955
462457
180957
599333
165734
240494
34912
51425
46389
15140
60438
70336
21578
72665
253367
117065
42563
194850
345906
150105
282504
103280
158669
95547
216132
98538
287047
139056
38566
729077
33302
127219
159519
236080
215006
188451
91541
42100
32425
160701
23583
221122
303081
34382
617182
61812
85035
120482
16919
201820
84567
98768
29634
41960
22870
51969
169548
158667
189123
158550
124028
388934
63754
102563
12747
360381
12344
45811
106485
107482
220932
246321
74366
282460
431421
37278
225908
75377
71146
290557
30431
33006
14823
71119
81262
59345
226175
44076
64296
91583
80934
46883
20958
59289
56191
276598
839210
132591
431602
32341
143606
140725
147849
145904
256665
37126
369405
134817
49091
100621
279145
20055
73400
80887
98235
12828
369921
132730
176114
8290
45593
230981
45331
393326
179414
7497
172039
313333
143982
567429
136094
71445
24776
8920
22418
137238
193078
102172
58316
483728
152189
317907
253874
188644
2307
50511
227883
90816
33404
55267
77793
118867
50372
63159
28708
70371
193722
153651
114993
13588
160741
29660
268713
227652
114394
253068
244405
42559
346068
69414
213401
28250
9799
163708
181037
85979
14887
102077
55994
73595
28691
10134
80033
464005
172853
45462
82914
84862
73551
8185
62422
48349
288919
66195
679138
266380
23889
583005
151457
77867
87831
253774
75057
94519
54570
688892
64511
177865
242710
65253
443052
218263
189670
58257
369804
187080
47956
170974
161779
46482
138312
41870
25418
37790
195225
36826
12636
100874
336779
118881
65153
19108
22351
69580
189273
77111
22057
66148
105484
65055
26283
164031
128129
170401
299929
283270
71001
4583
34929
246325
302514
326968
60401
192003
200958
23228
99462
63100
359166
185464
152494
50028
299329
22733
56312
343769
125237
140453
73172
196499
64943
43866
657956
15803
127698
23938
178695
30830
313138
113955
255828
2821
147115
169192
119588
58546
40104
268507
241530
507605
269237
45511
14287
246716
170954
141738
89943
168690
214081
436868
53693
248687
176023
60868
192106
82366
95183
102364
101560
191443
134362
229707
264200
67672
49671
164238
125310
49653
186564
264064
96061
268177
65873
127577
228352
124281
618998
391075
324531
365733
182317
54155
377861
290330
29324
465583
16391
332870
197299
207913
124269
109254
254069
203290
373002
133472
57888
91019
211337
51661
197785
29207
75511
67995
96778
168425
245537
47645
29097
314931
109946
184947
88294
67130
181927
165284
37077
88315
341701
103391
419703
22888
82000
18110
80460
69552
211251
61774
113535
165279
77569
33866
248209
117726
347968
4845
192264
82741
17416
136599
58792
389747
37672
165675
36447
82183
150013
49720
117358
245066
82439
93532
142859
40066
52677
194603
535383
227446
74219
15407
77754
75286
609607
49613
35705
66263
45268
18041
87572
92902
79914
129172
119312
377196
33822
58483
175722
124271
322827
43385
146640
18341
50817
269194
83305
288217
222004
455143
62299
192696
246344
135411
168896
373005
237149
28692
77442
61872
42938
212393
37028
329053
73623
55273
62452
39668
128264
89861
197195
83606
15834
111073
59114
170340
81426
100503
488017
505630
107223
300412
183140
126098
84788
119417
248830
142991
88035
514683
96393
33526
37889
288838
601766
158217
228729
71394
166084
117163
94969
30514
128386
279780
249659
69440
86116
209579
19053
20832
122540
24259
145876
95335
386082
71099
21351
60134
299936
279894
249173
5514
233196
297765
269317
265660
481588
117026
219792
90705
237990
193410
82516
154498
39340
188372
28489
129108
72029
251666
118192
30470
80163
111688
63596
325557
34434
59529
99379
321135
44053
221048
35963
316441
373286
44645
285726
118548
80808
103608
107876
45822
19768
21147
219265
288011
138936
284320
28316
23880
47955
116641
100580
18459
353274
410215
35877
47028
92004
18514
148145
7725
308786
7302
66840
689892
151580
53400
255900
20456
183535
402715
202206
162514
30695
600350
205315
272557
38741
44482
8163
80132
94268
98064
60891
178647
16776
145992
78865
74347
52350
31669
89175
343230
1260878
186440
113046
41912
223941
42227
72329
36680
65402
41290
161656
204270
368904
411062
17311
179712
90620
201032
10676
258578
222336
96101
55664
105424
176758
233153
54584
186284
135437
29319
7252
99173
40814
1259
87874
78177
8138
61309
50950
309702
320674
112315
117774
111768
100493
133815
96069
104769
80595
51001
257712
325388
291572
22798
78100
37931
135260
169401
207641
23487
125407
129944
144799
71023
250533
57295
319673
66970
124012
52703
407880
93941
153208
34999
50724
33467
395336
215715
150018
138682
157983
31000
39596
92087
31024
24607
44532
41090
224811
320884
262585
168047
117285
184512
27375
263704
242709
163915
18307
131362
43355
60629
195745
56783
264692
10562
9539
298150
64291
550971
30381
29869
51482
85802
64792
261131
73185
33164
110078
165795
567157
141576
106205
52652
66061
383035
339926
199522
40542
410867
70215
106024
290691
387072
109637
243556
156892
220815
219114
390654
417784
248610
236370
142724
262051
233979
13538
77717
199440
145514
248864
178997
85237
124383
72217
132383
49727
105014
222912
23687
187400
95137
348999
95051
109586
75609
213320
121957
249040
120287
281848
39422
112195
82065
254209
150718
238618
44883
25164
168895
50835
156084
70675
417060
109630
58835
35672
36656
153590
646423
130016
292349
64917
326876
106014
96554
2470
404449
73288
215393
260723
36064
478255
33368
395239
592428
609632
48251
61457
353926
44590
20306
412097
396384
271541
145355
55681
16695
144051
64250
218552
116404
108176
308399
9667
73323
71805
148557
95327
90138
143300
310953
164824
110127
112325
315947
104330
118479
24498
119324
163229
76407
295884
25017
104886
100952
293257
184983
22578
52516
245693
164398
531547
54773
154692
59810
290289
831663
151502
265712
295629
120622
408406
57120
83600
203660
1064334
218873
93203
26167
25778
132465
221293
152902
283690
324967
84123
8162
74560
72324
74418
136964
390957
260058
357444
193390
53787
118802
94552
379063
147165
138879
60673
96321
84363
56825
391767
99187
111764
344894
109231
145667
280859
77445
181312
155532
896241
21517
64369
231033
40549
128675
40858
124062
23006
189869
435144
380471
154656
43815
7092
48514
70975
122175
19309
49215
2675
80883
84862
62535
59466
10097
45631
71993
112733
163249
109296
87087
271947
645097
87268
416733
74802
117120
64591
34188
210664
212836
122904
67908
97338
400552
196772
324307
82473
100252
73054
83419
126041
326677
149579
65288
36214
334245
47155
155565
83292
20016
105375
227093
204060
288435
31569
24667
140207
316220
159884
81278
55892
203184
35631
9429
528515
56855
83165
160910
20693
128631
52116
87590
183056
163576
110238
197556
344990
439505
2932
222067
68325
109027
115697
140489
34164
40816
178852
88525
77714
185115
199527
47252
44773
78952
229426
9560
108255
200325
135074
186293
91072
60653
68091
124175
96395
49018
551866
194484
199355
19573
99038
119327
68692
407166
134194
158842
113432
37245
290360
84890
247704
511255
32729
195891
748268
684736
97358
756347
113398
93276
98676
95154
147372
217918
31372
171472
254920
54530
72237
121892
175832
460002
203267
41995
40825
18067
390735
429840
801342
6697
560039
369469
87835
30840
234868
53348
133088
69894
8568
87526
70240
36469
205420
66375
201653
38791
97644
71308
35042
200593
120014
135128
111566
419456
96149
113143
34035
86828
206962
68158
26730
334586
42933
145643
155979
122064
30998
319695
47470
82125
95982
313543
19698
112701
262480
54115
8012
143913
78714
56759
365917
79965
224018
113877
43671
85197
164804
132182
194269
103010
250328
26564
47666
914655
65379
185976
50457
77156
49785
467323
87128
98290
131134
243139
346083
91490
364287
44050
51452
423531
38466
222595
181606
58355
176414
165798
87610
47803
93040
20826
9537
273316
96900
95375
32586
79549
278951
143943
431993
81815
7103
24285
46510
558087
36473
42200
416009
76114
168093
14849
56629
413475
951084
107190
57112
146524
37062
63950
183122
237251
96121
282309
110767
87022
181996
77145
143532
123705
15274
94163
5985
81224
97684
151474
361471
247662
48919
13797
45010
106541
31820
212013
257192
107211
415459
78082
212271
47223
208248
107638
4918
49138
279377
101058
69839
411541
126447
78473
140484
94549
134848
68801
194291
400674
171897
279544
249964
20678
40566
15508
75603
415547
78215
96771
625708
89756
49680
94194
86374
105297
146823
211092
96239
410916
364125
316760
122841
83795
22189
230342
99497
105355
119258
119360
115147
132856
42010
176464
451256
120428
24392
4677
103653
97893
166368
24585
113495
397656
354549
19894
126646
629956
329411
108780
165687
40815
210093
188342
438789
122316
88724
11196
83291
318518
199504
244585
213088
370439
49853
210536
271765
119832
51226
278025
503878
351249
69280
280207
50737
93691
244720
78173
171071
214132
453611
59002
51241
117019
24733
152602
101298
220200
387940
19829
374231
115352
177365
41852
60671
466664
18159
151854
163350
37953
230643
127545
201105
96328
291512
50917
149468
202202
119156
96613
103502
29131
162643
63802
172798
90573
175282
258410
28145
128739
87200
150114
211030
363992
105163
23295
220585
269114
174711
71762
230679
55901
106478
472553
75482
251655
297048
113337
11918
23906
136422
48959
3662
63265
498895
173897
75955
58265
212490
414443
52831
64538
109786
19414
125127
51815
280385
117551
408825
350510
63069
101582
54056
152402
38527
140890
98771
106380
26135
21742
85743
100402
322044
31909
70560
150396
98813
86825
63020
60969
267907
50613
172974
64938
170439
78171
86388
189599
412932
56239
106610
74961
14450
58194
99224
50627
42129
400158
332006
99232
281393
12565
44096
461873
92274
47977
210522
306045
56764
163754
567631
51039
80685
75930
248031
117751
141125
50680
68568
46765
196732
29046
300343
106688
130255
73466
186820
99099
130407
42536
203595
53598
58574
56677
102565
5411
168090
128902
555475
357933
63038
147968
201557
127718
266312
79623
140602
67850
105597
133789
99226
247050
24578
10426
175730
104636
22673
167642
173567
75258
145782
752408
105540
247258
81577
167293
44968
99054
176443
237765
100188
434727
621868
307557
91036
256064
223432
31206
327272
249760
208892
148060
21231
20704
96975
160489
49125
116194
56559
199029
70140
98141
125827
136828
129024
380490
28008
343371
382084
175783
237928
10760
166474
100513
209266
77451
315097
62902
352310
19110
22066
61550
7059
31019
237969
12445
54829
165133
214708
109523
73316
315442
25503
10499
109024
128611
168175
177642
73710
64875
392754
142386
273054
29460
254222
19822
632845
181597
228967
35510
103965
396138
120485
128972
244933
66472
65821
118246
26208
60733
15974
31853
29799
74656
103055
224337
19988
28831
48205
144555
127258
125562
217589
96599
166543
153014
70164
101255
195027
394099
227599
241756
58179
142118
304141
138415
342004
13758
431806
41913
25331
61943
83268
43566
14590
110651
427569
65414
147217
50645
50702
185870
476557
180304
42214
35341
81640
262507
117753
17503
125511
577098
521056
25803
50885
85717
69771
45488
348134
826709
162441
726240
45262
194098
127215
38209
48985
216572
34149
92950
372209
268359
319096
491946
48982
202814
82472
108988
125791
80534
21938
197292
10685
7704
45141
211689
311006
204232
119946
59402
46724
78579
169967
495176
284028
10870
35741
395934
494581
308272
402105
144215
215433
110485
44198
136806
118127
153624
183919
46118
265364
700136
78578
182297
121818
20591
8078
40683
163302
33897
26221
140891
67265
43688
104326
98460
126361
713643
124250
510903
14328
368067
430349
174086
67206
10130
178657
202528
63436
65344
19672
121952
316278
55952
243684
148978
42149
171239
348973
249711
38127
42115
97992
116520
52166
239161
176176
25027
156310
310027
339797
144241
284130
140887
42499
24108
46787
108332
384156
87200
480284
305366
111535
467578
91254
224518
39603
124915
37574
21997
300088
333657
371830
156906
103502
265911
52159
200913
51183
325247
57620
427325
316149
29287
201343
251591
149073
123277
323246
218378
150296
22344
209223
59984
175057
127298
247877
101190
95748
391915
132066
214234
80397
68769
9427
63560
28574
49117
5287
55081
729464
103622
151223
192182
104660
132078
316011
42574
82644
32216
189128
34621
72519
58006
93167
115170
91307
424355
78455
138975
196487
87983
243382
44542
21039
119845
20622
493532
22451
253354
45375
122079
390739
218585
366097
12678
57281
393931
148191
331290
294906
114309
230298
37441
376830
393146
302680
224204
255450
66624
57939
347724
186767
138514
24937
1482931
216901
212247
162396
345112
521446
38683
42808
188208
246782
64957
30483
97005
105801
61417
33119
181167
37637
97972
247607
29054
49524
124362
187378
64005
303542
55409
27564
79333
118268
76269
3979
175519
42438
110781
206721
58902
205901
90386
107792
170245
307494
130414
298453
58572
147820
78634
187228
156536
170314
306261
65530
42026
441715
58836
112195
11964
128645
61756
156992
44659
142608
200408
365177
196661
92974
19936
212263
121699
9390
128994
21631
69796
155264
30702
48732
54942
130893
59609
416789
229667
36825
303063
528112
195406
39276
116705
28640
236847
33751
83687
56035
263502
23289
239498
220536
32144
12616
70836
209288
44014
22072
52119
106119
147357
528151
66204
38913
49521
48614
7944
159435
198951
80842
360448
55978
215085
153832
213940
122213
110606
285017
666558
29214
54659
355719
561409
89913
5689
172679
20950
36106
11396
563986
99470
139635
133286
180956
40717
590893
210422
368967
39980
114007
59676
441868
69749
244230
56782
120914
219605
213052
62915
16505
38278
20470
138021
104769
108305
18930
4003
191577
250944
59810
311647
171593
10211
280378
49194
253901
180575
65966
52669
131438
76369
107527
135183
637597
104583
231920
790710
22985
126728
210374
201135
417022
95191
27915
432758
684598
106616
222582
9323
50118
112459
67534
14244
232772
28226
45920
17137
217084
60427
47631
145797
47988
138196
68315
135499
533720
257349
712194
130986
170771
222768
243903
122599
45647
25392
99470
83027
48184
170728
16283
85174
38345
77256
127335
87199
76956
133929
124832
167632
136351
134415
103500
34365
162107
13545
30051
103286
164240
79070
132183
35599
128602
51260
132852
347434
145260
309563
158041
199092
120553
56748
331109
285368
180178
178712
37130
26674
47990
107255
286206
114811
66717
259099
642424
24622
586578
45317
169448
27353
42123
59932
139723
18496
75633
331197
51154
574781
466713
39944
133318
122116
64821
52226
157309
457406
184320
444249
53732
287750
140805
95256
591885
894314
213524
137256
2464
13492
213030
140799
571487
80549
271961
332964
189129
510270
380141
14712
638685
294766
161554
485030
202145
136134
205483
104620
18700
270312
537213
103920
166222
97970
51847
293317
13721
246478
325233
74210
38431
475532
90426
115107
21200
98588
33133
381927
133744
455798
2824
439724
184800
419622
89466
205606
263893
359529
105257
70546
104021
30409
71385
88667
202804
60115
40623
224562
45713
32683
24327
3628
198651
180648
147265
20596
198258
11269
162869
93683
141873
113901
164071
271978
186718
26154
59319
179506
261712
152163
236117
232774
200172
343101
43449
217566
207156
92172
54696
82023
185338
259088
337775
21346
287235
276915
37721
273867
154709
112700
400235
109036
158388
66200
49682
277292
19487
631958
151553
326582
196047
140061
285266
75739
373538
151843
161477
2767
64035
28370
119959
74672
288696
21092
106352
45178
112863
128254
23576
188100
30780
4407
65915
352411
235336
12606
88744
84193
63224
103377
63400
11790
271867
39497
266758
458395
69044
342322
127754
157017
255560
504149
96160
240209
74350
55480
284358
39875
89040
22696
99108
36000
184883
76598
291060
148074
276312
592570
691433
405635
22830
205822
98527
207274
100872
161811
70291
33978
183508
76353
189700
221679
175071
274702
1029
144705
46761
73944
46868
30434
200180
86581
155843
86460
69932
260285
73909
290408
77784
430286
118161
131018
238900
38982
232710
345989
53400
180392
462322
303493
38581
130589
575477
25566
137708
20907
310341
165762
227456
314887
325624
87072
107500
194281
183966
70567
68914
287447
63063
69843
49193
34174
61517
250721
120692
513585
346487
13076
152914
940768
135448
6818
701264
254506
48404
222135
64970
76338
85296
88037
116880
165626
8965
175400
199489
24066
140233
25236
108853
121429
328026
163259
60141
53547
75377
83602
25318
691202
118235
66334
248174
169012
93579
71184
94464
340742
69123
148686
89884
20788
268495
36056
242433
17101
126566
19260
144733
168624
645471
71152
10210
158153
471359
214273
68652
115152
374850
338875
73357
81823
221873
471884
98757
50259
22522
76539
99097
187834
630378
75900
184726
80349
94829
36629
91913
88723
79624
401848
61986
116365
148545
47392
60088
589175
40358
38123
25581
182339
221583
296062
460108
298555
39476
137543
77627
69259
152620
213515
208315
77055
419943
96541
78250
361663
85047
248381
73844
391238
94058
76046
61788
146943
105817
53168
98440
19041
50404
104397
123464
327767
193970
97874
149167
48528
29255
91013
551853
27790
261151
218609
57464
21800
69858
30242
361740
130196
121567
3055
244391
17880
49904
125059
25874
77057
17706
7163
61797
44380
78961
15302
103435
55640
117534
384320
314300
25938
31817
18618
49293
554749
24483
17693
67569
384513
219811
44301
36486
34161
252323
84276
160826
137448
32669
370693
20229
154667
596519
115673
16758
43153
113384
85683
330186
34437
490426
134439
99866
120981
387742
221074
128360
236912
65844
137790
138303
214297
474118
47746
135618
117340
152227
94641
85439
64678
271062
149488
187588
341731
269795
28910
8650
177954
16854
339206
180016
229654
9786
317476
292521
340133
243195
366131
34012
31837
92245
232183
459311
7944
128803
23140
88098
101368
184662
105026
84074
186286
19340
44531
268738
195658
100408
256966
143493
216390
153746
449751
96468
175128
143691
75745
204433
48173
200158
184373
259087
31843
118833
247383
353944
319101
34744
19567
29919
241908
74130
79822
199810
405156
293147
95382
94527
250040
260033
435674
193663
122360
172134
63323
49850
3930
207530
22516
6199
75944
302419
190373
43916
218814
109619
206724
97264
117112
204757
156157
167287
29215
153351
77873
161405
218289
266803
17330
137673
373837
184827
15753
91194
60125
128640
429847
115109
385045
176660
220385
177301
760694
244879
116933
241214
223650
452400
42833
15971
88569
109326
229789
111702
106456
497021
278868
56829
405981
82889
48097
11617
228903
8602
353894
228909
71974
26595
13864
239933
128557
143043
272141
43774
182620
36101
385767
98876
109469
108284
34425
42484
272639
178697
88911
221347
91779
57884
141607
192522
43595
185475
5435
88119
41213
187630
293790
100933
79796
57656
40664
332303
49885
121736
184737
46549
318539
261714
112612
43784
201371
71825
128211
77389
84559
78591
124357
37068
91121
75932
116205
159196
154355
65207
254575
18319
102967
195441
73377
47678
128909
63900
112864
415541
61306
206680
334857
94955
91921
207683
357703
133791
14166
124449
558372
40566
279226
176048
38569
483096
253285
28136
367429
99406
59791
148366
148154
39402
248167
25925
61235
238614
313551
174676
46451
42141
261710
445594
351150
68640
237161
56288
214903
18737
45959
5891
32485
235908
351044
18687
430203
50251
190546
244709
137938
413962
24372
221536
393943
58648
168248
174696
61974
129715
301764
24827
108707
235455
124837
53310
276013
60778
191256
500404
84715
514753
10481
157490
79479
66134
42978
84464
198707
209952
344608
164170
386978
70379
34161
60502
469400
60377
181228
458474
23881
3976
94652
20434
388686
43102
261680
130657
101166
167045
59509
728965
27840
548794
21686
454353
662434
166823
232918
22892
432735
252646
44027
312910
107850
40966
195400
61505
159913
103141
239355
22731
33778
101728
126898
270603
12799
387453
287295
136332
26559
135065
95610
412516
17865
70825
514192
86972
175097
227166
240165
2087
196746
12655
359560
274017
98571
173951
127811
112475
72400
266117
90613
136609
31695
123719
44727
30449
31358
129494
98797
289442
60927
97541
72369
18085
178309
292748
167246
656391
68711
152203
116858
74037
136475
12599
49563
87868
76397
254441
127195
110170
14653
295311
243950
283749
132804
73807
383212
290712
72544
196481
34263
550312
52600
188186
137027
57299
232254
70653
111030
312186
30064
39567
184662
70475
126551
109809
62498
81135
300488
84268
99393
92067
635370
407920
378605
133086
31749
405260
36277
129806
294363
272519
54110
97313
213635
76461
29732
366209
86090
292683
76248
43965
1272
163953
32031
18348
126730
53297
65581
44086
293895
303490
66017
292376
232057
14663
10023
221750
524396
114944
44699
51670
21918
86630
293054
442298
371153
224595
243686
91288
31601
368706
104564
130510
114422
74567
196511
291963
87722
54979
144597
165036
141172
175216
156647
231479
156323
256746
70156
475839
155663
50166
207958
154615
63264
50490
86124
92126
211021
292505
31725
95819
44098
39314
89295
153547
65667
379226
353582
80510
105303
669622
69103
193417
193450
131474
96608
233404
91749
10743
239145
22009
23510
98653
63765
152746
238920
190178
44602
20900
321911
150914
80309
249882
93571
172118
134903
358387
108183
210931
505960
141065
379500
29056
98031
247914
85004
31259
143658
21993
444983
59685
107116
81308
255925
28492
61859
194595
219842
132393
159154
161350
74587
37401
50196
82719
339243
146272
48248
39796
127494
130281
198705
232389
120609
207714
80883
10832
93990
29221
281098
27756
1222
22209
155394
294851
19630
86404
215169
244100
126748
7387
358838
127705
110728
47043
380582
54689
238323
175650
494358
134663
64933
85923
167854
16213
115308
160029
24921
18410
113193
12724
203936
311612
277444
48370
199032
40155
82740
56624
100684
321686
123886
90888
13017
204925
92980
126367
22412
485576
136531
196843
47440
117298
110818
100309
138652
193783
117789
19809
114963
485199
743808
38033
109006
396207
93601
31963
475124
37890
223237
166685
110455
387185
425779
57465
249356
67937
50213
161364
957960
134356
165826
195055
50510
28105
22516
184773
133111
1642
250066
683726
164494
424636
43673
220368
245615
261015
55511
98678
36064
113724
43915
290198
58626
211134
77884
276452
270625
296440
321599
92630
14827
177648
37929
106328
440761
151981
39568
238823
97915
119296
96742
28956
177004
42760
51514
86584
36479
117711
73587
61933
141098
135973
472007
49924
5013
48022
18816
312919
82396
328002
39225
11291
31362
42395
2278
257110
42511
205263
33472
173666
590449
188191
45233
262826
53278
36286
420741
289090
65489
18264
250938
352314
57440
86449
314419
169469
255338
61452
48924
285373
74769
73723
154373
157451
28230
15173
161470
32247
105193
215868
175011
45773
28761
28662
40802
47031
298760
27314
791200
121097
96917
172600
70380
182939
512803
258910
275367
90554
24198
38116
24909
148692
211058
153053
221471
52579
322356
14777
75502
1025716
49006
316588
79254
278123
21934
105568
215142
165288
75712
67228
266092
11970
510612
99129
155118
166711
283144
363010
50162
346609
81085
209054
383042
75364
58966
105017
36925
45824
124171
63971
33646
97650
378008
289864
92893
23291
38288
115779
73199
4531
167058
209831
7508
68341
101903
172629
180129
77876
104796
115996
237068
296787
23729
85609
174284
119634
28747
82235
150199
173270
236154
91673
221128
65281
9205
6959
16749
177331
115050
137545
533190
39790
114973
204708
154842
44067
65616
75508
104533
445004
158649
196729
95570
309021
57022
206192
88789
107248
142657
208796
356894
204142
125182
302873
225018
38610
385307
145429
224682
248597
9498
576602
206758
305756
716652
446871
40026
437836
507692
100519
45683
13841
65037
201480
116460
203760
558036
84183
45740
20745
11139
412208
12073
153094
140936
133340
103380
7707
179882
404322
374933
795294
95514
260016
416239
140137
45741
51543
407528
132583
32014
210426
56587
420827
9001
207559
92135
447017
355545
57322
29731
32161
40556
52261
343115
93572
254214
40535
51073
253505
347653
47731
164145
137060
34818
350359
50915
100160
77128
162134
134019
94326
39281
52706
158933
23511
79069
162661
341306
66875
153106
43581
203545
335951
62417
133062
284318
23438
49113
9952
76885
47705
161950
521107
353396
185297
62194
473890
169861
28925
26144
54189
73405
645123
88071
197083
32959
292428
161782
83957
167492
409657
391125
127389
40277
269622
10624
181629
257745
114701
339011
42754
82497
503088
37773
179147
126554
14259
516624
211620
173690
223670
234331
180782
401695
76096
319538
392887
211540
89597
337687
439987
114034
51529
108332
191344
387547
102574
29995
348897
153932
308039
280504
145163
105784
449676
305964
195227
64830
184107
487389
280819
189544
10569
130816
381974
135282
109343
127642
34045
146298
542039
237384
53121
74561
137067
429987
68041
405524
43444
412467
100370
50342
468902
348231
285467
50602
33420
92241
135912
11058
315120
16358
77398
110812
319691
60114
553710
137513
419941
326359
125435
438506
86538
48812
117783
57505
179848
91974
24387
335437
114678
278602
51110
92300
139001
25022
209652
137173
112882
196564
43290
155688
99563
120422
224751
70951
17484
419696
21549
79732
94020
350121
270086
126063
73413
48473
103887
466763
61962
166298
53449
44800
245150
224781
567558
64842
368729
272854
86127
174149
650495
278025
346751
142201
70897
11596
67491
368350
54766
166083
18803
110588
244264
58472
91124
27936
362418
199728
32557
537792
190805
310874
88404
192547
163133
134930
53181
227432
264343
282967
56843
173964
455643
356910
567880
138678
38888
291027
53050
68683
82677
82674
70675
129738
376520
269755
223018
64921
27700
314484
40649
136717
28553
95370
12694
64402
50823
157392
320784
18776
48635
170377
47557
86552
194526
178572
21110
109762
283187
419711
43572
19184
23738
390976
40599
187543
31174
117939
518626
269594
280372
85397
71817
623533
415766
206770
333928
239057
198224
93851
47171
117286
85420
507048
13766
134918
378733
66458
107594
161459
138203
36081
115505
357296
236079
487515
36230
93261
94103
32764
75360
232714
19876
121447
398749
62148
27594
270227
98155
109689
122262
276433
246326
182402
12600
87913
10879
36946
387252
141407
168700
152876
163094
117136
444719
37123
137908
239201
32389
306624
106381
69248
91930
68069
156313
71879
29718
55922
125173
64957
609466
119767
58127
25784
21663
420789
170473
108867
52444
331629
19794
52152
73554
29349
159679
85903
123557
59624
104026
198446
14689
149913
60012
68271
6700
50277
44452
187199
231581
32612
130459
105665
156533
133397
171048
26394
284192
474109
77275
127350
133947
120727
141644
14266
221012
242953
165726
252445
633627
4890
118914
276941
228643
221792
66007
517946
67370
282479
388751
75306
42601
260143
174800
491397
35773
142627
57480
160426
62798
235505
174452
165887
26788
764410
228828
105710
58057
30439
198457
529449
399082
52790
322017
46140
105683
50246
30589
975855
209142
324640
262098
128917
91443
95642
107837
460328
240654
168486
215077
25916
245531
103895
213960
617323
215578
54262
14437
112792
32170
115624
525811
121173
149228
37367
74078
201880
395934
677221
186499
293011
82877
189354
116921
71256
23329
381726
379184
68316
411427
114453
190212
82367
206992
974
11398
91461
67061
630458
87860
95618
522585
101006
100665
129644
290532
165559
317215
222915
270086
97976
181289
233268
45393
186467
11075
101739
142407
334754
111962
145118
197244
382379
133478
31990
52093
216485
131224
228462
237885
220469
22305
133283
196016
372073
57664
166432
18403
101684
187843
64020
198538
94282
641218
109068
56417
103927
347184
131921
55210
209655
35223
113771
19734
7789
175070
170085
148737
76961
594693
171984
144443
116705
7888
86384
153242
81411
146229
56961
104539
433074
58397
37474
57526
290541
424009
120958
288411
214198
368764
6387
133299
134829
125919
55261
114997
457578
136327
273109
268050
179574
89619
105358
85206
88827
199621
206878
186689
92735
101560
33513
22963
229281
76404
74982
23789
229023
199435
269806
135444
142690
125111
42168
31766
66041
23393
210010
62576
79442
86091
90867
138938
166175
18883
211481
273661
109090
12752
65471
251974
165000
53001
192122
123412
105451
116090
81040
97627
56561
232984
303164
123325
75911
55199
81527
572111
225395
145553
531216
132344
219815
215671
101351
37457
19836
481621
478902
62767
130666
278921
93978
181525
909734
89635
5984
106387
2132
191420
199692
190614
710678
177449
205375
38685
233702
103967
62081
398317
434400
386564
141822
176260
613276
15008
14017
30574
72320
117100
30679
181443
152761
26523
294321
169949
97307
163778
48017
104808
83150
435906
202562
56281
61306
120897
450712
151496
156596
84440
11912
225481
58364
62306
103031
37347
38909
101508
38848
310151
61201
77260
5404
134525
61005
593771
30541
417938
399954
41250
90897
462952
122643
273390
18417
206598
9912
161399
57960
83402
75477
44301
12498
125021
12567
160221
14941
19337
16490
30798
347276
401215
239152
69218
64549
192624
342952
98649
148364
97853
31693
235714
84769
375473
162326
35166
184893
264551
22259
50499
121835
154617
49428
218809
349530
203359
46638
189814
115343
255143
74100
261137
312825
83308
361964
100990
403101
239184
95067
58112
12958
47591
94446
296011
760160
200525
300182
159346
100095
261175
19536
191564
8483
181724
308265
23048
281200
55817
285624
83885
219887
285048
114916
172498
20767
63657
420567
76509
56218
71544
454029
113055
109199
73959
152975
18874
85198
366067
162374
151436
12962
214764
282308
37787
110689
25270
143915
97347
51507
404471
245775
403338
257626
93596
65973
408699
188316
82050
176960
30118
66431
106707
189377
80125
103387
437527
350594
19514
188635
423329
403432
256243
41756
41706
280923
59121
94303
377769
146363
183569
32943
119506
283846
152436
5702
236707
63152
343649
113884
94766
372830
82761
108475
115444
260770
48489
145359
60924
323430
72264
453218
25514
113171
83864
146073
16482
144083
184076
165011
164722
63900
128920
59376
154338
49293
43359
51890
132119
72320
221655
111827
335846
25948
571056
218835
13817
64409
51452
93323
343490
139234
324063
33644
128996
64084
75229
198981
310292
16395
59892
165422
140266
161958
13380
33153
33139
458349
25447
22469
13947
35367
645958
173789
111163
66319
79178
155439
29253
44458
344718
252663
92398
36163
25065
270855
192293
283522
167811
196680
23351
56766
79355
62170
17027
154484
223718
291227
19918
370295
249888
47136
313857
28914
456871
198129
89124
70542
367376
78550
148744
918295
130741
11142
396769
175834
175087
171776
146871
9177
102746
128181
82826
233983
171478
303530
158060
169714
94159
38229
253630
340961
75950
230726
524510
205496
84228
243621
88544
396057
78657
31259
188877
183397
57919
76063
161785
205669
169735
4765
90323
146068
146141
27825
109535
106637
572931
489430
181079
232301
23647
123105
46191
69401
102296
181481
28203
88293
128921
67628
35293
292867
37534
12582
201627
98593
29982
74741
243682
33448
26061
29403
333474
39543
430203
481847
31204
594752
155779
295537
47856
254282
147972
86911
273663
256818
140812
191497
96610
73256
189653
138712
82587
320752
137258
37750
337404
62477
166827
37098
334411
128435
77372
42791
163454
196566
105084
326353
36411
26041
90055
374420
145782
108450
300659
58708
102375
18717
220127
88050
17137
93553
661733
96550
379204
64359
83772
356863
50725
190621
194765
72377
50098
59949
347650
296384
492838
179616
35417
89359
266125
206867
137681
400595
440199
74158
418825
292071
251403
579144
64245
255123
48105
161745
46318
19842
268676
150843
455970
72730
114524
11496
282336
108348
214970
171740
130096
121375
113790
15129
164013
320425
33885
53527
89845
31549
647952
49255
76632
167677
360492
85387
9432
1041668
283542
681462
118311
40340
56090
90951
530886
31314
179727
115992
20640
654982
619682
187344
639761
107924
127449
17076
93504
312428
703575
263719
28791
3359
73572
89780
72596
61466
20185
250422
870706
382183
69755
197675
63091
295432
78435
323472
72234
132207
355810
156486
109566
32539
97642
370781
182101
242169
94776
214256
104809
153431
426302
109327
62823
142688
43062
170768
167434
48233
86114
154992
338275
112353
91183
52583
127168
311215
68358
556610
28821
133707
134703
18787
32190
366369
170800
99631
59335
76289
53842
254437
2101
81780
138359
56426
79841
197240
87215
95692
89404
139488
102254
143444
32689
24477
93116
179783
254798
231618
28030
66772
524552
433342
181212
539511
236060
124768
62611
318806
68263
18723
13881
393020
43677
404860
2839
91306
651497
245962
256177
56288
408956
112857
534088
386483
255597
90237
62172
247281
134519
34630
108323
440847
135602
26560
145308
193243
392887
107948
51460
13730
95593
108610
287183
223790
68780
96884
145622
311116
150140
141497
119394
263593
158644
247544
273226
152504
151480
44723
80299
187017
342987
173100
405425
113977
192056
88399
287207
51154
216448
33154
99931
174919
272655
191590
107908
92541
280293
100841
40049
20445
84834
51799
57897
119778
134124
44155
596841
104150
75799
41964
354358
885412
141515
52802
47733
77280
63438
261563
173533
115156
528949
349584
40459
108882
170084
30531
87533
247899
113450
140010
204906
50405
216408
173454
337035
28842
144526
51372
216393
229365
22722
111033
47759
162301
23485
412466
341402
136977
25527
27045
85994
77005
209009
144190
173289
126090
311384
51716
67114
39194
243984
200778
452608
133951
228757
65422
23081
405590
314069
533405
164781
132525
189620
54179
440003
60810
12168
586574
50372
27967
337867
152296
17501
83047
197526
56441
122322
210879
221264
35264
50833
97721
202447
132505
22127
5114
112401
67269
99208
66775
536133
148198
245516
264647
149791
134825
159999
66163
48514
295024
44244
29954
117149
584197
31429
12030
342763
174150
75294
126566
48935
351830
26547
115088
335950
123740
31843
468249
172896
244921
126121
42547
79092
278683
39365
343269
91852
69024
195194
26137
97392
100425
23503
324580
100680
52243
426677
92736
197441
200503
109540
265918
46646
116826
11647
81519
216432
96983
110297
149733
217168
159541
194720
94836
144978
161488
69523
148929
288270
62941
240110
212117
108277
82314
371428
40228
132103
88619
196492
232374
285371
275111
123881
175348
28975
32097
297511
30021
115897
334604
78233
162001
59723
237647
35522
18515
70422
474556
45408
64332
542003
55871
84517
39841
72253
38965
61706
33232
324066
108283
189291
459156
247033
260353
69065
90699
54518
35531
311053
102705
120402
328612
133225
159876
95094
96337
301528
141473
312066
57761
237016
18630
44596
57774
71653
58730
185275
126693
49642
227648
235903
45275
394066
47636
429733
204709
198363
74217
96711
64315
56825
183152
27745
218716
9383
176598
123849
203153
564428
105722
100359
196265
235926
248049
158622
45281
410897
488581
527348
4936
44103
47100
148980
59089
47600
45759
231731
128638
77670
462060
26299
421578
40841
369884
103785
99027
572990
74254
505467
25436
90226
97223
35110
83980
77397
54253
99567
152789
91429
449503
89962
339622
182026
45518
75527
332678
39866
58770
57856
192306
391977
352468
104494
140462
36048
241153
146263
133953
171316
91773
145869
4683
167321
43758
74974
29568
60956
36461
20681
47292
31315
411407
79975
69480
234080
111296
106635
45963
25549
115620
44259
155300
219514
110558
11519
40885
449815
104410
750792
125941
213711
211829
167979
50232
50092
37167
217328
95001
209933
293331
19236
231441
55484
31753
42800
39181
33465
56403
93261
17315
10388
18994
40298
4836
10477
137462
172559
61635
72824
14901
38941
35734
130418
438790
283229
77967
244013
70767
654855
20714
205557
579676
28741
82454
307005
23243
119642
105960
22344
35162
230774
137846
393405
351859
55128
83413
371615
170103
139019
160776
86106
139121
51512
115017
235292
78084
242281
220827
302620
96609
103535
24722
110795
175278
692398
60200
43724
609555
36188
246178
127511
443506
205773
169899
26761
110707
51072
223232
145605
24705
211035
620613
168171
17134
62957
167715
169374
476798
97391
76920
299526
24859
39446
9856
181916
530401
57706
61457
20078
37846
138704
29174
25444
144539
44569
86644
63971
249044
71829
136472
16212
137609
5846
79630
51907
46141
66294
61730
17351
266779
8120
126616
90247
255511
35334
180811
171518
102765
119781
376255
32686
184437
53372
241293
99277
146545
42573
78049
249044
127862
251314
57732
25240
41643
876104
289911
49969
20657
32721
210000
1006940
41497
45305
222144
190769
239727
102499
171560
55779
182261
519823
77998
78558
653617
155700
280581
129774
191814
180335
30702
141921
135862
30287
102302
53829
176919
397542
45198
235705
122823
151528
4835
168928
151514
62326
159905
213151
128070
20642
21964
7196
145628
77118
45837
101829
28500
18455
368461
21667
87403
139385
144088
45542
95840
29552
37687
100628
14411
336667
359016
489623
44300
188775
185735
45221
260591
207282
103242
47714
389567
74962
72837
133195
51186
423419
153380
320127
123351
84188
87653
213502
86280
42730
292211
533079
280405
104524
79192
60776
37030
131011
54243
59447
133485
503919
159686
764474
13358
133517
61131
160025
278452
48193
93904
13036
31322
164460
536840
188081
234465
139440
122759
58487
91607
411440
316117
169593
377144
77801
57851
552878
138123
81448
491989
114203
317947
21101
303882
25953
104936
587473
48838
197041
42909
157912
133333
83030
45382
176934
115560
321893
50817
229124
420164
77200
84734
204033
113683
216746
311942
246687
317501
249119
74143
220436
125898
234973
266108
17033
57851
23550
22799
150572
302336
211910
19762
531723
53852
161022
41482
40310
138501
491430
460530
409392
90180
108070
21602
153662
198162
57986
456618
619906
253623
40497
61135
47237
276778
143372
19390
281342
89747
250686
472840
389947
102873
301871
92034
140208
103507
383860
151719
15281
316401
24976
234754
207628
242270
394468
151067
219328
51732
660916
77212
541344
235850
119124
155285
236157
9752
652756
115204
230208
103496
232853
221388
110072
92978
97597
12497
35181
178118
20766
282541
364791
142724
262962
13883
351930
322159
29361
223884
63122
44627
73933
197366
36318
199411
330698
41594
155740
147465
15196
168927
67794
60438
52114
155851
81919
88140
25016
69891
10465
500227
217006
43007
36075
209761
354545
98926
520718
363720
53930
364821
183376
119782
313426
20705
300614
48250
45570
20297
127829
110674
327419
215589
65677
56259
186758
80229
65786
409178
60199
216830
157851
60282
77370
403532
245861
286503
193030
143864
286337
207365
251451
228865
186662
491504
261482
234282
29314
12424
236899
176733
286382
38736
30405
83622
17107
245394
228101
60279
104525
136031
689272
167351
3883
91880
174747
119086
194654
39655
86480
61223
281377
13255
15947
85308
272934
196949
167834
344021
544456
111534
15617
81590
143855
55191
26784
147328
202058
56208
111374
195544
569258
63870
320063
84202
62962
271390
7288
64851
11948
228238
301912
154132
120600
382433
39288
195604
218206
22505
22677
35484
175360
192811
35392
95705
231608
44021
9646
108444
100681
127832
602593
56247
54284
149032
82686
305759
3642
39469
95272
96528
53553
25695
297217
114665
75233
28529
47503
230402
218110
156571
311203
74458
392530
311060
152746
625843
375578
102377
50660
274902
429104
725127
35063
143729
81197
53438
494967
60263
695135
165285
77668
427595
227814
99295
61533
447714
166746
135109
247573
347618
78214
99349
832487
103061
413130
17079
89459
136010
199077
54704
358568
119649
213211
86176
208010
187635
59184
219409
79412
270155
204518
133037
99284
78620
80921
174800
387848
63994
118041
711951
48521
5513
233585
208188
32454
75502
87638
251925
272745
160505
67521
95872
148036
66145
245747
24297
388545
45842
172608
109727
319912
77113
45801
407276
195566
45276
111617
101661
115688
373782
270823
134083
35451
22652
116643
230552
32187
20268
173906
74067
23958
55034
249657
435401
331181
272506
109671
62657
453739
40239
507818
217646
52270
94321
206341
37243
53429
432230
117356
257716
71851
374996
79152
120511
186743
173383
67027
364473
120811
48983
279687
169198
135400
72640
137406
72854
62101
361119
150913
588854
26735
74926
10043
217313
463478
253149
41217
100730
32146
289342
328241
139057
227007
207239
249507
419686
298941
93080
224441
44921
228386
31077
61158
614061
442175
85000
75657
324548
7133
16927
121781
99533
39903
75101
27625
233740
81056
128392
14886
66981
136338
233909
256872
58458
140122
218189
77718
137312
74858
288575
8661
164973
121076
220142
12232
144367
19923
61711
417946
95351
77017
198215
80794
260213
125268
380689
136479
20316
99279
206195
236509
112150
210708
118502
110217
88405
113613
383190
64061
613638
539806
146953
214043
27637
138874
28565
392768
212881
355299
164384
55601
88673
188210
71676
41339
120662
56610
412017
26916
329216
105216
307115
65237
233355
88358
31451
334473
177419
244283
25732
159472
166310
42518
159888
257034
66319
90410
197048
39353
400406
178096
130220
17432
277038
180553
483278
105630
311273
42198
335002
158260
126416
365069
92234
8209
282055
23349
25035
31724
146571
17660
2674
91110
80400
119091
484196
98287
76336
42233
334739
68726
218678
80833
24778
214434
205514
203887
87471
230115
45620
55734
58050
738084
61630
80153
357028
280480
147362
47907
74879
209001
69028
459718
73667
27688
200114
258541
175973
350473
58389
85196
298872
243971
50097
312414
33485
321339
68619
208531
268050
159758
31559
190378
84149
385008
83434
186146
293627
84325
89215
196823
284740
123145
97964
70982
249168
26911
132197
79888
650177
151813
24950
324721
495045
55363
122832
155706
181493
178327
6463
206914
127324
361497
234651
14737
10094
333658
52566
296109
25107
59446
116199
61466
95229
209063
342722
18994
192298
52522
633289
43594
158996
72067
34157
379918
59400
336027
145367
38131
335474
98814
313395
431164
525597
94331
84491
46847
152783
184338
9870
55482
25290
369222
115715
36723
529832
367906
10274
519563
45924
78407
216112
137869
88244
14976
333335
57547
129409
45165
156556
631555
19941
141624
97246
9593
10182
93330
46285
349688
39188
665938
121356
94036
272744
65754
118750
87419
299812
100907
185176
49062
462795
109037
202447
21942
129122
456368
611914
45992
47345
328659
20161
287548
49899
250956
243810
160834
18751
151917
157704
154699
197938
70001
57835
199346
239038
85946
106734
236105
50652
63336
69195
196124
83658
91641
48830
302700
142130
13527
35521
207993
35873
233182
734483
58460
119599
165241
140633
189055
94691
389094
185310
83283
145039
61165
167847
117871
251370
121113
76241
71921
61896
245979
529677
74382
106569
31214
31669
62749
161434
91851
226620
17376
11162
266590
75527
441174
192891
204914
265418
48048
203936
51081
104666
57562
22734
277170
32837
288594
201080
13928
155669
83286
206794
169436
162646
33231
53722
136869
17762
138579
115052
55993
38656
146124
136292
61702
37005
164403
297170
810993
346158
120406
333829
50140
81093
298340
69264
149156
269308
335407
81964
675746
101678
28002
166051
111420
148731
110320
426407
192761
35268
6223
176127
30299
281534
283044
353449
193476
69000
4196
155860
144832
56964
296686
308553
119770
155434
188308
607799
19424
247465
28212
220575
203480
108297
215317
190104
340185
44140
345749
225137
297833
147220
503951
96883
560469
71103
73447
265120
184385
328003
33130
437546
84481
56210
140624
68954
181054
292828
98349
13136
50535
190142
25937
153925
97147
66676
3639
348686
20758
193127
99491
50650
115385
140593
645356
195087
69518
338817
71993
287123
47280
796360
120768
119709
9625
208817
193694
277188
318385
384568
314673
218932
252642
156305
522758
725388
74438
28047
345845
133354
213587
42429
170382
108188
151246
174403
25517
17170
203565
300575
205607
168652
106712
149448
43205
4560
176667
107947
17892
120256
290213
226045
289416
154994
196658
61700
331698
41576
56693
172714
69022
272984
189426
99376
516087
149071
83165
106307
28542
100973
51963
117311
40491
8168
147708
211619
253743
248774
528746
78438
166984
210838
252498
81418
75410
57344
500275
84721
126312
204444
120993
34081
211867
80549
8083
66843
426642
92980
124736
99734
134201
131790
28679
148250
176052
54815
107816
69914
4968
75509
210301
17706
74987
31431
241235
139785
41015
466069
114817
135686
525185
35605
22540
168748
56931
23403
597114
196508
297567
261689
234937
306168
55899
199590
59877
132979
105057
10730
47614
52927
400757
135617
352729
24778
519434
89475
226124
1912
248251
97142
42065
185687
227472
365915
32778
296101
64185
54103
310941
199350
114454
154275
566803
64909
92164
321741
93783
44909
699567
94961
49997
143390
20889
60664
46182
11129
157202
20694
204807
178150
567433
491631
112175
62382
108055
41283
175186
44609
152891
99560
24922
58650
182133
61362
2645
232723
480280
45061
110574
171551
40206
534696
572569
117287
123060
313932
370165
19086
135034
619056
34543
75798
65388
195888
18816
63472
111507
489845
261773
315810
115632
168229
142584
114437
137948
33754
168552
18331
48632
351848
209545
49809
121813
42510
68981
218387
109898
94323
240480
198356
182605
421551
230308
51919
167708
128261
83342
64833
124132
597941
61719
137909
71328
27130
185193
175212
94624
96601
127969
129275
282986
210089
259405
474429
115871
538235
182699
29612
6651
178841
191117
45888
88307
71245
124690
123096
115831
103212
92815
235806
229374
482901
536809
90138
66737
50765
207332
274971
168575
319978
122819
57728
195788
20742
49723
144042
610180
286896
173186
187748
138071
222156
141290
86888
43926
135376
106784
34903
172018
35404
16573
49239
137599
178359
49639
274600
61839
582197
172394
126002
302273
110958
323947
116014
65951
38424
64686
58951
126355
72278
78973
304860
134319
154148
30319
26734
330205
284722
138851
45005
601348
159947
238044
85510
136788
102846
21896
108350
372777
172269
119614
154047
131913
349358
90398
62454
112671
35566
130855
401073
27301
12192
215165
113315
98394
79708
11739
182496
9377
42797
156461
96659
8603
36947
160630
19355
189703
62363
114999
72959
46524
123027
184989
221395
26313
43033
39470
43472
369066
58789
253705
51477
83633
120742
11220
145953
144295
421412
175966
53451
161147
40414
255415
98189
50634
40210
20556
452355
94856
135976
140571
140439
106457
12470
66177
142739
255160
244430
75743
119278
210912
74814
87653
348786
111393
91016
76230
96630
285563
409397
347178
46830
191233
387992
183439
476854
125939
20797
218142
246045
137327
71313
148115
129996
43902
92754
124587
149631
356282
47922
79782
142115
664167
85765
59255
93711
43618
24450
70417
639710
126414
68753
222296
24430
82459
64118
363415
99534
308192
47065
443930