1726
2104
358
623
5864
1795
738
534
1561
1580
2451
622
718
361
1564
764
4670
2721
1779
412
3846
1224
2365
6516
538
1407
2037
2873
890
696
538
761
1347
759
259
771
1227
828
2201
816
2783
319
1237
8632
1408
1329
727
1848
5001
2603
2206
2244
1873
822
1116
1653
2937
3310
5459
2128
10957
2986
643
1332
736
1416
3278
1293
3392
2208
462
811
2470
1582
481
2528
3956
1680
682
888
282
606
1255
1809
1287
233
662
2312
317
1190
433
1916
1083
579
887
3984
292
551
1556
2688
843
1209
967
1974
2329
398
164
856
1824
890
1037
4960
777
757
300
668
1047
1534
1104
990
432
1009
5576
2430
903
1334
647
445
379
815
1474
2724
1192
6518
2290
1310
1052
3762
698
435
1304
2284
310
1045
1495
960
2882
10303
2014
877
762
1112
903
2756
3870
1246
162
1040
1146
1250
1440
2803
829
1028
963
2424
701
365
273
336
1359
1677
2181
4190
1336
5031
3314
3765
238
12087
1490
2245
1214
511
336
2638
958
1112
479
6494
2244
6037
1122
1286
669
125
402
407
276
714
1087
1332
2053
1746
706
1016
596
641
1147
474
1119
783
868
535
11787
2717
1507
913
369
391
3665
1145
1802
2142
1474
2864
4824
3442
768
1375
247
4965
1386
819
1596
2867
980
1324
891
828
1178
1584
7443
1515
3724
1701
826
1373
773
1993
1072
324
3321
684
598
296
475
676
5793
3378
3305
850
1206
774
1425
1089
1247
723
1976
4103
3691
3560
7331
219
642
2297
2008
472
378
761
7010
4722
11134
500
499
1496
4018
680
1491
1157
1183
2204
2188
2981
2433
3316
3112
870
144
2865
279
1900
389
3252
672
2480
1645
119
1100
4274
1157
795
6608
550
448
3328
2531
1163
1698
406
951
1400
1263
7072
611
5064
601
5065
419
1550
982
1756
1320
986
1094
1599
752
416
291
597
403
1466
1495
1887
1550
1115
822
1509
691
2314
1614
177
1094
397
951
951
462
1865
9577
1715
1520
2039
969
5049
3692
6240
524
825
695
1735
1033
2083
2587
327
1680
2701
3913
3299
4076
1229
515
1198
2447
895
261
2841
2005
918
1932
1032
746
3945
712
583
1510
1116
261
2849
1406
1128
1965
3999
5560
2478
278
839
2463
1361
980
610
3855
564
283
751
2559
519
5086
951
2193
9248
1170
1448
965
2722
3397
2911
840
3026
1503
3018
507
1690
475
2248
738
2013
4924
2979
4062
2663
770
4394
611
915
547
1876
986
496
593
1293
2413
2521
4207
569
3663
422
5487
490
3061
605
1986
349
583
269
997
2969
3000
3472
1978
776
2735
1362
3596
7111
1005
2761
2129
2435
1664
1572
2274
736
475
179
1870
1386
352
4543
2050
2329
873
2911
1686
790
2796
2671
1484
1079
2062
519
744
4180
1795
2046
8316
2017
929
2378
654
448
1002
1548
4605
1919
245
3281
756
290
7771
2193
2551
1367
2076
507
1733
1299
3865
1781
1913
2707
6893
1504
1600
1640
465
1640
1012
755
590
1197
418
494
1325
1212
2227
627
640
3738
4150
861
353
1079
1703
1054
1205
1934
511
450
1277
5366
2097
1169
1200
638
421
1135
538
5231
495
435
6002
5203
1893
691
2005
557
1569
1284
1662
434
1772
1348
500
962
846
5661
3962
773
611
888
257
1935
1201
854
870
1138
2791
4341
2445
1755
2507
261
1355
651
1559
554
2374
1424
886
590
940
738
1558
352
1321
1384
1429
1629
1403
2580
4139
1899
1316
1859
385
225
640
699
1426
956
2633
677
7198
1131
1808
1238
4272
1686
817
1218
4525
1657
942
598
2706
860
3242
1231
1835
2402
1256
314
571
341
3593
2108
1832
8178
1628
563
2392
362
1993
1904
3286
457
2851
822
2324
1824
648
1748
944
3333
3380
2376
2544
856
1089
737
1071
1420
2585
551
536
2321
869
4156
2338
5616
3674
863
2966
2654
1936
632
3850
4841
7674
809
794
2482
2576
308
1090
805
3503
406
7099
549
2494
3386
3073
3473
3474
471
1329
2245
516
728
633
491
2130
310
855
2915
1145
1984
3858
2594
4687
2831
1628
2804
1012
1175
2820
1709
1676
489
2621
1004
2607
885
675
2394
1545
1659
827
4142
740
1046
926
1918
15809
4531
577
1052
1441
3849
2937
976
729
1671
548
431
7537
2908
736
598
853
1334
2082
3469
662
2126
6264
1831
2196
793
400
3994
2319
1030
948
4768
2158
773
295
1501
871
848
2211
240
943
1211
842
662
3002
3133
1627
3990
567
2025
418
2929
240
634
429
777
1102
551
5515
1498
6600
218
369
7824
1162
596
4130
663
1563
296
1190
720
150
4058
2052
467
433
796
1555
2012
1471
644
3107
739
709
1246
416
1063
1286
8999
354
4511
7039
1239
1679
3209
1404
2055
3312
563
1632
1027
4157
3991
474
2669
1263
2084
383
1220
1253
220
3072
1719
4297
275
342
4968
1563
5312
3140
1681
805
3608
4787
436
4644
2388
350
2627
522
339
1854
1142
2809
762
330
1461
994
5897
1300
3811
620
706
3054
1168
7556
5924
2143
3304
2723
731
901
7683
376
630
2557
5606
718
1631
826
3219
952
784
4757
1057
981
509
1935
11679
392
1264
569
1288
188
780
1372
357
1062
2153
641
1372
1392
3474
1161
1475
680
2454
1728
285
10487
484
3956
426
2212
1166
3169
2014
1319
5726
2570
4477
775
1073
2390
2101
2947
3132
520
1593
974
769
795
1451
519
680
1684
790
3560
916
2209
5101
1346
1124
1589
2120
1009
2693
947
269
296
759
785
2536
372
2271
1112
371
571
4720
761
401
1116
767
2173
1525
172
985
1751
3560
2792
5039
1059
1221
1262
1757
896
1641
632
1718
992
1002
2205
1008
564
1520
2852
4997
2013
1497
2226
1823
669
1982
2132
717
1869
615
408
6009
560
481
2311
4149
401
1591
2440
902
2131
1017
3043
718
2321
2420
767
5498
707
2535
5339
1433
3985
855
439
746
1207
2966
5481
1366
954
1526
3693
578
1347
4737
675
842
3073
1092
608
2915
1002
1655
1392
2438
734
914
3145
1230
1373
516
5834
1577
985
406
542
697
645
1869
453
2172
1467
940
1499
1313
786
787
2535
711
513
1811
2648
646
3957
1441
1038
729
2902
282
780
1483
1444
2850
425
1643
1211
6038
4921
504
1041
5025
6593
3693
982
3030
1469
765
3158
862
188
294
314
4485
2716
1672
475
2189
397
698
1624
1385
655
1954
1413
1008
789
451
4498
3880
1901
6630
436
308
520
1755
4858
1217
1879
5809
2010
1649
892
8485
7670
1399
1944
1134
3382
1328
2198
308
573
3498
970
8031
856
4812
2258
4531
875
2270
1423
1425
5918
494
2785
1163
4330
2566
1634
1743
444
1607
823
2592
4323
7070
762
1341
543
10214
4011
2469
2849
437
449
3430
504
2524
1383
828
2206
6798
307
1723
705
2428
701
5081
552
3487
984
337
3179
2910
644
743
1813
502
1031
638
2468
410
618
2719
2064
1158
2182
231
3516
2255
3586
937
616
3758
4719
1368
774
1468
927
1631
6534
857
399
4426
745
5036
620
2297
1868
1493
917
695
418
3242
1061
3303
392
878
778
1836
1033
839
350
676
1126
1006
1156
4063
245
3019
745
1068
974
1667
1135
400
2330
1183
1415
2544
581
911
315
1519
925
268
377
1464
4540
2772
1561
4996
184
4780
1900
498
272
714
3071
2946
270
2831
1193
2180
495
1157
1038
2245
1633
1305
799
4006
579
529
428
3662
4271
793
3856
2093
856
3157
1223
1294
338
756
919
6288
4377
1711
2848
877
952
512
3599
1081
2101
914
1407
3344
787
4508
631
2737
2918
1862
455
816
1581
435
1660
1334
1544
913
2831
431
1220
2708
1394
1626
387
1546
2679
4435
643
2091
1316
2718
225
6956
1387
779
991
828
674
1686
1454
831
3746
1040
8518
680
264
1177
2200
483
3123
1154
1505
1575
2391
3167
2410
1405
1009
1401
512
882
2453
1194
6216
743
1002
1269
4570
969
5360
5554
1135
3101
788
653
7268
380
5629
1250
633
1971
1874
1994
249
3162
4455
1460
1904
817
480
6254
1186
754
3066
6699
5315
641
413
577
761
2151
8600
289
1468
675
3383
6902
2067
781
2726
10907
3845
729
5209
2384
517
8435
2053
841
597
1728
4767
3961
6109
965
557
599
1958
1564
1024
1709
1261
1053
2555
738
3300
3088
1010
467
1836
989
2006
1450
395
6270
377
1935
3516
901
1569
1668
391
1885
988
2450
611
411
6555
1391
1220
279
1063
644
486
2111
778
2334
1415
2887
2528
4118
344
1671
4137
7952
3220
3151
1690
3418
3806
4103
1033
2477
1216
2314
2306
1850
1866
924
3205
945
1451
4729
808
1092
1154
626
313
1876
2802
1559
1547
998
1237
1912
1015
784
454
3225
2168
1761
560
1001
4741
830
1630
1227
897
4875
2378
4356
781
4587
1054
875
798
1074
3406
910
1941
738
382
2538
1451
634
4034
355
3937
359
723
337
713
1533
1170
420
964
247
3553
5488
7141
1749
4478
280
3395
2341
3081
4906
1071
1423
2478
2495
2246
1708
3220
6065
689
2914
2651
1589
608
650
1780
1185
2249
574
1070
878
2012
1482
2762
1484
2989
2625
783
1932
3634
2189
702
1710
924
616
709
1140
1114
2344
1575
5175
1729
1368
4408
388
402
3727
9960
10011
3703
5450
2882
4133
2746
313
576
1654
717
1817
553
1268
5842
952
367
334
439
2879
1771
1561
1496
1077
3777
695
508
1062
3376
2471
2604
3047
955
205
6719
2809
866
2456
1888
938
1528
6108
2351
1517
8725
2231
8451
1453
2671
2861
779
2872
1101
2309
722
931
2128
3222
1846
210
684
636
1132
1005
1811
2696
3169
797
1126
1989
1221
1151
858
2221
1141
1174
466
4660
553
1621
522
975
1658
1047
547
1545
1428
700
7285
750
3616
578
2681
774
2075
1723
792
1207
477
4619
551
3979
1074
497
4045
4852
1402
517
1666
850
1489
324
408
3171
1111
1082
5621
4124
989
3087
1058
1217
1076
852
293
2472
1088
490
2892
1364
694
372
651
929
790
5011
3169
1665
824
5445
1275
3004
13931
448
836
255
2495
320
1544
5149
6362
1174
1076
3710
1799
1646
1143
344
3148
2083
958
785
2749
2069
668
792
742
4933
1401
3406
2120
5864
512
341
566
1651
1252
693
2316
5577
2054
1471
2806
253
682
453
2970
2499
1088
3122
3614
1698
363
593
6230
1354
2352
1227
811
1267
915
1433
2378
2944
1255
2926
543
310
571
2106
3277
2327
1161
847
576
10601
1509
955
2464
858
931
349
3055
1191
696
1581
1440
1108
994
623
1060
6106
335
1440
729
1604
3019
1484
467
4661
1202
283
2231
2042
340
1898
1684
5071
2792
1132
1842
1298
1308
2162
2227
644
2061
784
1137
256
458
5445
899
4604
2874
1773
1930
779
1459
2488
1455
569
1191
228
900
791
826
1548
1022
1118
5546
3489
865
3561
1201
222
6553
1723
1853
987
1701
2881
6902
2012
2062
2476
1441
469
777
383
1804
682
560
592
998
403
4707
6126
760
3685
1800
277
920
774
2286
1385
704
4585
2314
2294
589
1381
337
516
286
1543
186
1818
285
1200
1774
429
7723
418
6032
1526
2524
1633
1435
545
1844
9010
369
1279
1323
1225
218
2102
917
2105
2996
2691
3625
6176
424
7461
1092
2155
469
687
437
778
415
482
1059
3296
1788
6655
250
2678
628
1280
2028
5121
312
1271
1347
1099
298
1181
995
946
1216
4983
3533
403
1686
1422
5934
950
4579
950
1384
334
2096
1654
4386
1925
1051
1197
604
1380
434
489
342
532
1322
858
517
2793
334
757
414
147
537
1666
2586
3167
530
9345
1502
1823
1579
1645
633
4129
265
516
1352
841
3451
855
1723
639
372
5229
2813
1883
755
3006
2377
6886
3006
1644
3986
922
1387
2568
1748
1224
3493
6406
422
902
5668
803
1905
2945
1994
1509
498
2634
529
5134
3252
118
890
784
1941
3968
2024
2130
842
1698
896
658
5122
634
529
4300
256
1245
979
694
584
5594
2528
1882
2330
1501
3577
1223
3028
734
1432
2312
1902
306
268
851
1054
303
502
313
612
5422
932
701
2437
2801
908
1629
1206
1032
4954
2149
209
295
2039
231
500
1267
5579
3052
1062
465
439
755
314
707
597
934
1818
423
1199
2368
3561
744
2861
1349
4491
4103
2434
7674
1770
3005
1876
1132
1570
875
1308
1379
247
3120
1226
3282
1791
2941
209
1745
2990
872
480
1630
1095
1878
1215
3354
2825
2784
3177
4128
3690
902
344
2466
1253
1139
6715
1483
1606
733
885
236
5118
826
532
895
1532
561
985
2297
4062
382
1195
1607
400
2573
835
542
980
1197
4721
1009
2171
3261
1091
2527
3566
2023
1171
777
1725
623
1553
2574
3460
817
2164
2124
319
671
245
1807
529
5635
362
1152
1173
1509
293
3744
4399
417
887
894
587
1582
2590
1915
618
2604
348
2252
1671
668
1955
2396
10689
3771
466
469
2622
157
1265
449
332
239
1430
5177
3111
467
391
1464
853
469
3430
2125
1889
879
1249
834
1165
2862
269
1417
1308
6420
2450
776
256
967
2694
1618
2207
3281
3052
443
1331
541
4368
1738
973
6836
2318
354
771
2517
1097
335
396
3262
602
1435
3279
3418
10065
802
597
3709
297
1598
1711
753
1803
1123
7133
1821
1594
579
1225
4016
1180
1875
2066
624
777
1032
1612
1880
441
1531
402
601
1540
197
359
555
1269
2748
4013
934
1670
2956
557
5832
207
937
1398
740
1190
2999
2410
1749
4681
8006
773
900
1816
2861
1807
360
1171
558
1390
470
3670
4819
930
508
1926
3469
393
255
2644
1808
1295
815
589
1937
825
1866
655
651
393
2528
2006
475
4446
969
1440
598
3150
2462
1164
4548
699
3984
563
6912
8031
1677
1570
1176
549
2272
500
2476
3016
1335
2065
1196
391
718
2194
950
3575
1073
2145
1172
241
6591
570
443
1304
480
295
913
777
5554
290
797
888
744
1672
427
828
349
4516
3313
5239
1236
2005
332
4623
880
1394
1120
2460
336
2770
826
3958
803
2892
351
636
5587
2324
2917
1441
1070
1609
2301
2416
933
1243
1926
1915
4640
5272
4236
1121
2425
2395
608
1510
1253
399
2525
479
336
379
6206
1356
3644
1121
2040
228
2864
335
3703
1213
919
2341
7874
4091
523
1027
4595
1526
627
212
972
385
1256
1300
1860
624
4460
2796
427
2549
642
983
1115
688
2454
455
1413
1210
1983
893
1938
3021
1160
2831
2945
584
567
1163
647
12808
3523
331
2162
8824
2344
2141
639
169
421
2911
1454
1718
1019
254
759
917
1652
917
839
701
1464
2178
312
2779
1570
1783
1715
2602
463
1123
1216
4153
1075
373
513
570
1991
3910
1106
1022
1310
3962
3624
475
1010
294
609
1200
1221
910
2163
2053
755
1811
3053
783
3456
3074
1813
205
894
784
2393
7111
2561
3431
638
2651
820
884
388
331
1969
917
1471
2575
3177
123
786
1212
1341
2444
575
2247
632
1568
1284
1605
3422
391
378
866
2342
788
1821
3404
743
1199
2713
1700
10765
1441
1789
816
2454
1534
5589
468
642
1167
1028
636
1532
2893
879
1384
4556
1648
399
1762
1444
1169
4551
2848
2331
808
879
4261
1148
1341
953
2157
418
3918
1288
1567
2615
6658
470
605
2506
1003
1762
945
186
1147
1738
869
591
1054
1408
438
1591
468
1379
3094
557
1001
2756
963
575
1696
1007
2249
775
796
296
531
1250
641
1126
7715
1233
3607
2751
1162
320
7681
859
361
460
1070
897
708
738
428
2413
1975
207
1486
665
4769
290
615
4984
1129
7907
712
2397
605
1753
3162
1424
4900
3628
1492
608
1702
396
1680
5534
4155
4378
1298
1096
764
1302
2142
427
1634
654
213
2357
1734
895
1115
1595
392
4521
453
536
1792
6985
1303
2104
4121
2820
617
344
10284
258
627
1776
284
5099
359
626
1111
1458
820
1318
2855
3223
1000
297
8129
4419
5655
297
369
3517
1991
366
962
5868
1107
786
2423
1443
793
1232
653
625
4266
2414
3259
601
1283
600
649
481
2879
412
252
1441
831
4923
1279
3158
1481
1292
1172
275
4329
3343
811
2750
4158
2593
3077
3599
696
275
4008
1545
297
2742
1429
6392
3676
664
1113
307
3543
1944
813
405
572
2426
2380
473
1033
784
250
1400
735
1668
5510
837
4368
1015
628
847
2050
416
4113
857
2313
852
1321
313
1274
1298
1776
5816
4274
1523
467
3132
634
601
2061
316
1889
1983
1254
329
1130
2643
775
1600
345
1742
542
1481
6343
352
3001
1382
3722
651
4794
1295
6702
751
2218
876
922
404
2253
1036
4339
598
2921
320
667
3096
1682
597
563
4234
378
2925
1373
2875
2157
712
522
141
962
3092
2708
1056
4239
1036
2316
2271
1649
3700
5363
5132
732
5952
985
1265
628
1505
2002
2805
488
1137
906
3956
557
736
1978
1710
812
1697
5691
4548
2818
1404
776
389
975
1157
939
1697
422
1272
2246
604
704
531
654
559
1026
642
406
892
1248
816
1292
1295
468
1685
2532
625
1788
1010
1304
624
989
486
3163
2064
3277
8236
254
475
4716
8376
1200
706
389
2413
473
2204
1438
6369
615
5195
2126
573
1078
500
780
3097
626
538
460
1559
1605
577
3844
959
2773
4008
999
238
3009
1022
2253
1213
831
338
601
1486
502
1007
1943
343
1548
6472
836
5543
715
639
841
1970
894
1391
1006
5358
472
1282
703
626
1065
3712
1871
2323
2134
847
7550
3810
6942
1652
3472
170
1304
1376
2123
3182
3741
3684
896
1694
388
5598
2761
4186
2247
791
1372
2420
3064
767
632
1825
730
479
3490
822
2403
2890
649
1553
6014
1320
2637
976
1656
5788
401
599
5109
327
2019
1176
573
399
1757
856
627
2476
1518
2859
1016
1206
540
1232
411
1305
1726
891
2052
940
3454
1508
2294
2191
1185
1764
4983
554
804
284
2088
1070
333
680
7531
1736
1016
1359
621
2280
5975
630
683
1366
1629
491
559
6876
807
3573
650
2000
3539
564
2693
3531
615
3519
1127
801
3560
1848
4181
2499
2176
755
1102
5273
334
3694
2171
5655
7416
633
1891
4151
1201
857
744
1805
337
6320
5710
1432
2112
816
251
5122
495
1879
1599
4477
1995
1012
2766
964
1053
1646
2314
1320
758
14386
2700
1267
982
827
3230
2015
1019
620
644
417
332
1864
850
1517
520
1120
6685
1797
380
763
752
662
265
284
214
357
992
1376
202
2677
348
491
426
2585
1220
998
418
5496
1397
468
422
1070
882
781
3002
598
2776
1925
2908
1911
1444
514
891
2651
1202
2809
1111
4426
628
1323
758
994
877
5613
296
2125
4885
857
2138
1023
3669
4214
4603
466
3600
2384
1860
765
5063
1115
849
733
1083
1078
2224
1227
2994
2087
886
540
853
703
4768
1278
501
1196
437
2014
1255
3046
1725
710
608
1474
966
1307
1541
4844
949
957
436
1632
495
402
1278
1580
733
1544
335
2282
1346
928
408
3186
1049
1213
4242
1857
607
980
521
4955
1376
2745
577
458
1088
682
592
661
593
556
489
1203
1023
5839
453
456
5096
770
730
816
3067
1780
1541
3981
731
1033
1329
850
342
435
7584
1435
3072
576
1224
431
5439
599
570
494
2358
1337
919
1152
3687
324
1807
2608
2237
1342
4580
2901
342
1037
7955
524
3270
1561
553
1309
915
812
718
600
3072
961
1641
1998
1464
946
320
750
4428
1901
412
933
504
1281
1773
1369
2003
1969
548
1830
438
3558
369
1220
2498
1370
1081
3209
1100
667
3964
1639
914
1255
3723
2622
747
2740
1159
382
2880
3038
1904
691
899
229
351
641
1251
4027
725
999
3231
3432
1156
1753
1835
301
1172
2156
1456
2776
2277
4021
304
6385
2339
833
1813
3049
1204
2562
3325
1483
1290
3235
2040
4028
1065
415
658
1258
641
409
679
317
683
2296
1731
866
1940
491
3326
2585
3138
1163
3565
615
389
1728
1990
8774
7028
1902
3687
427
888
1100
1044
9276
216
2299
4656
1196
1938
950
1639
1833
2452
408
691
2539
2721
1426
1154
1019
2097
3357
465
1227
3679
1692
1285
520
4566
1392
1422
4568
1345
1797
678
182
1994
197
1056
1765
3732
3333
1223
1711
1070
421
1264
608
1153
840
1909
580
1017
742
1097
638
3319
1260
986
1211
727
1873
8239
4615
3205
967
2001
863
2712
2453
1009
3668
1744
4836
3017
281
423
7337
371
2304
1455
835
1380
267
1374
238
1008
709
478
1360
348
772
266
583
3851
1041
332
1689
1021
2149
503
1867
211
2096
216
2241
989
4563
2188
1834
5101
2028
1043
4177
1758
2759
2501
958
505
1981
1177
587
2229
471
427
1258
496
2649
734
603
1762
821
2007
3445
3544
579
1509
709
2201
580
2428
4830
1661
287
1659
970
3614
2981
2773
9189
1463
379
1784
399
4195
1105
3998
6354
2219
1515
3467
1838
2677
403
5239
1560
3628
1013
5145
1095
3930
753
486
217
1206
5614
742
1401
422
725
2354
354
4020
1770
727
2679
4925
326
1349
1890
1223
906
431
463
1569
4910
2033
7100
437
1289
2248
2678
7271
4481
2535
1350
991
1035
457
1461
5105
2228
667
510
2759
5129
3923
385
756
3706
1739
1683
1740
994
1697
1031
1700
4603
294
408
3036
2215
1406
2064
1501
418
126
1033
728
1842
490
2478
4227
2428
1242
5293
732
5958
1463
1270
1831
933
930
807
2388
1428
1408
2622
8311
394
6318
284
1039
1115
1511
912
3796
2733
1717
2213
602
3627
374
1589
1996
1808
918
3325
565
1353
3712
2530
5601
686
4519
411
3309
2403
637
3491
2105
902
334
832
337
1942
943
620
453
1704
701
1113
831
295
358
1180
1723
3480
2126
631
1588
3611
1404
3148
1385
912
2991
792
8783
5157
2758
4590
2062
5865
1550
478
598
508
2545
461
4862
2107
1702
4927
1939
6952
2498
2098
4332
261
2142
5196
925
503
541
1662
3202
2647
1104
1558
628
805
778
478
1120
3930
705
773
339
3914
3461
325
564
531
2975
4973
1332
468
5103
4236
993
592
3219
2685
10047
579
1243
1325
827
3134
1396
1857
674
1729
1526
633
1091
5715
2452
1492
2788
1690
839
2477
964
653
2449
1479
1216
460
272
972
1262
1700
363
11624
2409
1398
1198
4064
646
1033
1839
899
1379
1085
4515
1256
1533
425
664
894
1674
1197
1347
934
1297
3446
3614
1322
4195
2680
2066
1766
1383
2147
1213
1320
590
4368
1506
411
3987
1935
834
851
462
1041
650
281
557
520
927
589
513
2795
394
2067
2263
740
1968
1507
2586
608
1550
813
1295
1004
909
3223
2405
930
825
1446
211
1652
1407
486
6454
921
1748
5228
1159
3130
200
2257
550
888
1099
551
4140
679
4889
478
1036
941
314
842
4214
239
880
2115
5359
5262
745
921
5006
4933
4557
1479
995
967
281
2539
1568
1294
331
3793
1221
1286
465
547
387
607
879
671
3629
230
2869
4083
7545
2766
923
1527
855
1993
1975
2301
1003
817
557
211
980
2525
2997
501
1995
1103
992
1553
797
1214
1473
957
509
498
5734
806
950
1090
4953
912
5466
595
1613
714
4494
1934
371
1938
1226
1024
462
580
1892
1831
346
1207
1576
1000
475
680
901
621
1695
534
473
771
468
710
511
744
2692
1138
1001
429
2712
1006
826
1309
511
2825
2458
944
783
887
554
6841
777
2275
767
676
304
848
2192
609
1348
331
1891
1068
569
607
837
420
950
2017
738
3611
1900
1667
5040
492
1017
1185
1405
873
1673
1027
1356
641
862
1943
432
480
3526
2347
2067
2896
1073
599
3511
6078
5111
1665
1054
613
381
2711
982
916
875
672
3249
1881
2797
1187
1462
816
310
702
1308
7913
1600
929
961
315
2277
3879
1367
2224
4100
885
1037
593
774
3865
679
5009
7317
882
290
1575
6042
730
324
1246
705
697
1133
4996
1072
440
326
3459
578
370
2049
2947
3396
6610
2815
1091
2570
5080
3317
371
1237
4045
566
2126
3988
644
10017
1484
596
4537
2060
1522
2608
1521
356
1972
1164
1679
2124
1361
2471
909
2044
574
423
2878
1166
682
1034
2268
4491
2133
693
2868
3183
4364
1197
2621
982
600
4114
4970
2393
408
2590
244
1022
1547
1957
2275
2759
934
3766
779
504
6613
864
245
291
1860
877
1074
1193
390
1624
1583
2102
4724
899
706
556
326
3663
641
1728
1955
1401
690
278
1516
5999
848
376
1577
1340
850
1458
5563
5236
1760
4490
3744
1316
1503
3266
479
819
597
734
787
479
4558
3256
491
2240
1034
7388
1440
373
428
488
8072
5432
2341
834
304
453
740
5747
8295
308
836
5491
3044
2526
586
2400
873
1632
189
2322
4111
292
2348
665
710
6689
1360
1615
1340
6238
3071
881
1713
3369
1289
479
508
503
425
4878
5084
5836
15685
1454
1515
383
434
2093
1051
2706
1771
3974
1013
1058
467
1241
3326
460
398
5272
618
1272
3716
4428
563
627
456
2982
1196
794
4868
1548
3389
4668
579
1512
1828
2749
2018
761
1583
846
606
975
3868
874
487
1954
917
2809
647
6928
558
4051
1109
217
1806
1002
1341
1475
2872
769
839
3220
2566
6799
2658
4186
1192
3743
406
1088
2176
861
839
228
4388
1663
2416
2867
1418
1564
3889
986
394
583
848
9970
1139
874
414
3578
1801
1155
2830
1909
4539
1509
3380
3739
992
641
721
363
384
302
1980
1476
2424
1303
582
466
1130
1571
825
576
4043
476
478
3196
1610
2241
406
2462
377
1790
1494
6341
1626
9046
875
2165
1377
3547
948
259
676
2886
404
828
825
443
2466
217
346
3054
353
420
511
2605
786
774
938
1344
3040
1915
322
1700
236
1097
421
1305
953
1892
744
642
1683
7863
609
2175
2007
2441
976
3177
1786
500
3430
3257
480
1187
3091
2990
390
1975
771
718
1851
335
714
1668
1086
440
772
1650
676
884
660
811
497
884
1367
3559
544
1576
858
815
1384
1704
2959
923
1196
4401
3395
708
3427
2646
588
2607
6186
1286
929
3039
735
1986
768
816
1319
2591
674
1369
695
5123
2133
507
4130
1618
2316
1722
1860
764
1191
569
1137
1062
715
674
760
1435
1986
2094
416
1908
1208
308
4506
1961
442
1479
1403
4364
1202
1658
857
3043
800
719
781
978
453
871
390
704
4271
1999
9804
2041
762
620
820
1048
932
1141
1437
4176
1409
232
1421
3436
1255
3788
656
549
1089
1656
895
1056
541
3801
1145
1265
2546
1079
730
986
946
4545
2310
383
429
335
3561
1097
3672
1000
1230
1252
1429
1249
1467
2059
808
1158
806
2590
281
483
605
599
526
2029
2332
501
2101
4578
1597
1347
909
214
1612
2835
651
5068
267
196
492
756
2117
3300
297
1422
2255
390
462
1166
260
2234
6160
1424
4481
4298
1246
2212
2036
252
1932
1104
3332
474
233
881
598
5261
1443
5579
163
2128
4282
3194
5096
8720
511
793
1139
597
2250
4448
207
231
505
2664
966
485
5382
531
4234
1407
3608
276
155
1348
594
2382
1502
3100
397
808
239
1269
1780
572
2640
626
612
2176
1847
938
3200
3825
1047
3694
2390
1478
520
1868
2400
2679
996
1004
1132
1450
1595
1828
2627
4045
1842
1647
1861
6953
400
763
4891
590
891
565
561
1028
5012
963
3044
2188
213
2242
1519
559
775
3429
355
5268
1484
3062
2956
1195
2127
2233
691
1765
2316
478
2486
4108
1099
4074
672
1091
3603
1334
4059
403
1478
3637
1462
953
2052
1013
276
4264
1621
941
1117
2219
549
321
1016
3265
697
1944
459
498
493
1706
694
1150
1844
782
4606
1457
1479
230
951
376
2502
574
5481
2544
411
915
556
1064
468
1294
2013
905
405
864
8246
1277
11560
2550
4185
6485
989
5694
2260
240
1483
5082
4159
370
4116
632
1780
1339
939
884
4519
2995
3203
344
3173
973
398
2679
3525
793
1128
1130
545
2674
997
4415
1811
502
5018
508
2005
4867
2176
1235
989
743
490
4222
3489
1505
894
1682
1796
591
227
783
282
3576
5058
1428
1101
3903
678
376
1368
6782
444
1418
3110
599
2583
2620
1522
466
494
2680
2923
973
6134
504
739
1422
6858
2154
485
1683
1074
299
3905
5837
247
398
4583
1587
1942
159
945
2771
2205
4095
965
1325
367
2580
942
4542
1475
2064
1572
1003
209
436
4040
448
2729
646
3344
943
5923
591
2722
376
1217
1000
4466
772
4745
896
1322
913
679
1043
1626
501
862
1052
4312
3604
3360
1895
1495
4308
679
1441
2187
577
4843
2726
652
1238
737
851
498
1338
214
1614
1990
431
2602
1168
10098
585
2766
4149
867
1738
254
7728
1856
2157
930
623
7293
675
894
2544
369
1008
1043
3169
1118
729
2141
1525
2634
673
1200
4178
2644
3301
1193
669
1615
3034
557
2479
2874
494
2429
270
1785
5443
712
2669
931
1707
882
249
732
4494
7349
557
3504
3067
887
2853
1874
3766
566
5205
3145
3773
3752
344
1059
1226
717
883
1958
1394
1956
1452
2012
348
3689
602
2452
1105
1179
1215
818
910
1154
694
2210
1173
2714
322
1532
3691
3618
294
3886
2901
663
4226
1912
531
703
515
1469
448
599
2461
309
1188
736
2317
1551
622
552
680
2304
1050
2277
3541
1510
650
1884
1940
1647
4630
1871
494
1615
2508
390
1213
1650
3225
494
2522
1867
421
1415
951
2068
11075
530
4549
349
2473
1027
469
2483
959
9500
463
1189
2594
2139
320
758
476
2528
6010
608
1638
2292
1531
786
1326
626
630
2588
3080
1969
2574
6740
569
642
2390
2408
704
986
1115
1536
2784
2565
780
1221
1054
1770
3226
776
1426
639
3472
515
333
1367
535
4139
1158
2512
2417
721
1246
3447
4464
369
2848
805
430
3678
403
1691
2631
4789
663
3221
722
577
1243
4712
1897
1041
522
968
6960
1445
3713
199
1367
622
1644
830
314
866
1086
730
1973
3875
1479
1121
462
1108
525
1631
5641
473
5388
374
1347
849
2576
483
3845
357
4776
2127
607
632
1262
3399
244
485
1204
1719
2933
589
1037
432
653
3784
3746
3074
934
5150
1067
1396
127
1778
1232
4229
355
486
306
3648
7677
2232
328
497
628
3769
1018
535
2606
1301
934
1142
271
1779
848
5870
2016
3941
2587
2451
4774
1008
2648
518
773
1076
948
5530
3831
3122
430
2390
682
392
2968
6493
778
838
602
271
7261
1438
326
518
1378
1993
2664
3458
633
5392
437
588
1288
2595
1089
3506
10251
1135
3805
2674
482
2933
608
5535
2262
1726
473
843
610
2514
4339
884
1250
1992
1430
427
7800
1397
637
1618
8047
583
4884
526
410
4967
193
424
821
1653
222
5554
1187
1452
893
4843
631
2079
936
3599
403
4622
3018
151
3408
1218
1126
1233
3171
1194
1285
1221
804
550
252
665
783
1263
2842
5295
3095
798
1441
1053
1189
822
2132
482
2427
2014
289
3088
1205
873
3260
241
2469
219
2823
1446
2273
438
1263
4722
1158
3856
1651
1799
4284
1123
2146
1041
379
4639
1069
1636
3258
4841
725
5682
1862
382
915
1794
350
697
3850
689
1056
1279
1068
1321
696
530
5100
506
887
4608
3981
943
917
874
2689
589
586
1670
1467
758
529
1543
1059
1268
3379
615
988
1644
569
1649
1717
1733
1157
2519
359
329
1039
7093
3920
2857
3874
746
2771
646
601
4747
1254
3288
1757
5249
759
847
1334
624
5823
1695
3293
802
2214
1437
1831
1050
2859
1570
2805
923
1173
529
302
503
1431
1750
7011
443
895
598
1221
731
1317
357
2798
1369
1138
679
3077
980
4416
1330
2797
1521
2404
1266
716
2395
707
3081
746
673
394
423
2334
959
269
1302
413
1590
2148
3053
358
2063
720
8956
956
2797
3075
610
403
1416
526
209
1244
1971
3861
1996
3165
201
885
634
1812
4325
2604
5404
606
5754
3753
1828
612
319
918
2033
4490
659
720
1680
2026
2120
400
3327
867
2623
836
430
1649
401
641
1919
712
1700
1037
316
4274
2348
4299
986
1568
3747
1776
3347
1570
2609
1756
2660
3922
2062
918
2655
2203
942
3836
409
446
1513
852
2817
2014
892
567
4451
2512
807
360
428
432
1929
2430
603
645
1472
857
411
6372
739
422
1403
2096
354
4882
1557
602
3832
732
2500
584
902
1982
984
2317
1140
412
3616
898
4064
3682
6852
536
873
1777
887
284
640
130
2807
272
586
1048
1118
3918
776
3120
6763
751
746
560
472
9190
421
3893
479
1526
437
10297
1699
295
5624
1337
580
1108
2591
1392
970
1668
1635
389
2080
3768
379
4136
918
1081
4477
2833
1980
292
1299
656
683
211
293
3994
2186
246
2607
2766
229
1843
1240
1547
2439
3583
2635
1106
1847
5784
1454
2195
458
6534
253
1162
3559
1494
1395
1368
3559
3953
1291
1746
576
4328
2133
1265
1979
769
3050
3600
3687
616
1569
584
934
1039
2269
1108
2601
1759
3391
4994
5003
2384
494
1580
1134
4707
754
1853
3179
546
2634
301
1592
1267
1372
2388
809
4799
4177
703
1175
830
1300
3927
3118
544
1832
3244
2096
1390
1881
1240
1542
1436
391
690
339
1380
367
1756
548
910
668
745
4312
1041
2310
4266
816
518
1661
5483
537
1375
8706
630
302
2222
1976
655
1977
336
3205
955
1051
2107
3265
1554
5507
2760
620
2871
566
654
809
510
734
627
2493
815
1782
8814
1428
1402
846
2633
780
1223
828
316
905
754
237
1109
797
830
314
3732
781
2863
2052
963
2224
4165
323
3701
2066
4297
5597
860
626
1183
3190
884
982
2098
2664
1438
3348
2712
3385
6887
1747
714
1298
366
2509
1631
1814
1303
2977
1168
584
626
1337
1847
655
1508
2068
911
3896
2345
3075
1706
1643
1330
592
8731
1033
2075
369
333
2044
456
494
8984
2675
697
984
433
1166
3032
938
6362
1647
1635
681
473
411
2194
286
481
488
1109
155
6643
1483
281
785
412
1798
1142
2370
1802
789
657
2319
1877
771
289
528
5676
397
1921
686
601
3002
9318
868
2582
1688
790
2620
949
1673
334
666
1813
6614
939
1684
4000
806
672
1547
2281
434
2416
4439
4380
745
348
1106
4945
2343
978
2061
7318
1617
621
2571
303
783
1764
601
1196
210
3530
896
1643
1151
2094
1670
827
4544
1475
1638
2583
2322
1013
3467
3180
2788
872
682
3932
787
7869
3377
267
2856
3658
365
7490
1301
631
2455
6307
653
2123
262
4460
473
739
4334
1267
3971
531
979
2059
785
783
2158
676
637
890
2977
1915
3020
1080
4949
1210
2711
1951
2376
2798
2967
344
755
1299
5982
1664
3427
1105
1043
4286
2110
256
3172
571
924
427
1600
1452
4531
161
907
6849
719
659
598
769
812
3566
991
1466
2844
715
314
2698
640
736
3303
1920
1039
971
1674
7779
3564
2022
2207
1089
2692
3158
2800
850
4064
578
993
1095
1042
144
750
364
3211
705
694
3060
738
10519
490
376
10058
3792
5726
1046
1128
8492
582
960
2400
5119
1660
604
661
7060
2269
763
4203
3067
3165
3941
1170
377
2252
748
777
1336
8825
640
1872
4048
826
1985
1303
1419
1713
5904
1176
1145
1888
1439
1519
3493
4886
3672
614
1328
3741
852
339
3699
667
2014
1054
797
1335
1955
674
842
478
686
2839
4362
1002
5750
660
1743
991
3018
3002
510
3998
487
332
1772
2091
4276
563
922
2891
685
1480
1535
3874
590
2504
1329
644
4913
1069
1131
1541
1001
2265
2220
669
359
1074
1647
8305
721
745
2782
410
958
942
2389
1578
579
783
9866
465
1646
1567
354
3154
2536
1188
4306
1831
7274
753
2456
1753
340
344
581
479
908
3131
4156
1730
3806
234
5438
1534
2277
3244
5179
1100
8165
1254
552
1101
173
1514
970
1535
1094
724
1715
655
421
554
2067
399
1995
1015
3541
1432
1575
1923
1428
3268
1426
1826
1004
598
2170
3309
790
2236
1374
3257
2076
2744
1946
4640
1121
1451
327
751
2280
2205
2312
602
840
2089
2746
1583
1760
516
6862
1603
648
956
900
1146
962
5358
2049
1949
2007
5202
1900
291
3353
1380
4151
3517
1297
3223
2430
3398
5467
5066
3482
919
693
671
3662
628
746
279
2601
514
466
3542
557
928
1883
1012
2301
2407
4085
1696
3476
766
1657
2070
1396
1228
2799
1368
836
4846
3984
1021
3951
1178
1902
1374
504
1484
190
1741
7456
1028
561
2942
1981
5328
2084
2203
3058
548
4287
941
4667
3974
3906
2056
337
886
328
1653
1120
1729
2065
1736
367
920
1187
358
1032
2058
1167
9979
2178
917
851
998
1149
671
1092
734
1324
3496
2187
5192
290
1910
3362
869
377
445
1812
1277
488
2176
343
3331
1079
5892
1543
916
2206
1354
1405
1290
2983
704
1676
588
1483
1029
215
2946
1781
1462
785
1088
507
701
835
3250
3204
373
2038
5026
3462
273
997
1677
1900
884
586
728
451
805
1434
3275
1179
1780
598
498
3083
840
1966
421
1117
467
3441
932
2606
2970
775
2705
2497
4784
4823
245
793
1576
1896
6469
249
2197
693
379
3793
1194
694
1232
399
3967
872
3844
1598
1249
1119
543
6261
2360
426
1145
741
1711
5960
4354
1912
984
910
2671
5503
796
1024
6340
468
2894
855
4316
377
1449
492
383
1956
5010
501
4191
1562
3613
686
820
744
947
1970
1640
1361
5526
1283
3649
2196
1162
4732
2299
2567
4312
2025
2001
1412
4522
1469
2663
1060
1465
1462
648
921
385
4278
548
3834
489
4857
382
3784
6939
1284
1056
3560
354
1749
1104
840
4695
3378
4848
206
3522
4148
6056
1378
397
5738
548
707
1412
1074
2846
2194
2148
981
875
4063
1322
2670
352
1177
1463
392
2589
566
3217
3253
441
1324
2957
274
2657
823
7410
920
379
3619
3062
1184
715
2063
7952
461
2494
2631
447
389
1039
1565
2446
3665
1061
1277
1357
5865
795
1084
1417
549
200
518
2536
672
2377
1029
637
319
1987
4641
773
3079
1966
674
1950
3607
992
1061
6918
934
1533
3198
1863
2032
774
3413
6318
1260
2167
3430
3066
3954
828
1439
1274
1536
2214
5701
4120
2302
1213
2150
1246
570
647
1403
3373
488
2206
3562
980
400
3191
333
345
365
2579
9316
607
357
1197
1094
818
254
1107
1191
2987
1634
2637
1984
2702
302
431
780
1643
1592
711
1007
1397
2046
818
1866
963
2929
4793
311
1072
494
1798
442
9023
1409
5914
678
734
145
767
1554
497
2459
1777
464
1970
937
1235
2733
6531
957
3660
525
650
554
1039
363
1142
335
908
2512
858
4872
2093
3756
5451
1299
1687
2098
1855
824
2612
2713
5674
3396
1366
4458
461
2632
1558
5839
492
425
1388
5908
1232
3517
3189
3268
1793
1310
689
2505
1016
2427
711
6087
1180
2664
1831
816
2802
815
5954
635
2439
1969
1337
1641
2726
3915
2914
1800
1510
590
1188
1102
708
477
1307
3477
1580
890
2560
1705
1547
1900
2053
495
1420
3391
1891
1099
2900
694
5033
640
1112
3086
912
3920
1720
774
1511
4160
1675
2386
4576
748
4504
731
686
391
3800
617
685
3197
527
569
461
711
1599
1085
2859
447
2759
1376
745
3533
3984
414
1803
2222
732
3184
199
1112
1394
938
582
530
2756
3441
2645
1995
3247
978
2816
1418
1186
609
1152
1146
350
1198
6157
701
2589
2638
321
2872
3904
1212
236
799
3142
771
532
3158
1678
1826
2081
453
3261
657
1854
1695
350
1303
4594
1910
360
1086
5075
1525
2099
375
3560
2305
1867
914
2112
359
868
1610
1830
1572
1382
899
3782
833
384
4526
1374
2049
4947
3308
2130
1000
2995
532
2202
1232
3807
1040
571
466
2783
1885
1020
1409
610
812
744
4275
1299
325
4703
3331
1131
484
2378
1332
2013
3082
1440
841
972
847
2988
505
630
665
2081
618
5126
657
1602
927
1665
3997
2710
2010
4885
712
2988
390
319
8626
1911
281
633
3260
1175
2212
4160
1143
531
399
560
3304
1005
1578
3241
791
890
445
1791
1701
1552
4576
946
1108
1559
502
3070
701
1682
2397
475
1054
569
1681
2683
437
1226
3285
1065
2283
1564
1074
2116
994
1624
4425
2071
613
600
421
951
1672
892
840
1074
2248
424
1123
811
978
4609
6677
2603
1499
5195
1510
643
491
3413
3067
470
3763
2095
4978
871
3063
2599
1662
2323
315
279
475
879
407
1188
593
700
2331
681
1187
693
612
4335
3299
2455
2770
607
1058
527
2083
710
2078
613
2108
9781
709
833
3180
419
2217
1047
681
9453
639
433
6590
922
1416
806
442
2185
778
2602
420
3114
4138
494
7393
8405
300
643
5821
4304
460
431
1063
4848
1744
720
891
2262
10116
3184
1715
2462
2542
3682
1610
6315
847
364
214
985
2156
1016
1622
1876
2649
2240
461
4302
6432
5426
805
3105
3081
4862
2708
5169
2035
908
1690
1409
4782
475
2060
1796
1675
363
904
4458
712
3365
1916
1567
2014
2025
935
2192
1639
3051
723
1289
365
771
1590
475
654
2109
355
5512
893
571
859
499
3965
852
368
532
771
1709
295
524
631
1618
803
2450
5583
1370
3945
444
956
2838
255
836
509
216
4402
604
4912
3523
1122
1100
1683
3981
1078
2996
615
1648
632
3337
414
1595
2554
7657
574
2118
1269
2514
1128
388
635
1033
821
2726
1820
1980
570
7853
1133
726
2307
5521
6018
4828
1075
250
2162
527
1900
1922
2086
1090
675
459
1361
3082
987
364
2016
9273
689
1580
7224
2221
4548
867
3893
2318
3491
1189
3534
498
6969
1025
281
3993
750
1681
3912
482
563
5262
1308
497
415
2023
3689
2211
3432
767
3223
1508
760
489
2468
2222
835
695
678
925
1045
657
3345
1252
1363
623
2349
1203
2779
1986
603
296
1977
4549
561
1505
542
327
941
2102
2874
733
381
996
1095
2175
2630
1569
760
3184
516
1879
2985
412
2028
1093
257
1518
1715
648
1484
537
614
4401
393
2102
939
598
2672
355
582
742
1514
1358
520
869
874
685
530
730
1288
1700
842
3700
1197
8337
1963
1206
762
326
406
566
1235
857
971
3460
1021
1019
1116
2284
1563
717
761
745
6621
770
614
4674
1720
3543
957
1215
398
2159
325
3888
2284
168
1716
1048
3834
235
2503
6241
3480
629
365
1345
513
3647
1652
1767
2335
1559
501
5671
2447
1059
3234
1196
2827
416
869
1683
817
636
2014
351
1285
1174
618
1946
586
1850
1766
609
2214
2469
1825
1832
257
1076
1276
1635
429
1652
5432
848
2441
572
360
611
1100
553
9071
1240
248
2585
1599
2072
457
1906
1597
1003
1205
2417
923
1121
6013
2022
791
425
948
643
1234
231
1845
1681
1233
3133
398
472
696
2372
1239
1092
1006
3975
1816
696
205
794
2282
825
1058
1566
2260
390
3690
889
1346
384
787
3842
297
438
1107
875
1834
1002
414
2996
2003
1484
2423
5489
540
982
2650
1022
1605
7187
1835
1445
1737
500
3529
2046
3093
1563
2184
660
3601
2601
486
2041
677
1758
1947
3835
1590
1324
888
356
882
1031
1087
915
321
661
1569
5134
398
2266
818
2889
265
1981
673
2351
1228
668
7182
2904
979
1734
7127
804
860
760
1094
282
374
5463
396
918
1317
1157
975
397
5431
520
1483
2041
700
6076
975
5776
353
2187
2208
262
3117
4358
1303
342
2606
523
4717
975
3939
2073
4596
730
1169
1451
4578
1416
632
532
982
1550
3347
2529
2713
527
1506
852
2240
675
3653
1497
2901
304
198
1590
992
1834
3188
933
499
4935
662
2036
5637
616
406
1298
4787
996
1055
595
1874
2194
711
823
1217
1099
1274
832
2244
658
734
926
1724
1408
2180
1790
495
1541
387
590
1186
422
343
1884
3691
1395
1272
5468
1580
620
3136
926
232
1654
734
2929
2977
1705
6618
1167
1327
628
3067
681
1104
1364
779
1544
1088
1745
2111
301
2631
531
1119
1466
273
4493
2847
1218
5689
5068
12333
686
2060
4167
1180
2329
446
164
1737
217
3976
899
1381
855
1479
1104
338
2888
785
1744
1541
4984
256
1706
1722
655
847
207
1846
2297
848
368
983
671
493
397
873
1219
1703
5293
1496
1592
1132
13541
2280
2734
604
3110
7043
2338
5524
1499
1854
1910
328
1104
1067
347
228
4215
348
2150
703
501
3809
766
505
827
1786
4722
1720
1439
3843
3853
1827
1053
1294
5539
690
2813
1839
1413
256
776
2829
2535
1935
2791
916
581
5470
5338
2286
1870
1489
212
408
1538
1309
3205
3001
2289
2467
801
3626
1180
878
183
2268
848
1725
2128
4011
860
702
931
2961
1371
276
3449
760
342
2129
3212
1815
1399
884
472
1212
1215
522
2543
2042
2312
668
994
4255
2171
478
1213
4248
2008
1172
296
542
814
3170
847
308
2302
905
440
2516
2572
1885
2323
2870
1805
506
164
2361
4495
4085
2096
916
1616
181
1576
933
1161
6023
265
2723
3474
582
768
446
800
1846
2763
2054
1502
2890
4463
520
574
729
478
1612
693
887
2570
1830
578
3789
828
1353
2320
586
488
777
2952
708
5695
676
537
1121
4547
466
4263
587
866
1732
2908
5253
3392
1092
7227
1059
2450
1138
2219
2850
1197
301
467
2464
4301
3482
1858
1068
831
2256
77
314
852
508
4781
446
1404
1268
5021
2291
889
1425
2530
1585
445
3670
1051
2162
365
1036
428
2301
992
8651
2362
4214
731
1139
1712
398
517
486
1393
663
1699
1918
1340
305
2156
2400
1267
788
439
238
832
610
1468
3849
1298
1598
1709
2722
1858
1141
1954
746
421
1061
493
660
1068
2452
2736
396
1637
1668
287
921
3041
1369
2724
6288
1986
3631
327
1866
373
4375
1772
307
1048
1783
522
1879
565
2341
804
693
4778
620
2269
5365
382
151
644
1234
1271
341
605
1628
4531
621
1511
5673
3084
4082
1256
2000
623
401
505
2784
591
2640
588
1479
711
1711
2020
410
4838
4023
1919
1417
2166
4338
819
3890
676
939
3039
316
2814
670
7128
246
4263
568
522
1475
2814
2315
436
4848
1009
2197
1370
751
1229
225
3529
5072
4523
2201
2401
694
333
320
1017
298
2071
3343
5126
6787
3182
664
4606
1602
767
1224
1954
2335
5639
2682
614
6491
8388
715
521
1459
1948
3763
1256
769
410
289
2758
713
2962
369
6122
1139
305
2032
380
256
440
3621
1252
713
10431
1992
1077
595
226
465
1037
10457
452
1295
1142
2618
1576
1794
1787
367
5038
1426
6436
1305
14659
708
1355
455
1469
759
697
605
7321
1195
5364
5136
990
1543
1116
1069
1685
532
808
4171
489
1038
3733
1352
829
5877
1466
1640
608
653
1070
657
1159
2673
591
825
1397
4297
3407
307
453
1940
584
1800
2273
425
8539
1399
4183
3457
1301
713
1511
984
1289
836
2414
2527
1320
3714
650
962
453
2687
478
1092
3070
569
706
1485
540
2696
1261
3043
2399
1993
997
1420
2677
492
463
5567
1839
5128
399
310
314
480
635
1182
806
450
4605
480
424
2257
4078
1282
341
302
1621
1820
1583
980
962
2334
638
4568
599
629
995
2212
848
3687
425
470
2374
3019
430
2609
1182
223
1458
706
4812
421
2941
1812
661
1119
1398
1782
6853
695
527
743
1774
3039
2145
3773
961
3117
733
639
1071
773
2256
2075
4866
2673
1925
718
4003
1705
2199
407
1238
572
1321
775
383
2266
254
2535
4135
536
2655
2594
333
632
2713
6309
2904
325
3828
396
2471
5399
625
3348
2013
509
723
379
548
3094
1083
420
166
376
725
765
1905
724
790
499
1973
387
1627
1463
2865
726
1753
1156
2022
1981
3460
652
573
5284
1905
758
1001
829
2811
580
2609
777
6379
2631
5422
1614
1328
2611
970
3035
2572
506
410
1077
2194
1867
1430
929
1473
1476
1380
188
667
4450
1993
1353
738
956
1194
2863
6388
2312
1556
315
4564
966
5281
4108
2181
8335
254
3517
2814
452
5246
1757
7207
582
980
559
3311
1347
998
833
400
264
10779
3983
1399
346
2774
968
5054
1091
831
396
1941
1592
3527
241
4207
3346
3164
2099
453
359
8399
1510
1750
627
2796
1885
761
1103
637
552
793
11703
6668
280
1399
1381
941
1556
3823
795
2333
549
1137
805
759
1281
792
3338
1306
1735
869
289
2352
2808
822
890
342
978
2170
582
6018
2256
2708
434
2099
3661
1003
3381
850
286
2805
378
2399
3197
1132
249
2669
1168
2925
1771
5159
2251
1773
1570
474
2764
1629
2697
854
2520
3154
551
1177
4367
2687
491
7754
2318
3046
902
2523
5348
628
887
5032
359
509
10096
681
205
1579
896
1031
1968
2236
281
1139
785
850
1317
2676
1087
278
1852
1480
3922
1696
999
407
321
2129
2012
511
777
1100
477
1153
1033
614
241
967
3493
4837
3144
2885
4095
711
1054
1941
3586
2174
1667
1559
416
806
678
5347
622
3432
1355
691
5022
4404
1487
734
973
684
1942
1929
3105
528
697
227
364
714
5292
2959
2949
433
1290
3706
4455
718
1028
1762
815
737
396
889
1828
2467
1248
2847
3578
232
1968
1803
2844
430
4185
1095
508
1925
434
5117
779
749
8128
849
841
1994
9242
3453
433
731
1157
2068
1003
578
2420
894
974
2888
1386
4472
546
494
3420
2915
1461
1307
1708
3886
2397
1055
4594
1535
2902
430
2260
2085
1801
3931
2099
1251
1995
2171
1760
4070
3848
1864
1894
1558
1483
1022
2192
4170
1062
1511
1733
2286
1157
337
1894
2426
1343
2276
1762
1725
1073
585
570
359
2604
255
6286
735
996
2565
2392
259
2053
3279
2012
7416
3117
737
3102
927
5003
757
736
2932
1408
1532
1052
448
1251
1387
1533
4248
1164
1069
444
1047
642
580
2882
659
1006
263
718
471
622
243
1348
1803
569
3047
923
1880
685
2130
1872
1477
2844
476
340
1638
2162
5000
4313
557
1108
859
1604
940
220
1818
5641
1712
732
1645
343
920
988
554
230
1043
808
11339
340
580
3069
4529
1679
645
272
623
2219
647
2648
3107
657
510
2366
1414
769
1869
1335
1224
772
1384
1858
1957
3356
854
513
1929
1195
1196
8554
4593
2119
2590
2241
1220
2442
2498
815
607
651
1744
2165
2535
1356
3755
1017
972
605
573
376
1901
2733
3052
4272
2275
972
1404
1325
904
198
1345
4424
3907
6176
1000
572
2726
547
5096
312
1038
1541
3811
834
1986
504
2669
222
554
1227
7807
3967
665
3450
1788
2076
1505
772
2836
1773
4326
1776
133
1869
771
283
2458
672
3270
3043
645
2907
3913
1338
897
1300
460
1439
1869
1036
1515
1146
2608
985
2154
1782
515
2498
5580
441
1837
3579
1545
2958
7280
420
2881
2694
221
5251
335
468
1639
5993
359
560
3067
2094
3080
1398
1763
348
1567
1732
1126
629
577
3100
387
2374
732
1021
5829
1071
342
1326
2063
2476
862
830
1274
2807
1758
2595
781
1806
269
176
642
1346
8098
1286
750
908
2940
2425
1395
2670
4297
333
828
820
486
418
755
1175
3172
3702
4600
958
1276
557
1062
352
1626
7472
2756
5872
2162
4983
1082
796
5633
1282
2952
468
316
159
787
898
1751
375
2361
664
2408
1026
1754
866
623
2298
1322
451
281
2215
1498
1835
1134
4701
568
971
1349
3810
478
1562
454
2304
2553
5200
1130
1785
2319
1445
5463
1020
9408
2268
1814
567
715
2664
438
2683
1113
787
1469
2242
3201
1745
3331
1194
4350
499
310
4513
2449
778
354
1943
1755
3523
549
1325
997
123
323
11124
2027
2225
466
974
3793
2388
2025
370
1896
2836
6961
419
2019
1466
316
1597
6265
2306
1166
1620
1618
395
2045
3921
614
2963
891
2008
1809
506
1019
1760
674
5998
1751
4950
788
947
1719
353
995
3587
1813
845
3966
6527
2368
641
3739
412
2957
601
788
2168
643
614
4605
4643
1569
792
1862
536
1429
5540
1735
2062
1774
2510
905
2353
1376
683
2524
869
3152
4770
1014
2129
1085
5650
1682
1458
3513
425
812
687
2720
2005
3586
533
888
4415
4224
1419
1156
4418
5208
523
838
2176
1581
1274
1077
1979
1484
2650
3948
441
5441
456
977
1389
704
941
5080
4608
1589
3627
613
364
1820
1821
1263
2706
1316
4620
1949
3263
1749
790
3288
284
344
1075
388
1521
5184
1758
1279
5986
2835
3164
2572
1026
6308
1022
7172
456
2110
640
2961
716
568
3980
573
4321
1004
2357
6576
1311
1213
345
1435
544
888
1004
5742
8402
3941
728
1289
768
515
5988
1664
1539
1936
408
1035
5770
979
817
2999
1734
1919
2442
2469
922
780
882
1248
642
3998
988
1570
1040
290
1606
817
459
872
979
216
1173
1594
2568
3299
264
1237
870
2365
1580
2052
2996
2814
4901
856
930
3244
976
760
2156
1243
586
831
1117
521
1688
1909
2005
757
3142
6432
1082
3464
1481
639
3681
2403
2751
2034
1818
1298
235
1094
3334
960
233
1128
2124
2142
1543
3271
733
2978
767
1558
899
984
567
285
4706
612
8438
1983
4095
422
1036
2438
2864
1058
695
1839
1945
5610
1249
1620
562
1900
1954
1006
1799
1106
1970
490
1426
346
369
1523
977
488
2390
662
1366
11647
3281
1731
598
2110
3596
758
570
3215
6242
2486
3056
4131
2948
5595
535
490
5112
6190
811
1171
390
2686
401
1486
2799
512
2809
1711
1617
4322
3939
2431
2274
4608
1690
3663
1376
2306
320
4268
639
1354
6339
966
545
3560
384
3737
1365
7381
220
348
468
1059
2095
8078
482
893
663
1595
3632
418
761
930
948
4487
2131
2861
1212
855
8139
1287
3254
661
1934
842
3083
1337
704
999
1752
1622
188
203
632
1574
1636
248
1022
987
625
1064
467
446
1416
1156
2768
920
1749
1940
1477
769
536
929
802
1928
4499
217
898
2026
3710
1058
1470
1936
1953
2923
1404
1890
2037
622
4032
3193
1332
1523
2477
552
566
2179
2946
617
1290
4011
1568
1920
1872
642
1160
2864
6585
5412
821
1086
7838
179
1080
4500
3307
571
594
1136
2440
1944
327
340
841
3282
248
7726
1154
4782
751
447
783
3748
488
5074
325
1095
711
471
5737
1947
1846
1118
745
1686
1314
1183
647
603
1577
748
1023
686
6725
257
4210
1988
798
5433
601
1653
1816
386
3353
1137
373
417
539
2196
299
4569
923
1358
578
1104
8539
1182
1181
1965
4210
2051
1293
1093
807
4708
790
308
2151
11159
2279
1056
1873
795
1010
267
906
2332
18157
2581
2654
4872
516
1988
1043
1003
1631
2621
4022
983
434
4007
1952
3013
790
573
6023
1312
968
1131
1370
588
4168
5520
1054
1207
794
2572
332
2956
2404
1343
888
1024
2026
729
5527
1676
1475
3167
1351
371
3152
1019
4508
635
2135
2000
3720
4403
504
882
3115
4627
5283
2862
972
955
7678
2375
2707
1965
1147
3165
1066
815
1046
396
2278
3135
524
253
863
499
3113
641
518
1196
573
682
541
2175
5413
375
2175
464
202
1011
585
336
479
1424
654
2926
872
1065
654
745
1291
801
5709
2908
1179
601
1909
1340
5973
658
1913
151
1863
1428
4454
1562
700
337
935
3401
2570
239
810
2414
2555
923
548
1237
1900
270
4674
624
727
719
381
928
3083
355
1825
1838
642
682
3566
4657
1202
1695
1898
1802
318
925
576
2206
1051
1992
1769
3209
707
3243
293
253
758
1483
1680
9666
2125
1190
1284
1449
2329
2039
3274
333
2882
1060
6338
880
570
453
1453
1500
3737
387
814
1242
977
2355
456
1112
1286
583
626
569
2588
822
1961
1544
2760
2657
1717
1080
2318
7350
1810
1315
1644
1233
7130
893
1126
959
353
491
1374
455
5482
4749
392
2426
560
327
2550
319
860
1073
331
1407
413
675
2282
3414
383
346
1062
3073
738
3261
1202
1599
1336
283
388
484
2080
437
503
5415
468
1396
810
3229
2616
2238
3011
1565
2406
1251
2584
786
2147
597