76157
370480
103776
123683
145110
37808
4446
144359
7521
57122
3028
82095
7672
8849
41508
105882
99696
70510
23296
126985
8459
79907
58093
53617
56575
154166
39232
17999
32355
122830
3514
33320
181547
4661
43446
6409
12449
105536
74783
55089
47517
53365
33421
46083
222269
47559
179891
18798
30803
19590
37572
45124
27099
66173
39625
125859
52649
81985
21691
276177
75096
3617
75193
172875
51173
57695
92588
51723
15906
6021
59038
136093
201167
85233
79704
17297
5912
22703
108284
7969
12759
51277
158727
55259
124698
5501
39956
56040
13839
330420
126449
41047
128406
59161
58614
131819
41515
94060
107128
29006
361130
15247
74870
104819
14065
27838
65653
25755
14012
17412
261382
12230
16262
26131
160591
23606
19279
25966
50680
115356
124263
159583
13455
9309
22540
161636
52122
13894
218939
41769
17806
4094
6501
6611
3794
102450
75418
16961
6352
15264
75514
89175
97774
84987
89099
313498
91490
70881
15420
77915
41191
114576
186020
85959
36049
128419
45030
11399
13658
122632
14042
30148
58918
19068
40576
3922
35322
43832
37686
29141
39587
60017
160150
43974
66526
350794
120979
13807
5398
191366
216263
64908
108184
8944
36517
36978
15407
179631
222880
21910
28225
94611
17788
3355
146212
43607
32877
36075
68318
57072
100455
181336
60974
94995
30275
12478
64040
15112
7580
26601
7218
38869
115007
10686
87707
160080
36112
32176
2638
15943
30462
89883
51403
23175
12844
121960
58884
162308
37204
441470
67330
8624
135605
78641
27387
26946
105366
138086
88028
117524
81254
284716
104985
24144
16672
102771
38289
29853
35907
45687
82373
109825
48756
45207
8063
223411
55386
32264
47825
62335
15608
6024
93362
28283
30821
48783
49015
96680
52945
124598
167584
1634
117352
166586
115443
55451
44105
78578
160897
18618
25332
53807
5803
15070
113149
24286
3709
59608
54338
4677
9430
5721
59455
215009
42271
26256
132230
39310
11572
22764
29348
114979
11465
43982
20277
25781
126587
11405
12082
21855
28673
26079
3290
67070
6700
11192
51152
77774
36730
45717
63770
24022
12553
169115
60099
45507
76869
10666
42844
162260
37380
48296
61032
47815
15795
10094
110960
18468
15010
30761
106178
69444
23368
122321
41332
62666
132714
10543
23062
95970
54232
44103
45639
31484
12966
48032
71297
8349
31365
107165
109617
83304
171634
42964
78322
8093
75624
46074
12678
120830
18340
14027
116861
179527
174754
41417
43696
59021
118183
14403
46384
43607
51349
16355
38444
26505
41337
18025
39838
10006
142994
69054
36780
225185
13995
21987
185717
30378
136381
95560
179105
94335
299078
15470
66818
57664
62168
157203
26595
26435
126755
48399
66130
4253
539486
34102
105755
72367
7833
28156
111030
142864
38503
42318
44267
35438
234375
27665
15396
26831
37635
28377
13486
8723
215489
54515
218478
222971
15001
98647
119810
29511
32558
88635
124545
44775
96715
63865
18048
76948
21060
47755
74099
50749
56725
139687
2972
16251
118509
57097
21755
39309
93199
79764
42848
39185
23825
13404
49396
50902
88651
3906
22123
15319
34148
24025
27397
20286
16184
30594
45086
23093
32084
137395
43774
120068
14667
109935
84126
39637
39304
81568
97342
65575
7918
23336
50490
124477
15967
51679
9722
72531
43323
20172
14772
326699
136743
210243
34591
145145
144885
33036
33365
58800
23197
74695
77934
26822
34520
67433
45212
145618
337059
127699
170757
252090
19314
79343
157177
118397
115753
71652
149281
8499
265158
75231
39374
19305
23854
36455
75093
26570
60026
34668
45248
118304
45880
32572
116797
13299
108017
121143
79000
64257
53531
76246
14994
413619
104545
44092
17820
26165
74417
58774
78866
138149
120220
257369
58358
10911
50018
50523
113742
34487
157617
117495
131434
56338
160579
55377
107070
189216
11032
11264
43359
24379
241067
33001
23258
46707
128936
115747
37559
14569
70498
96221
17416
22356
2789
133683
56755
19932
9481
49111
66563
53042
19893
189802
64978
18539
6925
14053
85111
113070
87390
29049
120535
223092
170759
64358
67759
20926
50103
92621
32698
344423
25739
7424
44387
128580
95483
56631
12956
71680
8680
128240
12159
124563
18629
43860
82729
48204
31939
93714
136614
68529
324596
121860
103702
20819
95686
213811
73303
7069
39298
44005
37967
136772
17948
98128
110987
69529
17144
150403
67390
244436
37791
14976
91210
125368
49560
41740
189822
29575
99954
45930
91018
160995
27740
9382
142540
12942
135005
37907
41628
157218
37065
83169
44223
191553
16605
45646
17386
14703
27025
12167
26435
11376
25543
88788
17092
26438
19298
125734
73692
38982
191209
28216
89800
19452
43709
54240
133653
5502
42621
12735
8523
56356
87914
62297
30020
66896
87661
16845
29925
41571
12419
29179
107333
53054
44296
56481
16437
21059
16564
31641
41515
23332
69024
3632
66238
49411
74675
20371
36650
64698
222055
38320
197206
124930
116047
54417
124747
258763
300461
25163
239537
6460
61094
20308
40479
33506
67855
24631
21689
128267
27783
19286
19448
102366
96706
33137
29238
77460
31243
8595
77492
80692
131824
42318
44905
85438
138463
57194
37843
73738
162162
22243
33716
20560
30555
26695
37045
40351
80135
24301
31251
43909
30546
45720
49926
36772
15051
62569
57984
92395
25946
75390
79367
58490
63270
84862
17559
69256
109845
45465
21215
52332
114318
20477
143182
29124
78434
228984
17990
99044
39375
16660
125755
78684
66741
34824
201768
33949
26859
18638
90032
121889
69159
25689
47963
22187
12068
13746
6743
46023
175670
7699
91333
49862
3185
107470
57580
33543
321128
37763
45481
186508
28513
98754
14947
13606
42379
11315
33221
11089
75930
93886
77310
89617
14548
25725
150785
124473
7912
18260
78276
103671
32911
69726
20506
82818
6361
67118
21085
136408
170180
150691
38986
112136
89002
277172
74861
17963
103597
17201
74185
28945
193753
76410
72401
23402
47677
49618
13472
35000
86285
132433
56274
5774
24210
15635
76781
6317
110025
61123
141420
16248
47861
106768
95008
25835
45914
59873
169633
34305
101247
11403
66801
26583
19998
17435
12723
10950
135457
78265
25112
63516
155691
41993
11836
29710
28147
35049
62650
50535
121601
52370
39350
19386
118400
83047
5554
25460
30698
118159
49672
36544
98359
155400
58519
51369
61754
95366
49690
209885
106706
37227
43242
87309
39105
32064
74986
73331
25292
61080
38102
18378
40171
25533
66688
54196
31902
46799
15097
63446
15991
68628
116602
58768
106305
86264
66903
210873
170663
53330
52505
17596
6270
46722
9897
63369
11766
120735
20092
27396
25260
166582
7595
67829
86364
112248
21949
34180
28161
122262
39058
27670
252698
58656
36884
40950
23855
45307
20525
61080
70706
28035
9068
59093
29272
58099
191477
79050
118059
152037
46938
42981
62921
22269
29205
77018
104751
133276
42999
3728
201506
27172
86014
62757
9569
16813
42447
185727
45777
23936
132349
9461
192762
73274
56884
121136
21351
85013
31595
54177
19795
12144
21572
64608
215696
42930
177363
28949
12855
247707
37477
37149
164797
84040
52920
181714
14092
90602
43741
54904
19757
33849
104560
58620
6409
266396
67001
66896
65758
64502
10499
14648
153642
82981
49136
50843
51782
12482
53865
153811
250110
50442
29224
64199
84833
22948
112767
49952
109480
51019
51383
63959
4781
14181
75202
51914
115520
89884
139283
15198
191536
8083
153861
134705
30820
160783
61684
55938
5460
184900
55638
44180
328454
81135
40154
124119
48535
73164
54963
65942
129896
25800
8040
23015
173567
9125
40532
74103
18542
12660
27478
7733
23159
71263
22588
88440
5605
27969
235148
79615
77398
11061
7348
65423
47047
218121
75667
70209
25003
230432
42384
25686
124162
9098
49947
36611
22300
29988
4642
42265
23701
7550
61355
112692
13701
70507
65017
44265
32212
80668
32049
85389
53299
50764
76743
72057
21352
35168
72164
213264
4441
59680
49629
78551
39596
7388
12514
132423
19537
141734
108556
173438
25124
110134
18208
32098
218289
54981
13841
75710
12147
27151
7779
29341
64712
39065
22307
6167
68870
127904
30194
49952
19447
36311
86976
73186
30653
85470
34738
17553
65473
17941
169660
19843
7804
14686
47316
167376
24775
58122
39875
6650
88635
26338
57308
32301
38695
129382
55212
9763
87972
102274
80934
122067
233659
76328
70553
32628
135212
6364
36469
71966
337160
25740
142579
119675
83948
88167
82668
3899
68721
40313
44108
7976
66170
51382
118324
67623
30422
64918
33678
149810
18630
5321
11829
89193
74249
119212
97920
15985
32040
96772
88823
98454
28485
8844
62296
63996
45990
30685
155762
59826
39720
59183
9855
62875
28461
67757
82555
91257
108232
35238
59607
11263
34585
59834
9271
155355
92912
7628
41931
16592
16984
144950
80040
9412
92862
35973
52420
53541
23710
150613
42946
5163
112087
107695
39278
107327
6971
55839
16422
167650
31241
18182
55987
14158
35483
114731
6752
94981
165306
24418
8641
24800
13312
228125
188379
67439
76325
32300
181552
267747
13019
17967
36798
51168
16809
143772
140586
119467
4474
176722
116423
156206
50911
63620
51059
241422
29187
95444
116453
172047
273048
38161
77067
24535
42109
12416
74824
65224
24402
25084
37552
50355
40099
71261
37500
69141
32830
29373
10818
34127
14193
2953
120608
48347
48764
79008
10408
214288
74262
3662
32195
66944
39429
25982
15542
29390
87537
40861
11026
17804
11133
146198
55992
166334
52180
62708
16612
5551
46742
19993
90276
232364
66827
114625
13431
290367
23408
65032
34466
35749
49046
43855
290847
77323
4719
39623
99895
37913
12875
323467
165535
22560
42081
69306
69809
98736
81664
9318
33803
12321
10848
6836
64845
82010
9400
31403
220388
184713
6451
16499
50398
14755
59773
91685
69423
15447
72744
157196
70555
11743
110018
72522
13244
161955
10995
63005
44194
112821
30110
52225
82734
30178
73817
19922
35435
33942
50606
50590
58665
32924
10910
51658
14377
99530
75248
46547
154750
220701
162942
204384
55299
48820
72951
60430
156795
43704
42284
26078
332257
59770
120684
89115
78035
31565
57660
23744
63963
135271
110503
4732
36581
42273
10812
20509
29088
10930
42929
157320
7389
14677
17353
25914
164198
119819
96960
146483
196778
43753
35997
85437
81505
72874
25788
95598
137330
326702
26680
94873
101106
24578
7891
24423
14384
20474
14784
212997
146191
151920
32743
15082
65558
29212
36584
197130
150695
53518
74258
30111
146360
94949
47058
28110
133391
220739
178779
59380
23535
33686
36960
15332
18343
56814
27372
36096
16097
67608
111744
25285
14796
134131
19222
15746
88803
77670
33149
70536
50064
11246
85905
234062
21222
125795
1640
19697
22359
65702
8546
159279
66334
16094
63856
76198
148996
22434
14852
17876
113254
97478
40112
3860
89020
28945
28686
257305
21690
99273
188986
229533
47888
28426
65940
22943
50684
47995
88539
108228
12774
71481
89062
17567
35670
6594
118117
30571
41731
20330
16590
44053
10699
118015
83210
36281
28344
26471
13146
13943
11945
130936
76320
7277
157602
48132
149164
53693
34952
79459
224835
16342
162139
5953
11063
64597
29432
51045
26895
336635
131896
26380
155968
36153
6007
56475
254351
22009
27816
22102
60280
116877
28905
79949
51485
173375
95341
64489
14185
56094
151804
10461
81746
38638
182672
28942
15324
51374
51728
39831
347499
28406
16862
56000
87139
208539
52618
31856
7861
81724
23282
35893
16151
37130
11098
77356
192106
148455
30819
121678
15864
60280
189214
45905
166419
19270
28803
40697
30466
56433
113493
97824
41348
54948
183492
24325
110894
25875
38406
36205
83799
27686
95872
53935
14575
133997
129716
293316
104639
26847
73126
67006
55820
262649
17050
15851
67652
18740
32576
75012
52024
35690
136446
26421
34896
58153
26942
80279
36773
88960
51654
37816
22406
158955
194903
258404
10538
47209
44295
49918
30403
116946
11792
9638
26824
30738
513821
101742
117155
8674
16335
58637
79175
20184
3508
30270
8828
50968
209707
2456
60694
43235
15556
15486
124367
3704
3891
18926
12447
80359
120112
43275
79043
25404
109293
88483
297014
46286
33544
53601
68983
50855
49328
42839
61340
31490
40608
12509
221587
74295
91433
53858
26575
16143
39110
10940
102203
7038
20602
107220
69594
164398
14849
90823
49728
44097
96186
9569
22572
26571
6297
96524
4474
263597
16680
5891
20930
50166
241500
4759
96756
8204
45030
32066
150826
61530
247266
141478
95040
21187
106214
18738
14678
34474
21526
74777
81612
128286
17088
227437
55250
138861
130805
11782
38272
17036
12689
8426
9915
33193
13343
72315
18248
75818
54599
85069
76222
38182
9567
30399
61573
7914
81042
18140
22124
7373
87101
55607
97181
57712
8956
59341
75669
108798
81945
87282
55501
154246
23969
21440
19123
154459
7601
6978
171550
42216
11032
127793
41058
37030
10307
61959
43625
7572
10671
64572
9480
36931
15444
118446
9077
22715
15113
41032
139462
52231
15681
56810
78350
59428
23133
201363
132546
20650
107101
23647
42440
51388
19922
73849
7963
80420
13912
15951
78230
64492
5823
41049
8063
102672
107103
50836
31529
41299
23868
21915
29821
23909
19697
73197
15347
103415
62128
57389
78673
20020
14975
85884
31730
96969
102638
62349
45863
6297
84323
155344
121376
7809
178465
281162
224552
23491
73022
52878
68998
21467
134480
16046
58706
12799
16959
38131
41655
60097
150254
152375
14657
70053
126310
57000
299527
21640
165729
196556
5107
11896
5649
57029
116227
54552
6085
20445
22267
10220
56602
43946
20095
26441
21350
37664
31537
73474
164726
23542
33428
48108
16804
38758
19135
35020
165296
32591
54434
195385
33629
88327
60559
38471
24206
99963
456894
110315
215692
64512
39344
13950
91938
77967
15117
34655
25736
24091
69522
126626
138307
56256
19510
187163
65320
72079
41888
111998
29380
65201
82880
92765
134664
149271
364016
111181
90441
202106
32839
170990
54697
27619
75362
86219
308337
17337
278262
68296
26434
43567
27689
24918
32176
30828
24035
19478
1307
86827
302811
28292
43714
29750
44671
5665
79823
25821
110584
29485
4629
104769
52383
23163
18602
72150
25034
61748
13894
198340
22784
6734
9332
9982
5242
170147
65527
66579
62882
59911
51144
38182
18110
7656
18407
10657
26199
61209
65053
111055
77122
69376
32086
83515
197063
24987
113227
51877
35956
97687
9328
33225
47441
67385
25412
23976
52651
56564
45151
251870
30748
10614
21006
39264
16114
42115
23522
14695
41855
5345
13099
47679
52823
110006
71494
54445
63576
176725
152559
85926
172215
51105
83308
53889
62848
22600
43140
71503
6482
50754
124198
31716
60159
136016
37240
168311
69789
84194
149092
100529
125489
268834
13006
166308
75543
41593
32644
38380
7737
42413
3668
24592
151690
35027
25441
14149
6790
12729
11506
20185
12011
139190
15949
142978
28447
54847
129169
53268
30062
12761
152255
79277
23974
75767
77850
50692
89124
39339
217683
113251
9707
31971
125663
87492
96919
57907
110106
237542
72381
12048
140982
10876
34092
29794
46837
71617
11155
116800
326283
134706
15550
32629
45249
12984
30089
26618
14435
78719
9705
31176
6221
42821
116722
179766
57748
61324
76987
35413
63323
209825
106100
17859
95166
28332
11528
80793
50149
57977
76806
21398
219296
61687
14891
69299
73193
151614
91919
8901
9598
31591
183313
70858
17591
14004
26337
182744
108383
140954
54594
12083
39272
16136
38649
37241
141677
64301
75984
13866
69233
5458
2536
180214
163995
41823
127774
185760
32718
8184
23770
71222
43106
102263
8642
30474
5852
80705
20645
9173
43650
4737
63954
33882
35619
15821
121424
66126
40904
55726
30201
45880
1214
14414
40693
4448
100083
9023
36256
53110
2587
43208
113614
19648
71709
22319
30886
116878
69845
79382
48840
19457
108185
21670
85455
172398
38964
123523
66851
92020
61903
163411
103194
64231
84735
13502
97647
7021
13121
7607
246783
162330
31164
62862
140960
22996
97422
19646
20749
39295
42896
53748
71486
28518
132488
3916
28793
71929
15322
14930
15788
239182
21027
52999
67365
50870
53828
6155
37257
48226
238636
11702
18436
56312
100508
20254
91829
64322
9623
63211
8597
57413
49163
50935
120406
82760
5382
83150
21726
24348
25588
11510
14391
12405
28124
220799
52060
53319
83891
84068
120709
76280
91399
25251
19769
212086
43918
67957
162700
9368
72256
46316
123238
81190
48253
137819
50248
75005
236758
50570
13064
15629
13395
56318
265394
41422
12444
25521
6648
115505
60237
9680
183972
19537
29010
26473
81444
155861
90356
28949
22624
152608
90006
99688
88955
21657
3955
177643
184824
134362
59210
69262
23426
92235
59709
44964
21529
66920
114798
59904
151318
13141
268795
52668
176508
36304
43897
10845
167985
111098
22813
56389
118015
35217
44400
10428
33722
43722
10688
52291
25610
27036
168848
65929
74567
44318
143897
84362
43935
32151
28816
62591
19734
117558
7042
250216
127420
182739
11323
63578
52657
188495
72070
24566
41172
44100
30241
33023
4574
146349
121907
2090
211152
181565
6938
291182
37231
36583
19309
148307
34815
163411
8662
36872
14634
54247
39546
30871
67059
224992
100649
52224
45815
150024
65748
23892
158309
111622
51143
30181
30533
148948
201601
91321
113104
73425
100638
17055
29820
27471
119674
41885
10655
18710
21977
149125
90907
18952
19289
36545
4877
55345
22752
20724
25924
64247
7696
89592
357464
14262
45067
105118
38199
54532
74623
55351
5222
43509
70231
166904
24914
21982
17342
112443
101174
18136
85727
27139
71054
6459
21352
212076
304341
107630
205199
54875
54736
45589
84814
130511
91396
55012
21180
68205
25142
50050
60079
73055
25692
109194
41367
49523
15237
41182
203182
2639
24957
120488
85330
11757
2523
6097
44979
55209
12810
20326
55474
29841
52385
62593
30907
55637
21536
49092
16740
67292
46576
116279
37740
22049
18112
6876
143409
31618
265767
125142
5502
33318
75750
266662
13126
15991
28134
110465
79766
38063
83119
4758
54736
52078
111563
124728
61221
5743
26187
103883
39837
11823
52107
151303
28225
115409
73174
4490
28710
197171
52942
57687
37749
191912
35569
148347
58940
31635
34833
128401
50972
3759
51790
153178
121754
126311
39712
45437
8070
35071
74599
45582
83555
53304
42154
28644
10872
30030
48304
4333
41591
11518
45973
108266
48256
20010
16092
25347
88400
51801
22963
85641
52837
40000
14656
233269
8996
95095
13160
99660
25194
19828
8022
36226
54461
129267
14669
11809
16163
15747
25686
67790
59026
25914
146658
157870
78097
9401
137719
60921
33543
4509
41087
35721
22060
13099
5929
24946
27009
58769
26234
139305
16966
40763
19460
9963
130643
33731
46863
64540
140714
28301
38602
15133
12406
52865
83353
16287
92297
13253
28132
32662
24414
13394
54809
65562
49101
20487
80228
83625
20801
31897
23522
62987
58765
20828
93518
102806
12184
20528
25989
127310
27714
52143
5067
92454
32509
24226
100694
90640
26832
92954
144393
10025
11827
46668
17131
9317
237835
115628
30967
16886
41655
83855
101770
51541
271076
24498
67313
100664
94053
55380
32363
30923
12650
22885
69358
6149
12785
20862
17009
27568
113935
30463
60375
56133
187400
26951
134511
39212
38521
69029
173361
14116
179536
25190
27121
124858
17044
11732
13412
202786
86689
11187
176661
69710
40402
51314
72807
28780
30620
68425
37499
142452
66615
135402
43837
97095
72995
23875
18124
112359
115184
18636
59803
99473
26547
230650
115830
30401
125992
1918
129810
21893
35946
39855
23857
5244
56156
284967
133168
74709
75747
46959
56660
42172
73530
54915
38375
150852
19367
63912
39044
108303
35316
256806
26972
24747
54114
78058
14471
115376
31303
7093
72238
33209
300963
65286
205915
90565
5444
95255
93729
192302
6256
54052
141929
35228
16755
31257
39587
93939
76924
59238
59884
72461
12277
31004
7015
23825
14859
64748
127852
83236
110502
167457
20619
14070
40366
229952
7497
98750
72458
98787
84157
19579
16701
16500
8027
50250
59748
50303
113355
218795
115723
62672
36299
100080
97722
47743
20438
36087
42064
40880
39564
106214
25432
15323
42982
179585
64198
118011
239625
36184
94600
179703
76189
124370
47500
64406
7773
9518
7059
104649
8304
76668
92864
21471
15184
163092
137547
57847
104391
147441
29790
97352
31120
2811
188389
32853
11998
22325
40479
23812
132352
40218
6001
15424
128929
127368
27033
101181
172794
4465
119799
65061
50939
19881
36027
5967
165417
142052
90838
119021
147281
46560
61996
15913
37016
99851
25385
210134
172090
37281
53638
104372
59347
42890
15330
168599
207531
16448
19262
34563
24167
14912
667867
37938
95614
55535
32031
52823
18693
231247
139632
43123
92750
7180
7510
80845
17305
59911
24767
7079
49362
34558
43630
195609
87995
2827
57743
12056
178392
15696
6016
186285
42081
227623
23630
20352
11981
34741
9253
8379
18981
16434
33423
38412
18460
66851
78249
326111
52310
37540
254938
25942
15080
252310
160837
124484
66654
219914
9469
97117
37222
44477
98009
13647
53691
28016
52228
10077
81297
72186
107918
37060
51222
39617
39887
13231
119269
23107
50942
9095
39306
53445
71895
34833
55708
81428
33232
56750
67003
3959
38214
112634
53342
112134
60528
46179
194844
45516
25572
9157
98757
4458
29767
35750
28356
149354
24593
202441
55572
11511
78560
31190
159079
14970
84456
108285
45453
135416
132955
322003
193557
25846
18352
86758
43795
22870
56500
13042
10771
16120
43793
75751
41473
51018
31691
134464
22003
84408
21437
47887
48484
31363
35605
62909
120372
77377
11878
9160
148738
118540
223556
216451
42345
83941
125522
240160
95661
16196
35437
7079
137674
89589
16739
7029
99885
44937
14362
88006
98852
2972
68625
31081
41374
174735
202472
29049
158225
119838
80684
75696
46666
52687
43101
46030
82980
26252
48885
124133
52860
206968
6628
28610
181649
25333
112901
82572
72321
15683
67950
3400
13070
24141
152123
81905
48299
240905
41642
13709
97422
25111
19108
36562
13580
57616
92913
8657
89602
25814
237948
42395
48195
52881
37643
6968
34806
3286
14486
25180
64848
23641
18913
30334
25413
38207
97844
173367
25293
32437
69105
57139
230361
37725
73218
125286
19937
167919
553062
159012
63288
15614
29222
20871
36934
95989
9627
97808
101112
33825
27855
64902
71565
74116
3856
140749
181616
62889
27842
112465
61392
77618
14326
58548
60260
123675
95061
106139
78723
93402
19464
228330
53082
43694
22821
9157
83837
34578
172699
39394
15612
77714
65399
8022
46959
128593
67760
92948
128269
116355
40845
53617
14796
40710
15257
294958
34211
261365
248632
64472
82211
4686
142235
34935
87877
132407
75725
25697
83002
31035
35286
42562
62042
239604
73933
59144
37827
24352
29623
104696
17325
41440
36043
35542
7231
38078
45097
87146
11615
69081
113587
38744
48937
6342
245081
7203
49528
21865
65083
30350
28728
146527
136472
41517
382634
194612
85397
22896
53887
7445
78635
32516
24438
16295
54783
210367
92554
24976
23933
149854
10102
108051
40887
41785
39892
18428
304451
3227
41360
246539
93036
64037
10708
157372
84163
34390
89552
24509
60482
36176
131969
68246
13099
5635
32333
75728
28891
25310
17414
19977
4879
55420
56305
103637
83300
55880
27051
193169
90264
10275
173886
2617
19114
114497
43655
92974
9306
88147
38869
117319
27589
60041
17109
13582
20441
51845
14509
223956
100636
82961
25236
82584
4639
97758
121582
242335
123130
90547
151976
15580
13584
35765
86955
69035
104002
14762
53546
29812
202685
28949
4747
174897
25025
52013
142915
64520
11655
15213
66643
15355
21373
56619
32964
5866
106642
32821
15204
19328
35224
119500
61783
251118
53143
71321
10162
14993
76902
41261
76527
56187
126252
250619
150763
101294
85722
85314
12453
202448
2672
151494
36761
65406
147313
94515
49254
49073
3395
13323
34302
18118
23097
34344
11005
323045
4315
68766
3318
25234
117046
10781
14307
93027
69328
31144
13583
50042
74437
6548
25256
23252
170083
13382
30436
45095
17230
55694
54607
179277
218087
6420
111197
15878
44919
26259
74584
51659
16698
115718
106437
176939
96542
66097
96117
79491
10807
69244
310402
62434
152732
107137
25532
47676
9042
25273
67660
284316
19226
11584
65753
20497
229518
39585
12450
90062
9505
49099
26542
4998
12659
37052
36591
72351
51258
118267
35740
32582
42472
43294
9353
40130
36448
115574
37960
92391
255764
97530
30636
86013
125777
18987
113140
4267
7670
15835
98802
14251
13027
3124
56412
5922
233198
22468
22429
80651
10001
61506
70561
29270
29485
5730
34724
10147
4006
178989
94319
115733
103500
122037
12688
58721
127529
38307
44252
122185
58018
35319
118733
39234
61289
32556
101280
21823
4452
57926
44404
126399
83139
118692
52971
358167
112079
85599
10949
54175
170660
12222
179206
158689
13870
98656
18655
16610
47524
106410
161905
70407
119532
153581
19110
218633
14406
20222
33992
34448
19381
97025
82806
83844
7038
28556
53378
9276
17362
48276
28853
160960
44366
131533
59984
3788
133162
126792
22617
22675
108614
137188
46313
40802
6895
212690
61857
16562
54731
7216
102611
269310
59351
21360
47077
80137
50117
12028
28419
92281
105310
53444
97759
16055
112910
110170
59708
33984
68806
20352
63240
25941
55412
46748
238384
138908
38448
17808
18465
232167
54115
209573
180549
56890
213140
12589
208979
5422
131532
177306
122323
37161
13565
21987
53339
82484
67321
34947
85902
28171
71227
56065
20164
165130
18116
21229
86276
28108
55857
33840
3166
6188
156574
5087
40604
207071
196509
89605
25053
153883
55622
198676
61171
59151
8632
128501
73344
51374
58823
96044
75886
13011
59615
7210
66827
24989
85350
234752
9340
104215
74073
53901
152726
87489
73809
90549
66917
26093
23627
57842
171095
70970
63724
54502
60634
40592
61167
8242
29189
109558
34432
20133
15909
68710
11463
89709
25308
22201
22406
17415
22803
119667
39818
61376
22655
71856
147861
96190
314903
17307
34490
97763
9711
4820
46591
67007
216304
112712
4502
234479
33908
54958
68328
28512
237091
183255
112550
64163
97910
3245
64654
106661
156284
61405
144001
12695
101363
21852
195113
7207
73906
140622
9391
129619
122796
28996
25533
6735
114019
183402
149830
64934
121887
16299
10303
25485
49489
190249
53472
121271
9541
55981
24012
90040
23921
97086
61179
23753
2566
159560
12774
6220
48263
8623
5287
35547
32894
107482
127373
24940
54146
16886
14814
103206
20473
55955
470776
134314
48293
58933
6538
231564
45290
7640
65248
17000
263269
15110
44460
123392
42043
182405
54722
155039
3391
182302
277804
11709
82041
15992
77876
86737
31250
79052
142743
37562
195990
27679
91885
15363
104772
13196
211777
116995
21452
14407
119719
76186
188235
7861
53956
43634
10856
5053
49137
21102
112328
35339
133764
43179
23466
147386
17322
21907
16982
143280
12486
54862
5557
7916
11501
60815
158701
70098
75047
43877
21093
34800
62248
18248
68170
98694
23895
46021
350367
14071
20403
71392
12214
47169
27319
90602
98572
72310
51832
51021
39399
35193
20781
23461
37441
10317
42539
118098
68620
66564
34138
132577
46000
18024
123666
5034
84134
37064
24667
9315
70739
44948
10664
330250
119730
66642
109799
132641
132068
18403
27873
77356
17836
87773
43109
6230
117362
63654
104345
11178
50406
10380
17196
45118
67109
9877
51206
75995
182197
79025
36088
5103
20433
32848
33962
73560
65002
72806
9431
37895
46299
21811
7150
87878
54362
111990
30500
64310
8188
5286
23418
13978
88990
48150
36199
111953
13672
183005
3185
32572
306455
12341
14094
18746
30493
43288
60854
71654
8543
65001
157472
71423
21879
83861
94002
53350
47953
215011
49141
39150
18380
7411
176956
9079
60377
135603
8460
14159
107995
67907
13134
27846
75692
98008
7988
48811
276076
34919
85356
54590
49284
126831
25601
23190
49919
63314
27087
25535
13531
229544
11866
105790
26463
75319
43929
100534
18837
21988
24977
140737
21700
197838
58049
83008
32997
65431
11383
31544
37065
68056
125409
31731
224417
253089
162249
24711
272638
97894
23449
50286
200872
74603
6606
62822
92995
44349
144808
50139
12873
24314
119992
50804
18035
128020
77424
423589
53881
118652
14633
8795
14582
57305
149847
94467
11516
40127
10699
19999
184317
59793
67396
37168
128070
132522
79249
20464
61188
154164
4424
6231
22275
219355
21439
16453
55712
110507
74565
38784
78928
138781
16458
41539
46970
82124
104937
40714
11392
18884
5340
47761
5193
128323
288740
44653
120107
11270
80417
29907
124968
27498
152916
9115
92573
96578
81303
3890
154361
25486
98599
46530
45350
105414
80077
131694
257655
6250
84815
76025
109168
22468
79925
29591
8293
16269
5561
34151
18690
110301
219808
176413
75771
110441
15200
70619
72062
115122
55390
102968
191904
34798
222117
6714
97640
18962
49573
75739
19593
224170
28082
30345
2515
16909
264514
15829
50469
211006
132437
172677
37852
20032
25226
28340
132439
8714
37516
10896
111291
5017
39450
161532
21781
159044
70962
13971
37156
42082
87535
169266
177877
56296
22592
19350
6088
58979
78774
10550
95027
22812
30812
157586
127974
14503
19707
228804
7637
50097
69443
96491
63381
48736
63854
197036
96572
165585
9184
35391
17086
93446
82288
20384
58087
6043
29595
30142
16863
26391
90892
128108
45739
49897
81164
20294
77084
78798
136835
152977
69760
5011
35011
53202
81399
12545
45011
196161
118720
31378
33084
40974
21242
12349
235017
16603
71495
51616
13821
62505
112468
21060
131974
23950
28296
186682
163216
65050
257208
102703
193075
14610
33616
1187
190660
10805
6090
113604
120506
32908
242837
41476
13937
46288
73197
16977
28614
202111
14136
22710
66658
110126
12418
29958
46397
27456
33479
2952
79594
15939
69053
86733
13212
171487
25140
88681
67202
78964
16056
6925
59659
43145
23986
6440
17236
20095
89716
20082
115292
2527
16844
96713
122449
15069
4699
56851
32801
54471
141128
50699
75711
55879
8572
98902
172082
154636
132973
179941
44942
60447
78632
8645
81291
10288
72972
161676
120390
9161
196658
135359
8530
142237
27581
60357
57916
18856
46827
21842
2235
76028
141712
58635
38021
16995
83487
25368
16709
23735
24409
56568
271449
32638
93727
26263
36038
32757
51651
53706
38777
5176
17989
19514
122750
54139
116566
11402
46904
74195
105463
9830
13696
75993
29128
128046
24886
18943
223125
98003
33222
71402
158733
42542
19791
279368
109223
70803
137060
204927
54044
7461
260223
114767
43045
44041
12600
39815
61335
22241
14129
127214
28165
188105
142408
65865
40621
5671
53255
4081
49744
96027
15404
88256
84579
48103
63947
77430
31945
33983
9526
113463
24908
113768
8901
42179
134594
166694
12139
236311
87697
19840
81192
136885
150357
131928
40405
51077
131801
137494
30667
57172
35197
69731
67370
49466
194226
272367
57740
11077
20477
19117
6448
26923
125154
64801
22085
135202
113427
8422
81786
35025
41898
51935
307352
14897
4672
112335
9363
42432
27814
23512
47272
81966
41060
266971
19928
130648
91705
16268
8046
10804
110122
16808
59564
15127
91619
19727
71422
81084
31914
46188
216736
17603
7065
3080
126823
36600
18165
57638
120362
14021
6318
64157
15307
65950
38191
60383
75505
16315
38981
25865
61561
168983
73946
197604
112748
56486
115374
46943
36160
205281
31246
18258
95535
26468
111140
25065
129697
24624
198773
104272
58981
22684
81006
181833
47479
30304
110103
55857
26824
4526
22396
30215
12095
82500
122041
20370
111113
147124
69077
40577
138460
21304
166023
112111
42568
63821
19168
44851
31586
14132
39361
113520
12857
192106
51783
4281
35958
23087
18910
6235
79943
13972
6984
74305
138670
14350
51295
12589
68910
136046
42631
107443
18904
67782
16814
82532
46002
199542
28375
135096
77097
109155
322644
32801
20247
14707
99767
90205
165373
14838
12488
47007
22430
7087
16175
222579
57947
4394
139303
93983
57881
41357
10420
34187
30612
135120
38913
20432
116769
33264
48963
64087
49193
21838
9969
102088
136602
17374
28786
245817
16968
102397
45562
19880
19397
59291
17791
84470
44373
47702
198596
76094
10402
21087
4701
199979
30767
86409
98283
81167
9492
150200
36030
128251
23904
31384
50783
12682
186611
44504
22060
29579
2289
34318
55557
148803
82549
130924
80309
16306
31557
104399
89291
17308
76452
44028
12301
23431
83870
167752
41690
19073
25778
66085
76267
26586
21975
34368
83950
205511
38182
37341
144476
140437
130216
31768
23326
53696
303792
11269
75114
58043
17152
118191
38243
98716
45089
59820
51088
228002
67094
39612
11643
33228
58077
72676
19611
224362
30073
29393
10336
75834
25417
127083
48659
33293
57907
60324
74082
170330
35984
74232
48960
14558
47326
84319
44644
194817
48766
16084
128182
127708
94967
66332
70785
22735
4804
53478
154056
42607
29294
29906
166750
8301
86561
23726
32549
77117
118616
95021
5176
21203
93226
43489
16934
43783
76849
12025
67364
120093
215772
18778
28066
30790
41355
34558
49193
212261
103004
2365
23197
68551
18197
53327
38940
4401
37135
117401
59165
40371
19907
56519
3893
116096
136633
26125
64259
80230
139861
10772
14436
37369
61143
44744
14931
72761
35314
155909
119237
21572
34921
22583
44738
32123
64139
19103
46690
138320
36281
29372
159186
7347
144593
149985
63833
31010
58524
9795
50614
23356
12473
68238
7602
76648
70441
61090
258722
10963
219032
138044
54437
63567
103900
55147
8606
17506
42268
232874
144620
45076
151261
35173
100383
28471
59477
82213
140140
54028
57635
81541
206709
90704
67969
18729
9331
56656
17792
108700
104102
28112
169856
64383
10972
64755
65804
157853
47851
7997
95542
11689
30839
82539
17308
7098
64370
82063
124168
21691
49643
32982
23210
81569
92503
91969
14550
10421
58429
55571
204831
93045
93391
12666
77359
33599
70197
31556
70380
4080
101843
58247
111171
66959
148257
129851
36013
88199
214172
17071
175930
154000
47738
75524
16495
103262
80360
40585
195564
46928
91136
53613
31378
108382
68200
20217
37497
135452
35248
83308
57263
83338
251020
13246
15697
42623
56517
40811
42218
120878
18576
78319
157243
68170
42247
5696
34318
48479
12679
11946
32994
39147
74091
16429
19665
23264
17684
42421
16547
6740
49844
60296
59448
9866
86424
23476
18110
44666
15665
30569
76754
109978
16511
8602
32393
96261
66158
15214
46125
134630
56576
46452
11483
138415
36642
36363
13772
3252
21825
35290
46068
31475
41139
63176
117738
62415
473677
47992
64968
100516
102168
6712
26496
12523
75984
117394
52112
67555
108137
13533
80494
15544
9016
83859
101280
24081
57257
56310
43516
9548
33075
15318
35781
66558
114881
68264
22685
159662
84166
307004
23294
80268
32977
37754
235935
248659
236395
7535
21644
56027
85846
79762
60525
32790
74953
24169
38586
86017
11916
31892
16614
46311
35131
38946
187540
73650
170014
36041
75484
60747
14096
10513
62077
45282
63215
19647
116699
27996
25028
138657
43935
15136
194344
59500
55319
66767
3599
294854
55026
23242
50613
5813
146785
37203
68424
52672
43305
52611
153776
33205
75198
120306
247866
48847
53320
48750
8214
19784
14943
25798
273253
152227
115626
57808
141361
113115
64046
78767
43010
22108
110204
7237
75956
172923
26089
182167
36526
93191
98772
5715
47241
18984
21003
103482
61023
34156
41410
74106
30210
24050
13438
75900
122861
13994
86891
41859
26011
10171
88439
66733
48957
73348
18810
36670
23700
23289
28845
139872
5488
81465
60793
82753
7189
9044
29462
215901
73886
8382
81210
81049
77341
36355
16353
16962
112907
77646
22709
24464
89392
123099
75784
5610
18468
14077
85201
135129
125399
432844
223831
90281
10716
121315
15917
17526
69843
28465
118907
18664
116036
62074
153943
14725
6032
60825
34941
7939
84303
83858
60527
53670
22002
18047
29481
135853
30587
21915
26012
4671
21191
2204
33637
18105
15609
73336
48799
108231
255603
121792
23247
15382
11083
27243
16011
15692
5233
77713
34759
108853
50276
52850
44774
71096
212321
80750
84123
102827
52228
12439
20520
74214
2897
97954
27136
32122
58981
109487
13443
63594
69998
59776
167594
18359
22884
25215
42757
123741
110926
29767
7495
59333
30344
167754
38445
40241
13911
78326
31176
102857
27356
48191
56877
25710
38972
99597
13446
27728
4656
7065
103328
282218
194664
72492
110226
27008
27249
171942
4148
49160
55003
35618
18181
30932
13128
47264
49518
2932
30278
9176
43342
30989
4458
99377
10952
17304
77586
15370
190366
96671
30949
392391
54278
139737
48148
121048
40925
43716
38771
32418
49653
301466
73884
111142
46015
8945
58445
66488
303732
25415
104416
21266
36147
50927
10742
42968
279220
18027
64795
20643
31169
62122
27286
16333
25840
9354
43211
202914
70268
17780
28717
34040
51302
36655
87327
70275
10664
22706
33913
63366
16638
48767
48705
60858
107177
60228
82584
50709
8261
27261
23030
17800
111304
14282
112328
225846
46951
39392
214124
16733
163857
62878
190633
32935
135552
25449
151553
126760
64243
45268
172402
67757
94672
11235
62459
35264
116543
33999
25969
157205
27703
29731
68865
37380
40469
49337
59370
18081
55750
18952
32099
85180
25927
4057
33019
18775
90489
52976
40861
24629
30093
12478
44672
31951
147693
78318
23333
31684
199287
9464
69096
92187
77340
44334
70789
30209
31521
14311
41970
94285
74531
116933
57959
150212
47066
141050
13657
6711
131721
45862
32053
13727
23409
172577
90062
10072
40028
74006
160076
66886
54597
60481
45186
63810
123520
14819
5978
6863
65093
18175
54202
66938
83977
36618
8040
49630
8793
61835
18361
44157
64971
14190
3816
6883
588480
25370
43176
70912
35983
11046
13056
42467
77111
58154
133017
34822
249779
93998
75678
44665
7596
89588
53631
101540
55937
29505
117787
43573
64272
13544
168744
70172
43783
42181
44495
414402
24313
39942
103368
17548
127249
19778
135501
40028
53688
35701
146542
71107
11489
84890
20447
117581
27916
135272
28685
104568
146638
11538
40782
123122
13579
159338
25126
12129
73542
64135
6972
95165
170347
169666
17046
68035
71581
69137
26036
59445
24968
47306
55792
33561
78603
77248
59613
21422
33299
14963
49936
233948
40547
12392
76251
29607
22310
47885
100601
120415
37537
60440
38553
115090
98274
40735
199052
204907
38291
8172
97737
53241
23535
31077
117594
10300
15069
1561
155977
143813
92543
46462
36246
25543
25618
32279
117987
37856
57888
45188
56612
181498
34525
52927
57243
86606
51409
37261
134533
61598
51296
6555
25891
110099
36453
32557
201693
26738
13917
76251
32315
119200
5938
16720
55338
32837
21613
154291
73667
10045
20291
37921
65769
38175
92600
68598
10889
9439
43328
47251
3737
55592
9457
30157
36767
80492
28941
89503
37155
43648
48521
165414
193700
104474
81068
151783
61500
21577
192838
74540
73318
17678
134117
264459
212280
95189
167690
36546
46205
47234
23612
41150
23608
57189
158770
6861
14322
16591
186351
58378
96164
51985
76841
103844
17289
27427
119960
117357
23106
126645
25296
23052
12868
65156
34822
122837
23245
52458
103023
20206
94663
65347
139735
11119
21407
22025
80939
71639
8072
55077
41765
42649
55694
100440
137931
70607
182258
51815
53725
124897
12883
59188
34789
183575
142650
109143
11952
98895
51320
65283
59354
38446
34005
80387
78648
53057
74091
122500
37449
130628
2837
83494
48908
30582
27837
130551
164420
24241
53932
159611
134587
79085
71830
108153
108911
9719
75616
22060
394880
55767
45665
56799
29022
176695
29751
55112
52654
111082
92637
133978
157934
90394
26036
45794
5229
48365
21991
45194
82007
31593
103136
38332
40379
131102
114709
31613
36231
44696
9363
116760
39106
13493
87702
70834
47079
90235
72867
21555
18436
196890
129699
139849
10753
167503
69084
56754
9234
76444
110490
76420
144445
106651
91165
64334
16765
57665
53985
9287
20462
58776
75519
67818
86720
98060
57633
314932
20174
315366
164951
127318
44900
11112
31655
6125
56554
84910
319490
36064
97341
104721
27200
42292
41724
4657
140770
16651
15152
13843
99500
33224
26170
126249
24810
70156
38973
45168
60674
153314
7877
129655
277376
47853
159964
191790
25061
6013
24247
34514
58831
25625
26537
73742
31872
65443
28352
17962
48756
119708
5845
70486
13471
77441
26881
46891
118001
111055
55468
66584
97515
22743
56477
33425
35561
11483
150807
115130
177534
23122
15446
74387
29287
186607
71338
186468
34309
57382
37618
123166
17239
24881
26044
120383
13993
48669
9075
8804
13101
99616
89269
29284
127405
33692
86672
24957
32391
74603
160735
41703
63904
69586
2950
10233
16445
42430
46424
69016
44127
29152
66426
94934
37304
239967
59471
81925
84258
45431
24627
66817
69145
32428
219399
24361
38032
42972
104557
89148
54539
22194
121603
12444
82458
77948
52675
150543
13764
95656
26690
7968
17652
7367
93140
50323
23426
99239
198805
39124
57622
15714
35960
20901
214238
105429
17502
49553
111051
197084
54884
9887
49220
131472
26656
24487
18406
48548
52717
235851
71193
8170
16788
40552
68435
15933
110178
75067
169916
150276
138279
43357
86343
70436
105237
8269
9859
10181
54641
8721
458253
47967
35879
65105
36772
38113
21687
26017
16662
174860
110913
53690
9748
28280
25039
7751
62137
47781
152310
55661
23410
16965
203292
38049
159153
39248
321281
9056
29781
34280
86410
103760
29428
12701
48877
12886
64012
15802
135604
42611
85712
23792
175723
56931
304263
31492
81274
40614
169319
35453
77916
35657
36724
2998
187483
18164
40703
16550
176458
108598
13953
38742
83687
8265
9729
243592
8034
48218
63946
27548
37415
185325
12376
93291
29974
5006
30953
28237
214552
312164
15160
19041
117280
4029
20119
227648
14960
44529
176878
105452
101150
9277
74772
143639
61008
48726
31799
242616
29799
46424
3868
19389
22519
18328
152676
29391
47427
61895
118623
118570
31387
25114
50526
138939
201039
72747
158806
27499
149512
125590
22277
61030
24327
103974
130813
41709
24265
10309
21119
42647
91373
60267
32945
225132
4137
33785
27976
11320
4193
119089
35385
84756
53688
93908
9369
38718
18749
25976
69673
116493
75621
79829
64776
111095
28150
33606
209283
63742
126762
51651
10146
47672
59393
97642
94866
268996
50925
59744
38052
215179
55425
148447
111335
9379
149071
61674
9844
33416
76994
74692
13022
24462
43763
51102
43201
128206
134615
5875
106404
58208
3882
23896
63524
92219
28447
126498
263714
12966
15974
218789
37824
116870
10044
44998
46231
34688
6737
28631
79796
101504
48381
190377
33928
20824
19288
29358
29691
29588
56535
26791
78994
98064
13251
277963
50145
44583
88930
4175
67775
152777
18443
34144
38205
17791
110242
73298
27319
2929
39355
77511
15742
6011
32947
33053
10251
42368
197888
6881
5412
139865
47374
224317
159155
7604
105880
16407
13425
94123
19342
136344
25215
26747
7271
152886
46475
41848
141137
26459
30517
263986
53799
63290
81029
109826
30260
23730
5269
129587
126961
6857
37178
41268
114800
88524
54837
26136
14346
17350
9925
9994
86129
63986
162177
10741
79024
14176
186011
154384
29294
146704
106279
35453
127325
24333
40838
62015
27029
50617
57415
13589
5825
27003
106899
51463
165874
21242
39750
58498
33903
25699
15827
266795
14649
88251
30718
63681
47650
37847
130525
264898
26772
139212
35064
70036
24652
18624
51976
19792
42939
85446
6667
84127
29645
23057
27866
104539
17155
122123
180329
46341
40852
14405
97100
66230
21818
148200
51376
40846
39407
4864
78345
12011
148158
151712
175341
35426
220105
48799
33654
8961
26417
109642
20024
116716
167025
23346
134925
41415
99483
27996
90266
21301
13342
14053
46595
37537
73353
11979
9225
47264
56383
39545
36975
61866
9952
237204
46804
68710
4471
14932
14490
32293
80040
175944
293823
5215
62925
11391
107236
11020
58163
32173
25365
31142
46295
4680
15904
99560
91488
59538
89804
214145
13827
32850
53159
24799
25064
15637
13759
104281
29971
69400
68536
88160
10601
10687
22393
37955
107445
377607
64782
32411
32469
8415
46398
26654
114445
24323
173441
105520
262917
38782
124411
18749
16871
131639
65050
30848
31053
99286
32081
58233
68038
34343
20399
21066
12688
22982
113451
44696
11942
34182
81429
43655
105333
28418
73279
41527
25095
65385
15613
61368
30395
205775
320097
118119
32671
34935
71261
134261
53314
26389
64735
71155
23997
137615
86928
4552
101352
71563
3000
30954
209462
90643
12260
13647
128727
5438
42212
101259
118499
8099
51905
18720
13758
50730
70287
16318
143990
50425
145797
29184
92074
6517
39353
32094
123365
138979
55203
18171
6194
122017
17400
63771
17387
145363
53598
42844
127546
56814
15411
159273
50215
96488
3371
70109
81781
33650
12777
51726
20445
45650
11192
120458
38766
112158
200113
19325
46738
12738
90668
18952
245581
75293
41042
22061
23498
11895
63244
13311
10540
42852
58571
18845
13818
105931
13938
159221
31534
46421
59801
66855
28299
35431
32542
10806
23634
178838
21603
230861
35654
11292
40636
135105
42310
30869
62688
31553
340578
130390
49337
24220
7953
11482
141484
91170
20078
17527
174957
84490
124356
16736
142428
126841
19135
22172
18234
57411
53187
197723
154919
25196
36887
9971
113337
21327
83284
23794
24013
65284
54929
23543
4713
15111
26928
20573
53239
130651
92895
28759
15169
22414
31500
90454
20866
62840
6920
61975
93918
85250
100454
77384
24284
74340
14948
78438
19371
30299
36163
9654
50873
65344
9584
31652
84020
33061
58646
48406
17880
20214
60769
66614
48142
115232
29137
31913
193194
135001
182051
55421
119239
36455
95740
16239
93400
256375
194801
41311
113038
24497
37302
206076
29873
121829
6243
190844
211078
8716
31685
43658
92396
64887
95216
93303
29436
164967
14899
22663
65758
11352
155515
13676
30574
124182
249310
12063
38166
45235
44215
184216
105360
61437
67169
24890
133262
83883
37924
61471
135048
54098
19577
20677
42142
115131
123715
59523
148368
63413
17032
35931
97719
71005
180176
8622
33181
87758
31147
79495
120140
74467
113433
39027
16649
54259
11576
74262
82575
45799
78947
12415
267808
42387
3450
28190
154381
27691
92156
146964
231070
43797
181105
15331
11654
37487
197291
95932
45414
11172
46056
40235
60066
69389
169470
303063
54666
18507
100425
150456
2552
156393
32912
10311
123233
90591
214147
65160
31599
46085
133585
35659
93174
81697
60247
33055
43481
36113
9653
117362
59108
146210
83231
48531
5567
40968
192716
55100
23133
12680
64715
26505
35880
88560
60695
83387
67388
313274
33866
23117
57998
79048
18093
69596
65636
20338
6323
82682
85800
30923
55047
16308
52468
29775
13550
24341
18109
133918
5376
18953
347601
15334
6128
51209
81961
62217
68624
16243
74470
14816
54158
61877
46846
54221
4428
21728
58994
22253
31424
23364
182711
119556
11729
54569
102596
75400
118514
3064
41482
57057
59719
23755
11370
40410
157423
8489
31105
70984
169623
30642
5658
28076
108237
2696
44857
226418
40694
18638
96475
167335
12261
34608
42517
74067
32648
32823
42221
17714
38988
16224
11402
120404
182653
15641
49614
45733
84669
300117
40778
136317
236251
92401
124773
13368
9420
41229
51487
134315
45265
46956
39010
55886
50331
22287
49787
11989
33053
19641
57280
82465
64631
126885
155941
60954
15059
43903
67678
22548
48676
23879
109754
159080
51533
16425
79110
52296
65765
38151
1936
22374
61875
104216
7888
79435
67744
118460
33376
37279
4128
12109
7583
137165
10827
32527
85031
6862
54762
30977
127285
29135
37431
50654
20660
12780
34639
60768
52508
22530
38830
15096
15862
23850
10731
24481
128618
50923
73015
12927
28338
59903
76069
54599
91764
61791
102592
160276
15958
39389
31749
1205
23015
15905
60312
17646
50475
14962
91228
12255
32348
106746
126914
43887
28397
51431
131495
32005
91027
101160
8311
130295
21529
29823
17361
68580
5483
24334
108224
38492
230822
155640
8547
12991
78903
73706
105189
74116
8988
129251
23265
16983
58250
6883
15653
16702
41515
163496
10441
80225
154195
152707
31372
108036
11116
105670
2871
70132
20916
27888
19862
18904
43547
23149
102351
187126
14514
95472
61642
4319
108276
5735
50789
161169
168670
29616
119510
19818
191983
49162
65841
22388
63821
118357
31173
78162
25121
61037
59941
22136
26089
60146
74812
37599
59429
139199
18175
29610
7687
167279
15248
111323
4738
5409
59183
27925
13082
15425
126648
10099
15879
8189
14886
10277
34744
4043
27599
22695
5751
17801
48912
125605
35893
39145
33465
119645
107051
168641
66536
86939
17800
132878
37033
11262
35408
24749
218277
31304
185069
114849
3851
52423
19682
35347
20776
40157
27042
32339
78308
129060
33553
6254
15544
156413
34908
16125
208485
42841
6471
20785
9200
29893
79391
54649
55151
2893
26932
46587
31961
44031
10198
48156
41787
173579
59524
8786
98621
33260
368042
211975
12041
69164
70102
41732
52363
36824
48022
272865
92244
58980
34560
117901
101730
12693
40075
71504
67079
98442
62496
149722
93765
20116
97797
16427
90983
118115
9263
60060
10858
281865
12180
9600
30621
11775
12428
10771
227175
9646
33500
96595
30320
23277
77285
48266
94893
21219
18432
95590
156953
25570
51053
39127
16633
24340
91770
11976
40165
56162
105640
40854
43110
55803
72037
19529
35809
32452
250487
69581
12083
72963
82903
50947
87201
77502
75314
114901
59645
227593
16264
38173
73992
28991
41135
112329
9241
114353
134204
29161
195839
86438
31610
55946
40510
37682
87461
369317
85911
79175
102641
74880
4973
19819
38504
17935
74069
75500
49575
62119
37135
108032
59323
11077
179760
35793
89561
59604
28875
194771
37488
21644
27968
78201
14134
131645
33530
26386
34044
13135
53431
75238
4208
32265
27723
11163
29399
31752
99410
81278
32848
20293
38341
167011
23494
130034
39454
25899
95907
37015
117088
24009
25407
127237
27516
14580
2805
41412
46624
210130
61595
77594
134796
86243
150146
192683
116076
190767
38759
59669
41400
12932
107363
176970
56360
113973
53384
57255
20739
16981
35684
23143
96430
281110
159680
30170
256375
129829
58891
82758
27203
337413
48843
5889
41751
6860
92647
42181
86551
131373
64407
18020
92575
34247
4417
181740
45755
104630
117676
36696
28859
102731
20295
83895
34849
82730
106255
68505
20151
227819
51869
42306
12173
126075
6044
91733
122518
61006
98536
54499
41215
237184
37279
37235
6332
44763
91884
39895
51878
61042
40230
40488
119822
267393
4536
19074
40645
8133
24273
18406
78561
77554
47755
77410
115583
39213
35706
58063
96972
13739
103264
40297
36546
8123
22249
53536
22669
143385
181048
22473
108120
45901
13267
247471
251733
41781
8048
58176
7159
61369
117678
4774
88373
68535
29307
12598
49032
173641
11489
67126
134750
21993
49294
141562
48433
15953
158075
12068
42066
211737
12631
19278
41159
49154
26599
107909
126678
57097
9385
11459
88242
184508
165617
18840
191969
30437
2738
5532
25230
197890
86335
4132
20372
20647
54629
17447
112742
48600
98203
119651
31713
10693
30844
22392
59493
38953
191726
105822
35567
31858
18907
20415
54636
22810
11812
6527
34437
86007
140209
131395
142055
26644
84854
37622
10926
96651
3699
71502
7659
62272
14117
109581
204265
82266
31926
81930
2263
48782
169451
143578
58788
116939
64925
91396
98675
95299
49523
6688
7980
316934
44459
4049
53264
150106
30834
94237
13043
106061
4036
17703
4087
164273
104895
294086
136077
83597
174140
23869
212401
70345
152052
19621
53934
28221
100941
115518
61813
19104
61259
26647
143701
41005
40446
150889
7488
115556
77400
7454
26508
124770
112156
106096
15707
136429
17382
350749
31479
39296
252852
24083
16102
25376
7015
13525
29171
67307
100101
41158
90624
109092
58357
48722
18026
102873
220043
44258
20743
21456
140315
135400
6787
128781
29433
70704
6082
146926
197676
72741
85744
2471
44552
23960
16597
75266
55243
13577
46574
118878
28411
135622
24991
72456
38432
41076
121883
30425
17406
177353
126681
51599
68839
98409
61164
113573
120101
43596
127790
9856
63692
42113
223005
50710
53090
76885
8508
8152
24171
7585
33677
91726
121093
2608
69889
18676
20259
22774
17774
18207
34880
26083
225724
11000
33379
93723
34890
10753
37086
10494
106009
63465
100405
53638
277032
24548
52695
171742
73949
63127
10788
22224
125014
1748
24070
17536
4739
290983
27376
7992
55632
118700
11744
99538
18246
43712
52066
51424
22452
137205
12761
313648
167270
235546
8365
41459
77543
42711
134761
106779
18639
28280
42161
92556
54239
37298
36650
16604
33337
33488
34745
70559
55813
28903
16461
28629
11465
66928
18257
206261
27445
21363
66471
169544
227795
220755
92361
204041
57335
51966
52993
31325
45509
48142
87680
20340
65309
52804
15372
9536
152237
16833
8871
279975
83908
77364
33546
12648
87438
49150
44833
132682
89976
33196
20323
33456
32262
23821
56563
8510
21740
3397
232537
34915
48554
47447
30129
169890
17324
75568
69064
17663
29160
20244
75084
51035
36103
100050
83329
113291
21071
79015
65106
21255
72574
29367
39768
74516
93233
26877
67775
101495
35596
99296
96393
16111
42248
22381
11839
66253
267118
79829
66166
54986
156870
67516
19242
34133
50313
32040
50181
41848
121001
81198
10619
12522
15359
6341
19320
59684
35725
54544
8238
201445
28769
32632
18647
42599
167906
62991
24960
128287
6602
9493
89681
19193
33829
30575
78254
20211
96679
91974
21078
6134
10416
21081
168795
51123
31777
32823
49862
25342
42395
178309
41383
55556
217850
19674
111459
222145
9487
47010
12277
24842
98768
55925
53836
20570
16983
91888
16761
5352
57466
10060
19193
64379
7332
79276
79731
36922
47102
45779
96472
81431
40969
146347
7250
240594
259796
9563
53485
35730
53254
104850
140735
30263
10404
27924
12826
182088
151804
28135
30424
287780
170929
38613
5672
49985
46180
70902
4481
190393
44321
2744
66185
189065
35360
11524
90539
46026
105045
177108
187160
184551
51325
5450
3402
86859
185662
104420
77436
154630
9202
97449
128514
202185
44477
19991
8577
66529
83048
19759
23484
291106
24130
88474
34088
52284
3671
37298
9746
18727
17385
84824
5474
35056
113321
110475
91282
50168
18462
38410
228093
24978
65028
17496
6569
21627
13224
15410
22152
36828
147835
81747
182046
25310
87884
54296
251682
148194
43022
243620
82510
4778
26599
51255
14767
70663
66589
35494
14262
59752
86704
12908
23205
60751
148361
175473
36454
77611
14274
75693
10595
116180
222398
5479
42730
67852
11774
57698
58274
73962
33925
115874
24473
17867
151986
134685
22624
230393
5490
95770
112384
68449
68394
147307
53285
43688
73798
22380
27296
38767
19708
108617
57594
89147
71763
64617
34677
263056
9725
23423
8831
39522
27164
84378
111495
67209
9747
105152
14060
30743
74686
24235
31565
43726
96319
45816
169888
187488
53943
127680
99436
63995
61846
25912
6785
38634
118457
113564
3091
42527
37615
21659
54661
74251
59362
131645
6844
9503
9810
24528
99018
121159
286405
320649
55445
92855
39227
44967
77858
22176
29656
17043
47588
30303
16695
201967
7022
52817
60689
175324
15164
286363
39910
51054
151558
40944
50835
5585
48929
88957
235394
63629
9764
79107
30501
341958
36201
12533
43061
265666
15939
34214
23003
46003
55649
8738
335226
5102
52320
110801
15355
44608
85583
156447
17795
60811
67332
54171
33221
2466
110975
68504
12881
4266
68154
164636
3719
27348
8835
21585
24813
16970
135141
48472
29189
7592
33826
9724
88624
197376
50793
31499
23853
4027
58895
34089
17971
180766
4465
9905
25416
11667
72887
17707
25320
75050
138309
53843
53471
36612
47050
54190
27716
5803
72083
97014
37061
156367
105013
143917
24761
82056
263701
127443
78868
57352
59743
98884
106267
78822
52322
31802
42183
112241
49676
38006
106871
79324
51489
49903
49830
3626
33040
20267
42172
19281
9765
20105
13632
61120
196932
84005
135001
38979
37278
19719
77145
14236
142304
4696
7153
155483
20996
110357
33884
37458
117282
92001
93588
22260
10199
60136
42397
100909
203769
49617
29376
83705
35314
39182
91390
116962
37700
29125
6211
20738
58553
32742
16999
65992
119182
15246
71699
87538
12885
141997
95679
164324
163252
113982
65622
12846
41923
75035
55676
34444
34726
28773
101902
123952
91752
69122
49583
59445
94836
178436
25661
45824
52880
7753
92515
52958
16740
16599
34699
6445
53168
129153
50438
55387
95070
29685
16853
67681
17652
35746
63878
94582
173512
74414
22057
128321
35928
118736
23549
9197
42984
61774
16957
52576
121371
85193
151477
58578
41351
150917
108337
85086
72518
12065
58803
9367
27841
44691
36399
2648
271968
85483
74170
60324
21309
54951
140988
4464
107698
78278
6498
28108
7668
88072
23985
172576
41488
15142
51936
40014
4936
65390
17377
179564
10582
6995
18455
41698
40167
123832
66259
73959
49112
42902
21545
50677
90657
118418
42033
9056
11356
142751
65731
53808
65362
196809
5546
77831
26751
137419
408639
105152
69072
106016
39488
6483
77646
25987
56565
64032
36650
75611
133011
60209
6806
43096
142114
16176
16970
115419
37997
193707
51169
53463
158022
25306
49688
35767
13447
42920
20254
106278
333060
35369
47951
76079
136553
6302
10667
24121
49968
85055
12600
60864
8581
22339
41564
16071
46912
123048
37785
65711
22491
74623
23759
13987
171673
82753
15047
48250
97798
147877
284136
123548
45474
7104
18638
57286
21900
52213
6474
69198
11498
129362
63433
63116
45809
247065
43912
318576
96203
70095
95050
5727
33699
112875
51710
54039
95533
109704
14817
159052
14141
80433
111062
27718
32881
11836
54035
15771
12034
1530
41652
303206
23588
61758
40057
69506
12319
6300
49559
92459
7796
18278
47995
67715
13280
6635
34745
7444
13378
65424
3656
21032
151770
259351
27257
8385
40944
102930
21070
135367
45201
17536
16283
4792
68049
18829
28681
80492
21061
72661
75059
23309
78088
18824
8858
99413
41678
65222
90069
113240
10983
13949
191076
30923
92073
5782
64291
60431
106185
80130
216764
6978
65625
40906
104725
16080
51809
39753
48871
178603
39424
126896
46271
13408
47756
27689
15717
147826
96499
38310
50317
12115
26340
138732
85811
36520
94356
36052
8729
60181
31116
4702
15793
51561
44545
66847
120117
7476
13217
82104
24010
10018
30346
209626
112488
7411
38135
225066
2854
67624
193321
2459
39568
87177
117725
14276
87908
7259
45545
4537
10483
26331
22819
74090
34674
74957
48193
90787
41225
125108
4835
178487
13650
11544
41251
59506
92937
213875
117582
22325
8793
4675
35084
11905
91814
93014
10628
16905
8091
25260
24241
94985
113822
25012
13052
101924
144492
48650
29000
90353
199117
70654
63881
54493
57352
20982
51878
79772
26221
30862
13317
20342
68872
26981
63956
273666
32184
21907
77875
94201
194941
28267
7768
90751
25679
16482
34291
26227
85251
19272
54429
10082
257408
51973
21250
44606
97750
6526
82806
208450
5370
233754
27876
42500
61838
160676
37686
42781
43116
145707
227943
25005
116870
47504
241234
31771
297834
129531
34838
69496
86864
77236
134785
23337
58692
30356
40466
63877
49981
16401
14594
17217
195912
24879
42206
21938
45651
9017
41545
7013
32745
3993
7954
8971
55248
11146
160161
10139
64481
53342
36757
21319
62337
10733
115418
83628
115596
18438
28419
153950
13498
24473
32655
76276
42905
55313
6436
31071
41353
51159
14937
96379
103762
8651
145538
9138
164606
29689
12219
91418
5486
11293
26057
200973
31960
21225
103500
25463
182885
9398
130787
15005
155999
73274
132181
69946
66038
109965
66743
4315
210790
163822
35486
224369
114286
15714
30363
25721
23329
10928
10750
49619
8758
17731
21888
10203
18502
132516
116663
114849
104578
66263
131704
13036
174040
121494
62331
13211
101190
83545
28547
102476
21845
25919
8755
9662
135109
73420
19910
80301
59518
116594
12631
136403
22586
224802
31967
27700
51111
38939
102406
35251
37741
11154
125072
5065
61863
90169
107684
145092
27302
203040
159390
51093
143731
22614
6907
172673
22673
109994
107256
108424
23876
145507
42171
53396
20189
26603
21846
20833
10037
94643
3558
41154
36078
132549
42118
230942
71706
113129
69189
314144
98983
161791
9034
39240
113778
74086
8340
261573
77134
296155
51730
35613
23519
61033
280821
176225
14106
10340
12663
30213
22401
86388
61042
138614
31808
55091
102681
63926
31306
414672
2528
181298
31042
7537
18109
21655
141191
59207
4481
142049
6822
21786
68536
16973
83276
100508
46812
96654
24828
39919
147444
25859
19129
10061
54388
38843
45379
15828
126074
30644
5423
13149
9384
60425
24488
20128
94757
23188
5519
23329
35519
140475
105341
50360
10148
21524
80617
69147
106064
108615
29008
69906
14107
15926
266287
123302
143203
160185
37944
30688
81894
117764
86125
87620
39946
134092
6536
33377
39249
26198
50406
138887
12709
12282
166341
115875
132399
90135
35320
42234
46789
17862
28847
5328
44001
47150
129089
49332
262483
146221
55698
40264
9884
20946
67397
40976
9277
81203
45747
42274
7647
21985
31816
116921
11372
4583
19815
51342
20333
29483
23141
81273
17902
2913
36301
31997
5784
180498
28486
73224
48603
34758
32380
17369
45551
88623
11205
11806
119511
181281
12808
42769
23444
55717
47763
77084
47898
46024
83231
131173
9018
13786
64418
40661
105054
113484
32289
30842
12189
19678
14983
23546
114908
28185
30389
82172
15406
17895
69247
53208
28526
100716
105566
63429
96653
29180
73025
61812
49023
124850
67959
42487
16529
84842
32149
61546
133332
176563
207745
76295
107338
90600
92608
122254
32718
50024
5373
110305
111039
19723
52654
29005
22207
82109
14242
69965
47366
38320
156122
132018
71271
8500
54786
126979
195784
13326
177676
11901
18866
98723
54945
22411
139245
112930
275459
54348
80162
86270
44518
32788
48491
182433
19249
130206
3069
54570
65703
57825
63001
59534
71312
6964
29864
25376
16074
212215
58326
72354
49350
28488
247463
283170
195767
198426
55696
8698
22537
117725
15642
127983
10639
63546
41044
31495
16908
119698
13671
198674
104679
13091
31912
34297
194675
16743
26864
179488
17609
7551
33844
50460
10249
153362
65354
99466
52977
41264
24477
24307
41369
132164
37859
108752
25032
17237
111298
28695
23133
22433
140036
27249
385049
72305
19298
6866
24735
76828
66408
67432
97222
145145
69339
31279
87215
142248
21665
144081
55666
47040
17741
22915
15487
55841
36241
46495
81996
95608
25169
18635
27692
30183
13720
39653
9101
9574
34880
55778
30645
5833
3476
35305
33523
21446
128171
52175
112578
128981
105267
113782
128603
81501
12457
40610
48100
53156
9561
43271
18007
51500
30767
159705
61520
5680
28816
26921
6528
43545
61299
37984
63329
24259
127324
71243
19545
26639
34119
32161
65442
41730
6937
144079
53356
125811
33954
42719
159727
17800
166300
28392
8712
41927
33302
26260
21035
88340
68331
72162
110690
11030
90962
37135
154381
15310
161875
31798
98237
21641
32090
15029
6419
280986
58099
10092
15139
3726
54472
34651
54885
57293
119312
86640
16450
34537
34770
45289
4983
12754
30560
80585
69299
27534
95266
83384
8331
58396
278252
8585
180177
21279
33402
86537
200049
50303
47104
40461
141936
19756
22497
118270
135279
42588
61103
8659
96454
53972
52033
20039
51396
82882
27317
108786
93834
58373
51180
40225
13646
14906
22600
52976
99853
39101
52157
14371
12450
57935
40042
201638
122772
32336
40839
103945
101968
20766
25407
172042
46205
54937
64315
37696
22432
105376
40377
82813
165459
140687
42389
19900
394929
53790
99786
28146
28597
90640
64087
197263
134846
61657
114684
231280
49599
109265
148799
78929
132398
147555
28989
26898
91337
19767
49077
2749
13904
52382
38324
109582
200067
8541
22511
20784
54258
20200
370497
97638
101866
36639
93760
65730
45529
20520
106307
28287
77680
58669
11916
29224
180405
162972
19133
60685
91438
11274
28268
104796
99525
10906
64261
71256
21503
37053
42619
141776
23252
76178
103159
39284
72754
46334
53099
132542
98612
54587
11407
198538
18753
2197
37824
31825
15921
104990
11135
34588
31236
237454
17321
20526
81942
128376
75891
70499
166973
92392
46104
234031
20434
42901
13103
10681
13403
81175
47398
3140
112699
1129
21219
20664
235519
10899
36142
45339
109525
115561
53830
396042
16308
30067
53166
78425
22445
84562
18346
27149
41172
16233
22601
66510
53926
96769
25153
15944
54564
46737
8378
111043
32593
92015
52076
101103
34787
13195
4710
48669
16330
38736
39851
127284
44503
13677
53406
87612
59612
63337
145553
4409
3693
23274
32964
11607
63333
32819
29764
130364
40606
25525
139654
18128
19298
33699
17879
117510
70716
16017
46686
50947
6391
60088
4090
20549
11842
153416
40952
71022
13561
75521
34155
54847
74238
14843
69064
205727
20939
115488
378466
61165
161284
179512
46842
5786
26623
36430
76560
148064
53266
299225
27749
8304
166310
59471
28745
102415
10251
9015
217340
48933
242934
95363
60585
43878
43528
183732
27294
15180
116791
21540
38363
85244
43960
22624
143377
74134
16153
295339
79437
3344
167377
25874
31079
25526
20128
215835
11450
6237
92582
12853
89026
125312
103394
92119
59895
97871
29893
112774