55354
53195
327819
107119
66075
39106
14688
57938
17910
29814
14386
60059
8693
77156
138949
93542
169595
53455
74198
88201
64558
49116
65328
241790
33881
31752
36533
38279
84619
25891
217864
36511
10922
27515
37869
23381
38265
103750
36348
20863
35907
37547
52904
81765
49078
172482
16437
25782
61237
41106
34535
167330
31354
49588
139080
60373
51497
69165
12589
39617
14567
10851
23335
86021
9814
39207
33558
7838
57534
55840
157282
184100
15978
60488
112917
32585
95236
32073
17261
59417
35129
77524
193074
47952
22431
37950
10844
53228
52640
140918
170759
24308
31087
8730
20191
173418
118845
31770
90075
30776
22850
90684
11967
130542
40999
29690
28379
75769
37625
214221
111245
79914
132558
176022
63750
97523
89816
236095
16110
185578
66724
70393
90004
27221
141151
50930
83434
116121
61338
18859
89752
102304
60323
200423
93111
20795
266284
339296
175956
55528
57451
17053
116089
42471
6859
31351
47166
26176
122606
38453
61519
77785
42261
29959
24966
8790
321696
77814
38252
23891
136066
67539
7666
13340
202858
72503
133510
46384
51397
204563
122994
112308
105378
134914
206349
221543
31709
33068
69972
72931
121823
22068
120275
99857
78577
318820
72813
11565
60846
188824
97087
11096
26587
94305
42915
101081
85302
37712
247974
41078
33874
44524
127590
26321
10387
151908
21524
98988
159803
25338
57038
20275
120305
46109
39599
47588
126755
55846
37391
100228
20697
33845
40951
38407
21646
24828
33699
112649
57373
161420
107862
76493
92569
43486
100272
28772
26506
7117
109315
49660
59530
82875
37071
59166
24812
22547
10630
120646
23114
16916
181002
111024
57125
126329
191382
12541
53309
144315
32177
42627
25807
21818
146701
55979
78576
18636
29071
173182
147914
82975
81934
188935
13560
28260
78997
90907
51820
29736
169964
30917
50605
25684
137022
123377
26358
24492
44600
140818
15386
48212
34451
124376
3118
29274
5531
66736
33997
61723
143298
76056
47326
19416
91314
86433
146177
9951
192627
10329
28688
68286
24893
74538
68994
21875
40180
61859
38139
36292
83008
118889
69101
92298
63576
47676
31296
67011
30213
112671
14982
71493
1507
34915
95979
66318
25916
110613
27504
54050
23344
67753
54662
196750
115963
115144
161070
88134
35507
53670
107487
225930
80401
61406
95778
11255
127862
68525
126990
14312
24570
27741
40029
33471
20684
10841
230055
22869
52635
26165
105951
58609
49422
35536
17076
9259
18997
84832
20088
45220
49808
13358
18460
101228
104951
75501
80067
12834
68849
57184
48253
58158
139816
16091
57093
46569
153152
26440
82903
178302
64109
145904
80298
63132
65334
89804
51818
5889
91019
44021
159595
35477
18381
233858
29582
82431
59549
31396
138557
40014
39178
25980
17927
74317
143399
62798
13142
16679
17036
55463
52672
28496
50076
11239
58791
133971
48706
26541
69376
25986
25898
119897
14160
18047
67298
13281
36082
53145
76716
13202
71336
34923
264581
166389
17261
20792
61352
125169
25394
53423
81358
60697
36240
84872
38676
50330
15392
147187
64712
171500
52960
244640
202531
49767
48004
92504
101836
212562
27760
28043
51844
165373
61302
27166
74842
20712
60955
93326
19404
34294
181661
98347
30010
144842
51652
191044
35134
69073
61614
39553
89872
94885
147980
19322
12669
151831
129437
129346
26357
37518
189570
61882
45366
32322
46077
191313
61919
18532
11110
26944
97748
13772
27305
80017
36353
106588
36590
53340
42883
37191
76605
164807
79278
20994
181615
30602
37717
46980
33298
11437
103864
100033
53593
117587
14458
117424
17990
18742
56070
130003
17622
162441
11000
4811
34494
38032
51810
46712
68901
110375
47422
65258
66784
90417
39884
33033
64319
62978
83517
36860
156717
49378
244471
157333
7228
109797
74825
6854
95599
109810
38179
23767
43644
53337
96834
59533
54388
23289
76564
61931
137845
40815
76042
55261
52035
10714
160772
31273
15299
107272
83268
157654
60753
21497
74179
57903
97435
145163
21784
110414
37882
28311
176875
62290
47635
218939
14191
17334
42116
10180
76466
71838
49336
18807
32930
123112
49663
20676
88873
103095
60920
63566
64732
160060
54914
238974
59004
38604
170424
25738
27300
38986
12843
48753
82790
105135
21302
20746
144591
64902
145249
34211
29164
115803
60429
46112
47398
36271
220709
76073
80147
30285
17707
30043
80446
32929
26621
59107
12860
131181
69348
20563
27804
44891
34852
20029
50416
4697
228667
123919
9873
9281
197160
194484
48262
59733
46234
48722
50843
16858
37195
165171
12128
52451
23661
97528
119396
26723
47943
159948
49554
33405
8619
27128
94397
130810
118860
49355
29835
33370
45644
32835
20199
27458
37303
89906
120149
56673
9596
27216
132468
179014
25167
24071
51793
48134
14869
45522
74547
22473
19330
74115
13342
52687
44510
59234
34993
10784
16220
131335
15880
5975
53197
16706
119281
74447
11401
33294
70712
108336
24555
56124
139111
51299
12645
32634
42129
189297
12761
39376
45339
8932
84742
37571
26934
178978
36773
15050
10298
17962
89016
104290
68715
134904
193359
44059
17761
86172
52393
154013
138722
25412
66703
190540
22407
88689
15981
118231
32031
93088
33633
113412
113973
31011
8810
144280
15546
40856
36971
21927
37108
46984
74779
160481
14462
43163
145865
51154
27066
91820
195723
48398
65566
97769
102394
28035
17891
13745
39649
44951
161070
154855
31384
21366
66867
122263
68464
123075
29099
124200
10323
51497
48773
58393
53003
174156
39438
104691
30006
13406
129234
19536
4388
53028
146735
26603
98474
155200
85468
58233
12375
51462
124952
56490
172225
7749
39644
43724
138727
96911
102098
96097
117637
34544
67799
95963
47210
51319
38578
143759
51993
79036
110548
127964
86809
80944
85668
120967
158797
61834
38361
169674
91055
6146
22733
75209
18467
156375
49685
67326
28603
59112
86624
64086
11919
8872
14627
187516
95982
83808
148113
118896
70247
28487
168932
148889
51652
26698
48963
36758
58593
78108
60294
87874
23921
82135
14805
116938
87424
129501
161217
78355
37616
82019
60159
136897
21508
191218
47013
64811
29573
19301
68132
156211
39997
77749
34305
83401
106943
101929
3417
44745
54688
34176
73780
146268
95109
59577
108897
24571
59383
13164
108220
65926
155384
121421
125254
31343
78817
91138
49187
20238
41906
58109
94432
22936
79040
294879
191452
102884
43310
29751
180124
101222
92241
68817
12507
42525
74020
56140
90318
102999
56846
132698
11155
64290
9687
61100
97915
14428
32943
77341
15587
27171
132985
161625
42915
15239
86872
21993
20505
33654
66279
126988
148675
18518
26591
110893
176908
18361
10697
3794
27479
216145
66359
154137
67448
76304
107467
20342
158479
139321
214633
149725
57664
71564
197705
31009
60410
153722
193777
127736
89951
80285
72042
91639
76962
14598
24101
37538
42471
34545
49476
58758
22376
37312
97883
67990
82403
40293
35361
67887
61085
85655
104329
179757
15329
75038
28890
108426
87268
11211
16692
168317
30396
72085
93401
56498
10654
32898
19559
63176
137553
27131
39377
45258
313302
125514
61069
105761
21689
15232
155999
27131
35896
14581
12009
59220
222157
64149
83307
51098
119452
38546
39141
136842
37102
136875
78477
58179
34477
19000
67423
37274
192684
53954
21633
23321
62792
19811
132718
22531
27680
279802
42225
18615
78271
41848
23616
45010
200915
67122
51069
94300
33079
30720
167403
131914
94028
29720
15489
19358
23942
20271
49722
50163
56372
91586
81082
46634
67985
120693
84142
65363
76537
93681
19981
149607
38039
26944
26360
194384
28011
22379
79523
45864
197846
51799
35348
79335
100617
245282
61771
26817
60547
5947
41646
66840
106757
109524
208822
190954
29996
52372
73310
270593
31414
36886
147555
331595
8942
121650
48581
50679
46677
258595
70331
27700
167546
88729
50439
43479
25276
22469
40875
233982
66439
63554
141698
51561
59579
94030
17660
15926
23978
49421
1880
78501
70366
162833
27062
33939
108063
19199
27374
268101
177045
71082
31030
37945
73608
21667
16143
57712
9911
31792
29260
81254
86332
13836
48218
57797
110851
21553
4149
42972
127901
58357
62440
143095
19190
36212
19176
6723
78000
99851
111026
21676
86091
17514
113754
15446
46628
62886
27042
14105
117413
20651
38600
110826
88761
6277
26281
41456
120855
45207
75157
112208
72445
11389
28002
62487
123969
12602
12714
29711
165964
95166
30320
20678
10733
18109
126404
113662
38867
20732
116499
98969
90446
94815
285158
34285
289396
21257
133699
17433
220244
42542
122174
7354
61599
57823
24036
193694
44649
220682
102005
25390
3062
39795
27551
105123
52110
29122
41687
32451
101718
47115
91297
23360
52347
66518
14963
26893
88218
34871
33934
58230
16657
116364
99568
32314
265369
213347
171154
58878
3082
62876
32622
56400
15714
87619
21065
19160
107128
128513
17584
61542
18630
105185
55361
329687
37695
58078
175812
78307
168358
73325
253389
97193
12898
273800
140703
53821
31028
31769
29982
30127
55835
107827
22805
108210
97943
70710
26475
9753
55647
102982
31055
97471
2482
87271
52463
75111
31332
47466
177675
59729
15962
21331
15818
92342
32439
172952
42604
27649
19454
61544
181959
25355
43453
74147
43920
78473
231338
24626
39259
133492
145694
9529
13811
116712
62981
104088
7082
5004
64300
54169
134284
126117
43254
51111
11804
15541
146275
84707
17389
47314
17832
11549
150165
13397
12460
46234
10742
34170
37547
86976
15943
34324
33716
23873
73469
47226
13605
243884
30380
58080
120226
204288
58203
109398
33461
40029
61537
24701
17345
42651
27105
169752
38013
41934
78746
46071
13804
183908
76898
130924
148839
44146
26193
136791
71165
39525
35714
29296
102614
59708
26761
62259
267267
214786
33550
104923
65918
92033
42449
60811
108423
74126
93191
31296
59194
41811
59905
23921
6899
31545
12000
14570
169894
80022
130132
98355
81013
122871
39437
7511
44682
73765
274772
33087
29311
41759
39912
34287
43778
65431
38306
20642
74812
166881
142727
105228
8716
29044
31765
3544
163107
139074
48478
147888
52388
173118
85404
112980
36698
231460
46686
65845
15088
54597
111986
52749
24051
200157
64400
393685
88815
66406
26106
175647
33481
173415
37586
59102
51836
16231
57905
33045
66723
71425
42592
206632
35398
143419
104113
65229
23390
7011
9422
84445
40436
22054
57369
25337
7852
21688
80908
58566
8746
36947
124627
20050
31557
107675
70544
80940
71782
27927
163570
81494
130204
29702
60596
144123
111702
76836
252915
61242
24247
6245
64092
25740
74106
16354
100887
36938
109187
29600
99387
291848
30685
118191
65198
60707
63047
32722
81356
91295
21532
23997
44136
123580
86989
45269
38447
175311
73491
51979
17561
36634
209846
71301
22358
101715
45583
27552
20372
9722
18415
100893
126008
68233
124667
15852
14226
26098
106061
66284
136255
107498
12945
40228
39560
120037
32347
17973
21967
26374
20852
8162
58701
71057
63178
246800
51233
27686
51604
82242
37902
17119
12097
75199
30523
126968
18582
127801
82163
99690
87609
35167
43267
29339
66765
53981
36831
20679
30321
64304
30961
30618
213683
16894
151775
458409
48067
43263
59553
9652
57135
64412
37418
93365
49090
79161
16973
168143
105403
32574
47209
24175
130444
58930
63443
67510
159943
115400
36534
17784
16895
23797
8310
72964
69951
13979
70715
39616
70313
82653
28974
56605
228442
88018
72213
91582
47911
36885
33679
37677
105766
186532
197094
61389
95263
78000
103913
111870
30132
23217
47939
78915
25851
29391
39741
26473
125509
54693
38171
148303
149429
99123
73308
126579
44979
158599
94981
78709
138463
88044
226192
31062
18347
37929
16225
59588
29776
90890
100660
26979
59428
120610
49555
51733
126766
7406
29700
26618
44944
89223
134255
41441
8443
36366
24472
32413
127939
39527
57432
76225
210947
38636
8091
14143
46942
32424
173710
131851
29975
71540
134162
32502
48708
133133
26009
22051
16913
98265
188332
52980
60651
112571
77306
65809
38017
53640
20798
74744
36919
210743
17854
122375
67067
128812
67354
96251
129975
109910
28103
101019
54564
82572
44235
92450
12904
85734
14537
33539
4277
178115
119936
146706
29025
47839
52324
35364
48910
16541
103415
51381
6983
15815
24510
304281
62163
32962
35166
26959
43261
192508
17932
79439
43931
37647
31432
28787
37478
48031
7141
32275
93274
148056
28924
78439
25850
28768
32686
123869
36843
20991
118108
54739
65536
145517
57134
38356
38739
24342
32320
164886
88244
64384
31643
155596
32676
120011
53535
55711
81467
235308
47890
41527
216042
314339
23767
8700
50178
107204
83566
35080
11975
62365
43117
130130
78246
84112
24909
45885
27863
29180
36612
101878
42127
15592
35388
165430
17929
47572
43327
36384
17056
15637
23160
18939
55616
61697
42044
92936
100879
70134
178094
19566
82460
78427
79087
172022
25051
27960
39410
82543
374283
45712
56665
74757
258176
57243
70029
10642
224958
47939
156084
106524
90945
12024
130804
143366
59248
80427
88097
186919
80310
42140
138191
95321
66563
26129
72108
20263
153723
95858
203739
261105
16935
56848
61683
88164
203041
64998
43756
71058
32322
6372
77494
100391
11583
87264
44641
65545
120674
19770
144499
168600
58274
81541
57827
78622
64117
14046
57267
9666
60189
26604
57701
117006
59887
169881
10220
165378
9744
88168
50981
20177
115462
35430
122139
156823
97677
20073
111870
41008
36400
45000
101846
40729
45423
69201
34952
19648
43151
51897
9126
77666
27089
77550
95252
26632
62611
58531
60144
28625
10808
92232
134282
9698
93853
60525
9747
65582
17390
57941
45259
8985
45065
41282
92347
79926
37003
24931
245415
86266
117808
46484
41829
90890
24856
49087
5189
105089
78882
30222
109908
22519
22886
8043
74244
136761
9390
116443
59882
16839
73725
4266
60027
180900
32650
71513
86690
197840
60895
117616
171677
120352
63762
64525
99307
29563
108292
46517
76196
16894
28126
112240
58564
197265
67513
37928
17393
13091
19502
40654
64247
59542
54983
38456
40354
7685
114228
52013
3502
62649
135825
38145
159075
3066
70376
70187
35907
107787
68802
143532
16047
7289
87190
95178
128888
36138
109463
41342
71102
111830
57173
37506
71727
16681
97430
81039
78879
201159
12754
128245
87857
128864
180253
90484
55383
17113
6609
35220
109335
28888
14107
62237
97493
39078
41419
29568
145098
55227
44479
37941
15183
245797
75332
27646
219744
51768
192115
76968
64028
61561
15805
39747
76339
65754
39372
197189
43926
29424
80828
26654
259469
53486
4691
119452
82489
31489
55482
67516
55829
45410
59003
133956
91927
30950
34324
3375
49826
107590
27863
48537
17725
35571
88449
62944
97117
16115
96953
93221
75986
82983
61313
93793
167811
51732
69359
46605
87143
78394
106213
35119
89446
51948
104421
18007
16925
11700
104789
74568
66221
39154
76882
88143
67204
137790
162770
84987
60660
33574
33521
18398
135074
5778
27916
161687
62387
65978
16020
16379
293641
69300
110516
37719
209196
122451
41702
18062
43985
135332
134669
110332
154565
48189
105496
12255
100521
75623
147847
213039
190410
356900
15056
45170
60024
59412
78708
100000
45851
45714
74346
76559
55483
49695
60343
29757
94623
31464
19182
69067
170955
160128
45064
116412
21039
39895
29539
18972
233158
86385
52976
6766
84538
89195
13834
30300
35946
19592
98152
62439
20756
25063
42736
11298
100699
39166
42339
30261
76456
43795
29665
25954
88670
134972
26026
53070
11736
36828
135247
35989
63552
85580
76833
10497
28932
34960
46795
85944
36280
5207
111094
20415
46624
19856
117864
68592
88454
126096
210752
23369
94187
25419
121270
15983
58065
166615
56627
67170
79265
34004
73660
43215
33904
15218
9717
91133
12103
35793
43218
20780
100878
84914
108871
18663
48741
55677
36382
22531
116294
92111
174070
124756
59489
22495
107132
81632
20825
14361
33653
127416
39218
25450
48788
109517
45887
63021
85593
55896
81788
107219
78897
27840
29255
167409
98583
17032
60896
40748
61410
81128
143822
43203
281165
75544
110942
53728
29857
33752
11902
76566
21799
33706
22807
62512
30091
8527
159988
92908
59356
63288
161223
47417
26454
49242
44298
84391
80489
49328
88688
274680
57116
157333
63348
88230
14819
184250
41200
58426
119874
31819
58526
38116
13536
18960
7608
106231
521902
69639
94086
30789
145762
46233
99293
37210
54246
130114
17548
44855
100189
45659
22792
19770
27519
65320
207626
59132
23568
30729
9263
171270
49880
42586
118390
18127
22562
69900
12886
50655
111169
173852
64887
122794
95935
57235
78589
53219
100096
59335
179745
10828
12566
54459
109345
12008
161558
31213
179307
439924
119852
5654
29025
76654
52892
17123
15231
81297
24897
177565
182314
99504
18331
11422
63881
31816
131955
36926
157787
21365
143699
120886
79673
12043
71135
55998
11827
111945
12834
12687
48056
86921
14759
66541
165452
53448
42291
45618
11592
93706
125062
68695
40339
14555
180476
219188
36559
11566
21403
5169
39459
15392
47699
47741
54324
31481
7613
92163
103311
244696
43727
123644
27494
23033
69075
31061
68548
63381
132877
16066
39604
20320
68175
23571
44095
40017
22672
112231
5993
27831
131438
94002
19622
17534
42047
76299
111150
23189
74088
38614
56180
101276
61196
9458
85706
99440
135826
21166
53797
43901
51251
89513
31055
55460
66971
41576
16899
111836
6652
49396
278723
87976
10401
92738
10595
26447
127189
37302
68835
35446
11309
170016
11321
84235
107398
147798
104213
102699
141684
29600
28426
133563
18297
44233
104503
13506
75106
63260
38806
123896
114575
134572
33894
64017
43884
28985
3616
40188
54903
142535
48632
246060
26038
55660
110376
12065
110689
24264
23908
9441
177772
42001
97675
7395
29161
174502
65164
43790
35647
41318
55265
193799
5046
79504
60086
74983
55634
54050
101565
177044
19370
106615
80019
95648
36531
70885
12950
97091
101368
52672
179858
69066
99387
44800
48711
21596
88766
149011
8021
89949
32130
83983
41618
8984
58136
112860
169668
124986
116076
35057
59402
17339
24405
44449
27649
75915
67033
167014
78203
36376
39679
105949
33663
200362
31815
45242
53101
204290
107747
18222
93757
19328
14179
68891
109892
10310
27708
120143
7324
100187
25353
21129
144256
55334
98169
149477
99848
23525
232639
22707
83781
61293
103940
49392
19217
129613
17547
68423
52227
35812
9595
35319
106046
14283
36363
104136
23524
211332
258942
62911
63063
62766
18724
48117
148059
63871
40837
100365
25611
52287
109111
11219
31879
61420
47848
98283
105304
19931
15540
12896
29295
32782
13222
15617
25012
15243
36035
74041
17033
177448
86646
7963
31978
30905
91934
41531
18418
60361
91467
86488
37268
102184
77669
113712
114395
47209
20689
69472
54673
182511
124719
13615
10016
37727
87287
29525
5230
84025
137504
27888
50896
73015
136360
15934
68801
69785
68925
143758
98199
33702
54718
38251
7659
47568
64508
46291
54648
204422
190498
45337
88915
53697
241243
12914
53640
137363
75312
68151
116085
35469
67941
104722
28699
25023
69646
79617
50690
7356
14797
169846
40452
39738
129423
68054
48370
10722
140367
217775
27874
33041
154782
53770
312050
77582
141999
9143
35842
19797
38019
69993
192115
30985
62056
48883
36265
57155
34916
89463
94256
88158
87259
104964
158736
86919
69316
50332
75932
27319
40469
92697
9939
32285
19650
41931
59905
16270
60338
27060
71521
19867
53676
115683
30901
24140
25570
20547
21386
191406
44083
18848
7523
131721
83913
180385
9161
128476
17828
81098
67206
65198
99456
220375
116572
134068
23910
16392
101018
29148
33296
74711
54533
47720
51465
52227
110551
38908
104963
38883
109778
19220
10502
52974
29658
19126
12772
10615
120388
9050
22778
76229
134900
46407
47099
82588
237934
33320
27174
74889
32505
17764
20194
110860
62838
62662
17904
18521
161852
11837
138774
97621
61046
27138
41221
24773
13630
21145
54893
22402
18702
53952
8893
68234
10749
268658
58113
49570
29840
35765
49726
27478
20611
130210
27298
90216
279272
23195
49363
105834
30469
10959
20793
82563
80854
45059
30327
25869
123975
52251
46490
23398
23636
26184
84027
149529
41530
59196
18159
308825
79718
25874
109766
14431
17481
81920
13921
124770
2558
8652
119786
36209
4577
61235
19723
95784
18231
45444
25306
119877
117400
69898
68067
10473
160892
16132
61930
396644
8720
23497
56902
11647
120469
44002
102864
17882
20405
33488
6142
32094
24014
15295
18616
6391
58087
159000
53302
16036
30551
19724
157487
13064
155705
59290
19426
78363
284173
30467
33936
109734
62791
154333
66404
25136
48856
52059
96148
117855
46360
27945
125835
127895
66148
178468
39758
20173
71750
10279
22100
37267
37581
27768
155167
35108
18252
14677
124400
50395
44162
76777
160424
19207
81631
45573
54889
32255
14141
60110
66545
25907
137465
34841
25066
7906
101294
145670
89587
113500
52107
48960
92145
58370
27129
57115
14158
85753
271390
243455
29567
27407
17523
31261
70556
37860
65065
70911
11984
104486
24284
102115
83597
104596
199353
71236
147164
86419
18092
33390
17231
39993
36955
46951
12138
161869
95544
64510
85061
32015
27716
81775
101798
40898
132172
41923
73875
62098
240357
15859
22534
33898
67929
7166
92132
29018
126000
14920
23172
43809
22010
33720
132831
31696
23180
100817
55308
87915
381684
34522
39586
124474
12865
28451
42126
41759
25287
98978
42125
29098
18891
358121
81305
31586
58338
25513
35409
16351
37882
99537
68155
70486
32380
53764
68075
47281
39015
160602
190300
50367
110829
346360
60893
446563
23642
66797
16554
226394
139969
305850
101830
21776
66569
46032
239929
156326
71474
22669
2511
48590
57796
23759
21001
11645
82671
26186
92347
37004
33546
44759
140666
46390
57689
107677
76519
172715
78836
24952
33366
9689
36930
115571
182167
46505
204859
141126
106946
85123
22640
140297
159365
16574
12477
28143
132827
137862
20395
191208
19076
194775
23734
59109
65914
21609
70483
12501
76846
66166
153645
201330
21964
81503
91015
57420
33472
140345
93615
9539
27879
64713
53789
59468
27251
30528
21684
53179
141684
254385
59295
31455
115064
8845
15343
53376
125424
130070
78852
125359
85055
44312
96036
25338
83866
39409
39066
81782
71069
99373
83169
32942
115879
19313
18952
81295
140678
213362
32992
116288
97690
60878
90947
10196
53863
35765
68788
55487
93180
44310
14722
105771
27244
77732
149796
12925
56308
43941
43118
49446
296035
90151
39153
70103
26545
86464
42895
20037
93274
168040
13103
53554
49476
130221
119033
63865
32805
91370
51879
88989
32407
32079
127133
272906
272123
123170
36650
95617
96787
110227
98796
138081
17813
18957
47721
160190
15850
97587
25107
73105
32565
29013
32556
22424
314850
37122
91812
112198
80769
13077
6374
75734
165506
25864
52471
61857
10211
12275
127197
185805
43150
56111
15474
25792
90822
58016
51544
62373
227005
46279
33316
30447
152799
53514
24456
113049
25545
76380
31455
67550
26092
69452
282130
12007
42379
117087
138934
19762
73204
39768
141210
121398
19311
245808
76545
40968
97715
141735
73041
22884
52860
170854
47871
80344
89711
166465
57822
36581
92898
112850
130468
119174
29979
34642
45126
70936
20800
21013
45555
95960
41068
60090
131275
149501
21663
50895
14452
108419
49574
59519
209485
86627
119133
118383
91366
280465
81232
142412
73672
33335
232862
168512
70778
44337
97757
99755
41384
36213
12031
145708
37095
102162
63332
52350
60084
98686
71639
62020
109993
206863
54566
108595
80759
50996
201332
37406
29150
75964
81252
33615
36028
56586
47836
17524
47211
153160
15722
121654
43263
43685
36356
22693
4852
22224
192653
112677
8860
36019
74158
17630
16093
162434
66453
158356
54010
86573
27222
43450
110091
45505
77303
87256
97809
28226
13447
58994
6798
64068
11601
32455
18105
50909
63346
29821
30890
33463
31795
85605
48870
81763
30032
31377
32657
51740
54778
34114
55504
10757
49087
39563
41181
52426
98511
91427
48683
76722
9931
11641
112798
43693
22973
196643
76679
14435
162953
55861
73531
71291
58581
33506
53986
74648
49790
45948
122693
19828
21136
81476
50160
180717
55135
71874
54132
74959
12128
27793
96593
80262
33949
34215
235499
30834
99823
187739
36259
51341
59476
127181
142672
145033
19486
32807
111951
125138
151139
21849
96482
23096
91521
57225
66243
51464
191999
2930
324698
128475
12398
67939
13624
40536
42040
5872
92938
32535
43709
8784
65892
36545
177562
21759
16082
93829
109601
174620
146555
54107
92264
40444
83369
40199
37199
53465
15710
28404
107899
44186
136008
143542
53181
64237
3266
10465
37579
37733
120743
83313
49264
77271
188045
58169
54082
26587
204913
170856
130451
45050
29915
14660
18649
41052
33999
81792
34176
69788
73987
26513
154504
36733
134497
19013
40490
20098
92140
63268
143194
22952
174979
130089
31394
108750
159843
43631
14430
14235
24300
60020
34758
42574
15301
72284
24100
100929
62558
111563
38703
91310
63121
313480
6579
20062
56042
105967
131751
205428
108618
21439
84497
3307
20989
31127
17488
255498
92478
61399
57504
113382
37107
47694
57252
11296
100371
67911
75401
57176
3539
6472
78732
88805
111205
7366
12050
173410
184681
62255
70219
126504
68520
115190
51641
32874
22939
3385
117606
52409
126047
63488
209705
63652
133477
96927
85960
135119
50831
47669
33798
72876
33571
20330
147640
142638
32651
5485
30666
27677
82589
33326
110640
98142
20714
51386
54491
102376
46123
92770
75152
52177
44089
40512
37262
182536
45748
75460
58540
155642
418681
112540
38462
88889
11772
110280
105266
126813
77640
123060
65914
130058
108463
239548
68243
74743
194425
116330
60321
55523
212961
25217
37052
92118
13940
33829
33105
107384
171655
55043
17272
13529
187187
78320
170901
13685
73197
7074
21437
67956
82325
167224
39879
32273
8215
41091
11183
204332
64666
20707
77778
46186
118639
40548
47034
33610
62421
20279
56309
90043
107281
11225
76633
46384
67120
22924
54559
46308
38008
19540
10951
238677
115574
22229
88399
60161
41252
11544
172154
11305
91255
94008
26247
28819
47825
138063
100660
24181
37908
72007
37786
89754
29724
13744
63485
13599
70432
40552
44723
12805
130927
68450
39437
60294
176027
127322
78825
63753
39455
125981
18886
54767
32142
166672
39935
5002
107459
287342
47384
85887
181448
76364
52080
37724
231305
204689
23017
69171
21113
55306
48362
180700
26778
149063
175804
91783
217647
119407
118957
19352
158026
2237
27318
9388
16329
140339
26590
124476
196686
13721
12145
36879
9656
35271
40692
24236
186062
48756
137218
192077
105674
25028
64835
39110
139216
28514
123906
178427
70473
118197
94591
249182
34781
21441
4936
12496
20966
30066
97167
156992
43850
32277
96758
50741
113194
87419
22365
69930
65224
48312
24601
98881
96635
146445
278010
11502
149408
141588
128756
44206
188875
172064
46635
178499
190619
379677
78759
84379
45512
17848
48606
361932
67240
17059
32342
38791
188675
59565
97450
22801
7551
235737
185112
83421
48298
53592
72995
99725
165566
118389
127175
49286
35927
225896
15233
40217
79302
10264
10185
7383
162760
136289
58377
240196
176214
53527
79169
97180
93973
33324
37379
94530
92479
153814
31485
77536
43653
10352
109109
11962
56358
63188
39228
21509
115118
86120
59872
313030
40180
125582
19158
68290
77015
32426
229327
32215
50408
114213
34278
21332
80572
7877
175963
44103
40830
113998
31751
37142
75124
28444
14137
19213
63146
70158
48676
120449
105210
85324
95505
91027
3049
861
180002
28175
47494
110078
108187
129386
3603
50241
28835
140528
212380
89026
22219
126536
44915
105818
76767
24131
87755
28563
62020
115717
29033
29177
112298
9163
91767
37933
112109
78073
72763
8538
87796
22456
9689
218142
79115
47907
29692
15165
136119
11743
194989
65928
131212
5098
92083
32655
52959
28798
89192
38145
16011
125935
7423
29446
200560
42030
99990
50743
91246
27896
46251
19782
39220
21620
28797
39023
31372
95021
36186
25655
17573
48279
169690
63731
66251
52752
358906
32999
27532
157455
56071
210070
56894
65021
152757
90298
60972
35625
249063
134763
11311
31918
35669
50008
70136
44622
116178
30763
54555
165590
27109
108747
18969
73325
76625
125315
115847
59415
89200
42904
4822
16393
55373
47811
73397
121316
164907
61968
38253
23270
28822
33028
45809
306592
79135
79963
65546
66630
74800
26828
56155
25022
90659
36569
29728
18587
26284
10891
53514
56711
27163
81790
274219
40234
19164
9337
5534
65050
45641
13276
97270
29408
14385
141815
16969
47555
31094
13133
26989
183266
34374
59914
16789
28509
85338
28849
14537
98565
45314
15484
62097
37484
155407
151417
79519
74266
165786
12922
221190
20432
129955
87651
34660
25428
35575
34865
73321
28582
110866
2695
68270
16973
46009
13665
57480
50857
206091
34228
102276
58439
36489
65971
37807
203984
138208
5224
8996
32107
233376
237326
14486
12583
43392
47766
46145
56303
80411
49468
53366
49717
94350
45551
45527
139875
14911
46417
29318
53491
11034
203815
18816
30011
17987
87944
33910
73432
22622
166028
72818
37281
118566
58034
60193
26611
36760
76886
33102
21727
67206
55841
203854
42675
23906
36300
42367
200037
73750
84892
251533
129692
5542
139815
77227
35023
24028
71846
63485
59091
144629
61651
13843
27579
32953
20400
62768
46515
83374
63912
74372
26241
111467
208626
66661
34094
120721
80007
55689
22837
9055
29054
78840
21930
127324
68956
151073
122114
47145
29888
138754
42837
11001
123441
89203
65371
76553
10256
7422
51823
45406
108582
39444
35394
76795
18539
171129
58846
7711
79953
73075
122364
65190
125079
79298
76902
111958
30652
40281
41552
117029
58188
19095
37647
24236
62510
70555
10652
54140
14983
182672
63163
83103
60777
69474
161484
94524
14478
113687
21503
57734
34677
9513
66718
131526
67266
34621
60687
25612
97099
27380
36565
92801
21987
29707
9494
20016
35905
43029
173899
52410
162653
115982
73642
28879
112825
53174
133250
61402
65244
182955
79869
73598
157881
114139
82296
8654
154528
63495
35018
71100
42063
41350
62330
13167
41123
34435
98261
45854
25628
60082
72279
12152
3488
39115
62927
109621
122393
55289
8029
29823
285084
48892
51016
141749
18179
41110
74170
56298
29183
36569
136730
41549
118402
72766
16347
67328
97889
120573
128694
15395
93849
57728
101340
76021
60378
335165
32260
88023
256367
29341
163216
16720
29537
38362
368915
79214
39531
74752
125011
53292
93393
47945
117260
75708
25738
78203
91246
23773
88429
58822
24468
46189
87826
24288
63954
251077
18281
36665
5375
137906
121337
17838
42050
29020
39363
25334
103438
26978
29771
101227
49071
44421
103948
83049
85360
144616
167427
19800
49144
69902
65701
69006
48217
73119
42535
23235
53816
29475
176482
10215
104318
74747
92543
219940
6482
1718
27186
28748
41486
76423
30870
21207
53818
293915
27180
55767
153879
103968
48463
46437
66965
62850
284905
15851
80375
61676
136468
7202
11690
87565
50676
46014
68972
39232
130494
29397
89891
47767
50183
48302
195808
20101
26995
30086
96235
31611
37163
23948
39628
33689
46647
101893
52742
83142
18545
62636
61233
45101
86482
14479
12334
13807
124449
50918
141271
62980
40415
38497
63180
12370
35489
20431
60790
71815
9496
54904
153895
104487
142313
39262
15567
39768
70002
46108
50768
18649
98021
8982
19172
55558
71703
26247
67154
74079
26692
29980
67289
51407
40727
67256
2702
64436
32392
109166
17619
55371
72234
194250
169719
3484
35564
85374
39237
94608
96803
13661
68882
63755
195502
27814
33702
52243
43687
100071
56361
47022
43277
66611
82237
78516
128584
36014
89447
79815
128282
87809
36654
77503
41649
119996
55978
126103
20223
138732
159391
50016
16189
7312
31764
125772
88222
38329
210064
192138
101055
76512
120099
32918
129438
97783
40682
28571
22804
30874
33496
106252
86743
174002
118700
74771
27985
3459
182317
10145
21751
47662
20344
55189
135186
108296
36598
29707
90738
46469
12645
45868
28002
19900
56070
111517
98579
43267
19671
75077
116634
23085
75290
102687
46722
113692
65549
12861
25507
201401
201674
72929
3525
131511
42210
75570
36601
101238
16821
97363
92404
42613
36159
23051
57111
37509
10010
174595
29898
34339
28545
69564
58463
24358
63938
81997
27546
90074
42578
39312
237488
37857
12357
25810
54840
92578
17814
194074
63777
42826
44753
16386
12799
88848
63381
79175
291196
86626
189743
65197
20086
87441
153932
166911
86594
21517
13832
10021
115124
16411
95694
17049
52877
54762
59116
108868
50146
26473
92547
26711
10043
10514
51766
94951
95329
25444
23299
64462
39206
181707
117474
33200
34650
32766
133133
63502
67018
121076
50456
22958
197465
46119
28294
245479
122681
98269
63748
111965
37469
49371
56356
21968
30247
148864
77071
63241
160331
130937
40507
45782
10829
86325
17903
178480
31158
27120
80701
85974
110483
48304
58107
22626
21577
37951
140375
191625
177310
54864
17309
10008
81620
19567
46422
224661
97641
187885
366957
63524
152856
84504
16221
84827
36137
20713
64068
54506
95474
42355
52827
51569
108445
55159
36786
7533
54587
111420
138162
226495
61721
71214
18016
10391
18378
248758
69240
133165
31980
48042
137704
9646
18319
15617
94752
300955
90102
57875
24819
34938
90734
131228
66236
248460
65871
143446
124765
35315
138721
63786
43500
56864
37575
44680
28416
150679
49482
15810
53694
68128
25985
46624
41057
7387
124323
140977
260185
236235
53092
36937
48079
49109
33959
78608
55649
11709
66198
31836
40089
77770
42775
75759
87356
40941
115337
19533
51601
159369
60749
184969
45835
125883
53438
17290
37468
90613
34610
78728
105148
54935
102705
49079
56763
36576
84197
50463
49537
7001
145172
41180
69772
118112
33142
58738
53061
48459
205236
33312
172515
156702
53312
141358
7580
177098
55873
86296
15238
37727
102137
114912
184142
10733
56231
15621
58111
38337
12560
97413
38797
31422
165591
51634
7747
14934
18031
74203
20366
67892
31146
35548
28823
120113
100354
54915
175952
64884
196729
22358
49311
17635
7033
44626
95786
41343
28091
29509
8251
145047
137538
16225
32171
23001
63394
20310
100488
33326
59289
43526
234991
93696
61853
42072
43142
74573
89832
50674
32743
53529
6882
80303
102507
118969
6947
89830
22440
4312
25532
13442
85647
76511
127141
133334
104172
114083
64578
87939
11100
15340
48483
217731
57908
27365
55007
49654
27591
109277
16793
55286
34786
20843
68888
209513
158714
28620
68474
77922
37927
34471
88857
31952
210485
27777
13296
10652
158562
69574
47242
32932
41643
36292
224296
128892
35205
15290
30171
68655
27794
115719
42366
162296
42917
12535
134854
30923
40676
9768
33997
273519
125985
11628
207588
91685
182005
49728
26456
46338
38151
72786
88884
143970
205256
156292
123118
56541
11369
68745
79094
27972
8458
10700
150248
15312
100458
84293
216298
78124
158298
273534
25349
21439
23756
5801
89719
14653
30276
85632
117218
44631
39472
27135
18127
28159
10497
30112
21137
21626
32869
58278
45078
14717
81548
42844
163626
38522
28016
196207
15497
136307
101872
84229
107018
105169
144385
68171
74472
83476
33683
23739
36915
105666
26310
17047
7780
99769
52046
162847
3986
119473
45024
52586
115631
7780
162431
73996
333213
7425
101884
91531
64987
266111
44924
22681
108716
130791
197021
217894
66038
72698
179970
128605
11118
170555
24541
35686
114531
120043
102616
97229
55905
24165
22178
40694
130727
130136
29495
75730
76630
48528
52145
80190
44541
32739
141114
89402
34533
13713
110211
29698
89805
20411
74989
160062
27459
96628
173648
84303
11691
134539
46591
51162
110047
276619
86492
133806
50116
130326
128141
58817
19775
9876
23746
102028
36464
43031
76102
54824
49790
21649
29510
25823
144242
33254
68317
39499
195993
68191
38071
67781
18849
42482
8041
53755
82776
87718
17257
77149
38973
236638
109809
74492
168841
63149
18768
199641
47177
118636
44835
13713
93340
18797
277794
20882
122612
249246
108390
57924
95739
26864
85786
18100
54106
61602
54154
39695
197942
12179
35205
10665
82356
51126
67915
108991
63988
123864
43958
57213
39506
108514
25956
68639
40728
84349
141733
27702
65112
127720
251044
145634
20361
176477
76266
60212
34890
130485
50737
25431
43265
33376
25498
36731
47465
16637
62970
62821
13811
15625
18756
50089
24922
53888
29213
35481
8729
20178
28532
24162
10501
45309
17980
41066
178144
288076
161664
22825
36692
254076
39136
53659
63894
19892
29267
41293
85955
32738
10068
48013
48927
35352
45496
73183
27322
6659
37895
109402
292066
15937
11138
73743
114196
7490
52746
11138
35223
33846
29516
50767
21039
75350
185196
70935
9779
15621
91927
30081
62696
75620
46137
15581
19986
29798
112188
62786
46696
28187
86569
125945
84916
29234
63135
130143
28723
75966
153161
14465
47666
72922
100419
139193
52363
141330
72722
121899
45573
25065
28820
70870
40230
104532
107118
39120
38571
53941
84460
115273
49609
136632
70148
73001
43307
58450
18907
5236
32826
17047
29934
11030
64075
113196
28284
36107
28289
38117
57243
34538
305784
25116
27812
37713
63248
19441
22525
29813
28059
35444
57817
58627
389900
140514
30417
20599
20219
192205
50088
15288
7180
28375
47888
48040
32024
48849
87860
50317
76885
87155
56270
150101
214688
51437
100727
128616
31761
27605
58217
57622
68931
18679
90676
80327
43613
175310
31880
29970
30493
97398
54424
146290
202871
58687
12670
31569
23737
20079
158837
8385
197019
100847
36708
14144
67566
49566
53647
10291
23893
8685
120399
33507
58399
18722
62971
72828
161428
49736
84583
14814
98905
9799
31662
225077
21454
41502
30662
88562
103484
49139
66407
40355
48915
183813
139178
17561
75131
71574
32011
42091
29778
142235
81668
367518
70128
36009
10712
116624
303198
114216
13863
46519
67821
97841
83988
21102
35586
153356
45253
79603
18725
56803
51450
109058
87125
165841
5418
94968
16968
41616
47280
80008
69121
34430
88562
12766
34864
145885
9890
9762
55615
27416
13366
22255
191910
63092
48968
59272
42899
188730
44076
40233
230574
24204
88837
112681
107230
25590
81768
103927
63805
72139
46130
12531
5612
204539
89352
59313
217584
61412
134661
138093
113329
19129
60772
110378
146866
124958
14382
98167
11767
32074
96301
32154
91793
66265
40099
133914
17644
55517
27255
68798
36201
98160
90320
35074
78988
83950
77122
219352
50473
22970
87584
29692
61516
26571
64259
114064
36563
101015
16507
45360
34480
205142
70681
21238
189004
49860
85338
40320
48857
38181
144111
19329
23341
51821
139561
127702
58368
73201
217020
91608
123751
20567
36715
61071
195972
139882
130516
29736
125530
57633
24090
23305
24227
48218
13788
102321
109364
138958
6401
22840
51748
261461
87999
165890
96450
22579
2407
103047
9024
44563
58374
94442
60830
76347
99170
152308
100434
142485
56500
89016
197866
59203
7291
33118
143203
17504
191891
164021
79918
47536
61903
35369
118935
46062
145630
65160
92278
91371
45786
53658
103729
54266
10423
79223
23865
62312
24659
46616
35042
96512
33348
34085
80235
37403
75030
374619
15903
35576
19383
59283
53436
50265
71609
88593
164324
36880
75688
36702
98949
24801
112542
57027
14752
211812
15891
15945
225732
120661
23243
74953
9964
57459
68077
111380
113774
126324
110771
70515
84496
5004
13308
32386
94071
60477
67619
63174
93216
138255
133903
266131
76196
8706
14998
38045
123995
20007
85650
11354
59428
53498
8928
106118
72163
125206
87712
21824
28698
140647
92147
11790
28572
17881
45218
53148
24204
26702
50254
63880
180109
37708
58117
39644
79328
27798
58176
96426
51403
74405
55848
101468
81560
60976
16926
53398
20436
83898
46313
169973
66663
213357
46098
81291
64765
78604
8075
104431
243490
247462
106725
25521
56245
27868
218458
31361
34099
35127
78626
56145
20185
9887
93829
67476
88065
42515
107383
21273
33605
81044
11089
29839
59904
132783
113513
46441
79334
124058
26998
101182
121500
11216
247738
90419
151184
83785
135279
81565
7319
23880
32619
27264
50963
105675
70592
66244
45116
34458
153356
38133
54970
9246
286142
148029
81551
93343
95097
47232
55464
38110
68905
18725
121230
49389
29111
120785
124522
69416
192606
99489
57759
12849
62954
105437
112113
137123
31165
22807
27132
35049
76957
10781
22669
17610
53384
28467
64969
30454
113019
8212
49118
21049
29029
76419
9607
51620
9661
57936
101258
165582
25444
79902
4292
219476
8102
109015
17670
300078
29389
18730
24194
27379
137841
19801
75655
16902
15400
41678
4546
16293
17280
32616
39009
15319
95554
342663
179974
33454
57175
36809
55313
30409
47137
63049
39849
95493
54053
199479
47265
130937
16989
63012
9428
72681
99991
70556
125870
31609
219526
158524
13680
26956
116918
25468
12553
32933
30839
142041
14640
103952
294722
37986
5333
45969
23001
203884
185144
27622
45192
4943
53832
16373
42187
35702
181633
136875
72191
93291
148917
23537
38203
37513
31665
173517
129369
255231
48341
64136
54304
20612
23606
13773
73814
44611
25658
27937
109933
119411
36000
23429
38550
25502
52913
17381
16657
115128
82861
44089
173187
128195
13268
84704
56559
60229
60641
92450
19039
80108
135521
40154
22105
96980
14920
37560
11421
70435
46736
115845
122296
97070
69370
140402
182598
75121
110809
21243
53301
126849
88380
10837
39282
13811
59287
32600
19421
30485
66968
104195
55366
42828
109493
50091
30248
57923
24856
16006
64343
82610
72420
77367
37164
44737
61804
86680
6144
25418
166220
36856
31185
33647
27169
198601
32486
140814
86675
23461
5228
45663
37255
96461
117719
4694
48435
75151
61266
5777
52056
25832
103386
29108
114701
101120
17660
31275
124213
46458
46526
11301
46058
28740
23567
10348
101583
35340
78037
48954
46270
414839
40344
62132
81043
73749
47779
119358
64185
8898
107878
143571
41552
166111
138648
94036
87295
79659
37248
36122
16202
22326
62022
81995
174658
54197
5773
64307
52183
28296
21110
22457
199945
120686
10158
2992
14195
109608
141735
111828
89069
65488
71347
88302
111638
14030
93989
13784
57550
122335
21009
127900
87798
52408
33876
32030
66075
61792
75281
71983
22140
19583
137680
20024
24519
7743
172282
51435
70464
23556
44681
36024
46601
29250
41672
12704
179703
39648
22415
4442
81974
98061
212224
155097
60849
22382
2734
19497
29836
381373
126451
47705
16129
52365
66438
74314
44671
153310
18042
143456
75720
21163
10290
54402
94932
122914
173103
87338
52628
143793
24425
86462
46247
29042
39566
5228
49287
78161
57546
121187
58413
28967
63444
71089
36595
34472
22225
371598
27805
82041
49689
119930
22308
177312
11192
59651
49486
47855
40900
128098
78528
12961
16185
26075
14835
63870
69373
43512
82568
58772
47212
128328
94236
28989
117027
44246
32002
170454
123755
69043
20690
53517
77493
12472
323559
15881
24326
15593
19400
13279
55430
4786
138518
114029
45182
47472
23132
43215
50478
59573
20945
61902
78938
167882
51439
121792
58450
100117
134639
20938
34006
102173
63651
25131
23761
1995
30838
202537
128376
21504
14358
30621
48412
77258
115657
226269
26741
110870
41747
195584
23241
33707
56758
34965
49157
118727
28781
7790
108988
38201
137072
295032
81944
46620
136511
67620
112259
84283
152615
52980
41019
36886
49880
60937
33041
82119
43135
37994
240236
33643
65255
88913
103094
19135
31163
72216
64712
145391
35055
66808
122677
102568
76210
114614
30320
19350
19199
31701
41061
9400
117039
34365
76754
34542
35275
40985
53083
17652
74826
54330
99301
20504
17353
25824
34941
18144
73297
22894
39673
82547
34185
49127
47733
57796
64978
73151
8109
140804
51229
81444
141050
250459
82165
31048
137894
29647
17369
35484
27990
46715
78994
65855
89617
68303
22054
51905
43646
68465
68044
22049
143484
47960
104022
174504
79601
143264
49720
39326
80851
33085
38810
21212
37135
36705
13453
86361
44449
45371
60811
53727
159017
89793
39522
36834
100700
15238
18293
33322
52950
12221
28373
9991
68315
28276
19322
54555
225089
27943
75165
92323
61081
5263
161553
40166
22338
49913
7736
5682
20217
333881
63221
33887
92771
30009
130165
13588
140796
42369
28183
154506
183082
161291
159794
63419
38044
105379
25975
82841
19797
19049
251631
131251
77923
15265
30627
29069
84740
167909
37061
25685
134893
28115
56469
49344
108281
34308
4529
19732
160234
67204
86036
16267
48084
55176
63438
8217
130513
139474
159214
30061
50194
86391
13830
96005
207707
25180
64813
8136
40831
92930
66083
105455
106825
31696
22477
70491
131214
81093
131166
71369
210425
124309
106693
69043
74987
175359
42344
61472
26514
217736
80755
13761
239680
19221
67573
242028
49669
64765
55254
13564
65921
104624
47108
156486
258319
71850
33324
102605
48404
62285
29580
12890
35924
11590
12524
62714
88839
216491
71745
40041
111246
47258
97428
24418
13048
17955
59646
32404
54186
76226
84330
106159
140657
55589
47995
133763
17386
48357
176146
66863
52449
28553
16921
10847
57572
79721
129234
47289
83018
52740
5949
110630
141488
26696
203835
56777
66189
141415
17541
21599
83906
132505
95781
241835
205650
316744
29632
90333
96318
32333
98960
23281
82172
82465
57279
133284
34312
90086
34952
63666
109734
99131
126540
223394
68321
22507
247257
111697
105127
70502
25463
46222
200856
12167
89668
28666
189561
124456
12103
17336
183137
21579
65168
11683
64000
57025
64080
66125
137974
91261
191100
144540
303455
58212
99211
88020
9179
23330
14810
65208
88360
131103
11510
88207
13506
84126
111571
55647
80560
100354
32363
26624
90820
10680
73696
99193
54912
16468
36343
30691
60308
123034
84388
146009
111125
83729
6642
44109
100814
21514
20256
146839
74368
187227
40619
108113
9702
101081
18473
37136
198365
17758
10338
33399
7820
22115
58701
94065
61325
78806
55322
6187
74290
12432
183586
20244
24229
111589
62645
18049
146396
109540
42804
32199
12644
94624
170567
56039
56145
29174
54105
56906
65461
42964
108235
16431
75211
124090
85787
38526
23327
14645
29329
118015
12431
36182
28863
13426
39795
62753
52763
144515
8475
7416
30838
37551
239446
104455
139657
33844
28145
18481
17219
89245
95318
51720
14094
30368
118712
44359
22086
21071
80572
70541
56193
41737
226462
62163
22215
20899
333331
183264
46945
117406
17710
15347
39733
160483
47050
44544
71314
123443
41920
101541
31443
40460
46922
47438
4789
64373
57635
44236
75252
9190
160933
23786
59792
55918
75336
9341
230946
88837
25979
12945
21674
35088
60944
29964
21552
98756
103963
131952
55016
127136
51349
200121
16278
58260
34344
83022
57957
76378
204580
172561
9715
136188
25195
7821
54663
121624
78812
70472
9802
60712
61952
37698
49714
78461
10811
68557
146012
54586
168330
40042
6668
154541
31269
20220
43646
26195
9156
195728
45224
154098
90177
142628
25905
73831
44180
39245
46497
56422
50086
9529
54249
34492
44926
105943
68566
88655
165167
24929
128596
260346
11661
69384
24290
124318
45855
11431
54176
40537
84451
102291
74320
93805
94505
123959
72131
65429
176016
40530
126235
140421
32084
155094
43506
75524
104191
23622
25058
45476
109564
27449
45760
189957
27150
60275
101352
27737
163325
32517
19551
21549
99008
19587
30729
195392
138416
35321
72396
71850
51030
106273
21782
6250
26955
307080
42420
26128
44694
42576
68204
30602
60316
24912
108096
38478
12905
65942
43090
8275
11872
66458
194598
88351
73847
16511
55286
175910
134382
55749
40652
39498
138180
37509
18085
79190
58510
23773
75823
20988
125052
33934
20835
159939
82580
29057
75409
44043
12443
34483
77148
221150
22807
29764
123570
21365
22862
223777
166199
111132
18288
43299
170137
111500
65379
58466
34434
29689
128616
90223
7619
71415
20478
21304
64689
48529
40931
157086
24530
123603
123689
17898
38842
66870
19201
29744
68483
14018
42115
116472
63283
23613
33013
102747
28638
14404
43962
52171
67340
15864
127669
35135
69735
80719
114884
53368
15676
81268
56722
9066
20088
129672
61502
174398
63393
14544
72844
88562
36652
73032
67006
20740
120502
18521
89200
130433
219066
37736
44379
45127
30505
78979
86985
137449
93912
8688
36054
34516
11036
26776
76895
47419
30335
50905
26380
32646
108027
35112
49207
77936
49234
149823
280364
36632
36972
51201
63141
17262
24165
38421
10731
111629
28740
2840
65419
18943
159575
40266
21904
58366
76372
120910
106600
36723
219068
16058
50244
29857
44637
38473
99697
44184
22488
141166
83135
26000
66901
63416
29957
41478
30934
43009
246111
42105
18227
36224
94928
63641
30377
77620
16543
159249
78456
26350
93547
35253
11331
12067
16843
76336
281251
93313
50961
77556
58212
57394
68918
113092
87163
82104
15947
56567
23316
57915
241089
146618
33535
111495
77560
48276
94493
63245
71770
65670
26854
22117
40189
16790
16468
18610
167549
66999
97176
94586
53403
36919
151446
93821
62614
90061
91876
50083
30888
45743
422443
118587
29078
76799
79146
53030
70987
12412
27232
31565
134509
93285
32957
97284
59285
71687
40268
41888
37351
144589
33504
10624
26565
100674
106131
19312
251032
12311
84184
25444
44682
29412
52097
44264
143806
105456
53899
39369
69790
43433
62526
20439
222900
13896
52439
72149
53016
18421
66139
61028
27879
146016
32977
160927
41747
95711
36300
46415
311937
8440
20875
27492
53719
59166
32428
112608
109478
34975
322605
79590
37322
13176
63441
149533
75286
55480
95209
90510
71442
30130
35389
71446
27733
54315
28581
38205
5612
53795
32336
98878
23778
26142
90851
13334
45127
124323
86698
60733
123702
62909
227913
84145
12654
76108
95560
55668
118446
90588
93715
139414
56077
40731
61513
85192
306405
93711
67002
65848
36318
29518
28795
72225
55781
96874
25587
117538
126305
150893
7883
37494
48653
18259
111417
19078
24163
156380
70817
97040
229780
18880
17191
153256
92652
26532
115193
34574
59066
19201
93039
21839
14890
124857
38486
58104
43988
8219
86831
18774
71354
223406
181323
22097
137053
28342
33266
85509
44880
294808
3857
84462
32800
27611
24836
37824
16673
38220
126847
24585
128007
18373
142097
32813
28577
80105
50238
216992
99986
47350
47549
71483
31398
82498
61448
101096
7823
71956
16627
19062
16916
41079
100292
22499
101001
61050
95697
23002
18870
96490
54380
48719
30140
79583
37103
121631
16006
108257
32271
77174
56132
66804
65186
125685
19049
74181
26316
56505
12875
31935
61090
41400
47050
29896
89805
104563
70212
22988
64744
7411
93560
43702
120523
28314
20704
42095
37367
9584
27547
91850
207495
146173
179120
44540
58161
101128
91076
36454
73136
34298
67763
17172
31489
152311
62148
31858
15046
55713
117344
16436
42212
170633
44791
20217
58479
107308
197419
39385
11216
41818
93932
25567
24062
20236
25572
80050
28216
23174
13087
204126
6944
76232
40319
103852
107101
77983
83702
138696
52559
30585
34425
47012
44717
34314
192433
110278
41456
4777
25106
42881
9761
112271
112476
29307
56496
83976
141702
55474
121908
37800
48956
184447
52842
86441
61786
51868
64104
127475
26629
170272
11719
38597
9497
57996
129781
43768
36108
117038
165972
30257
18770
45460
15149
44080
16093
22556
18953
66729
28316
110501
7033
233002
11437
85122
32237
83308
51674
41986
2898
361666
69015
93477
131549
96508
77643
150884
93179
50355
36636
57639
39179
111270
15174
27410
8513
9840
55143
146284
86737
208065
132732
65115
35992
132887
26651
19017
184232
43123
34451
11488
38200
7355
50788
61317
92176
155720
185880
32297
26282
34782
68644
119316
55880
66229
41389
79896
33359
59966
42012
91197
47953
45280
102688
30481
129143
17284
5759
35424
15423
26471
154710
344650
170273
102839
47827
18596
30792
28203
144431
52747
73633
51405
35989
195210
14146
132902
130098
42710
18431
22994
75975
151471
102827
32170
23611
78953
196673
64975
120004
42077
117680
145359
63215
148035
34736
14102
47350
14360
82353
145621
108682
44888
155311
12678
55208
37211
10002
64616
68611
73663
179140
111072
27408
18988
20110
64266
33736
39038
90335
81205
34924
89243
135584
85325
51522
52500
5529
216274
121307
5565
69155
69915
111872
26463
2270
92711
217122
11725
56734
26650
121489
20042
10180
67263
26562
7234
35372
94276
68709
30342
24245
52285
105186
30443
100902
174151
63681
228984
140695
99215
41758
64421
60591
161387
162361
161476
19811
108972
55117
18987
77958
94498
39068
117427
34927
73939
93424
16959
34113
20657
42766
127396
123880
44476
45725
15537
66385
14109
98015
53018
95529
18331
58736
211425
23087
20217
24342
76576
30122
41746
54827
70435
162910
46608
21912
44817
6139
53395
256126
28444
7685
54639
17942
42657
92467
21237
22338
66596
244724
109026
12589
36595
91391
64296
42572
64103
144467
92380
40589
177906
377093
32173
207550
34263
23979
32955
7296
121025
102739
43300
84403
33916
20989
10694
26417
19729
10111
38642
73532
13306
91358
44295
14641
203235
8592
55451
85540
72140
47995
30347
92686
77380
26456
243732
28091
4409
36637
54757
13183
17513
104669
106530
130926
9647
188631
17876
55091
69476
120750
58341
124608
135990
80767
10776
97485
138741
86860
48580
76405
157999
16753
101802
155049
63130
35310
87774
49019
51710
39709
44108
14526
8242
61793
47818
43725
37133
70384
20870
52348
341428
13543
40626
91594
76110
32153
69299
68294
63719
181983
5916
8434
72951
113731
19991
56676
57341
75214
6808
41212
141773
117019
116113
23179
16763
51843
56536
46470
18626
208355
23270
51310
87993
30241
11920
20288
63087
248570
190809
22693
35432
21656
47268
15218
31696
85105
36303
22175
109805
46936
78340
130226
32809
46030
56576
66576
72702
49156
35027
218510
61430
158025
17025
72050
99671
21874
84843
182931
58296
75134
119419
18157
51786
67258
170962
22524
113016
21572
144877
34923
34647
28874
122881
19619
31863
31894
26237
22965
70102
14440
53123
61391
32131
150300
73692
76516
21975
32454
18848
178729
110859
44787
35685
92850
75728
56852
50677
82392
23599
180023
50184
148641
90242
36924
71861
98391
200766
242006
43250
47564
38878
9140
81172
49241
8241
56902
122834
143690
26020
155835
32219
42371
91786
40827
28405
61051
21277
155189
41715
155035
51903
55161
171487
137838
95125
65177
26829
4408
31107
30139
43533
253748
179125
275757
9225
28028
36071
37224
14732
50541
7171
77355
37847
79548
56658
72161
175526
116592
18333
118263
109500
18634
187034
6827
9832
153462
47339
15643
22793
14154
117091
49292
26022
160109
113272
72935
100592
85282
410287
93053
89125
47945
66656
112088
56835
24441
135464
22243
90548
68764
34747
104446
74757
77834
148591
24035
119606
26604
43908
238913
178419
46554
150333
101344
127461
37474
34043
26954
10366
6536
65254
10992
32528
22637
103887
58940
175794
74165
151468
13520
49254
31407
114668
10092
63193
31540
226714
134107
103413
123386
50199
65771
32832
190579
34806
126969
348333
22120
5564
55347
50672
182199
25846
152676
51272
25774
33261
129238
226825
113320
22514
61603
72865
55964
35719
35280
89159
5436
81583
54212
84801
20220
114492
49385
108783
52276
35139
4831
25906
164862
125420
14793
15885
60289
35265
43339
219766
81155
123647
38974
33856
12327
96713
83067
24492
246280
267884
104708
15869
18631
269889
52293
49652
7968
504742
64617
74809
41838
69814
53934
76760
93973
15228
26188
14754
67476
41357
55164
68289
53600
49439
58665
94721
18056
124268
14179
21591
69960
66340
72476
140743
57327
37462
106239
37424
82788
129835
67250
103488
74197
60651
25113
19913
137130
19868
85118
122306
183369
8707
374963
279743
33791
221994
45788
298611
35618
45542
103088
59247
6151
70644
33064
10900
60197
55148
5958
66510
32657
43638
39766
60469
93380
54549
75586
112901
12946
34568
29667
39244
24700
87376
27279
66850
146096
134145
55565
155859
92680
87920
26452
60804
105584
46545
50041
59788
153471
66805
57654
162356
48261
139703
184514
35344
46668
25888
159003
22727
33116
87149
15309
9370
91803
219215
62438
15692
13137
15304
77895
23764
109692
144821
123176
77157
206847
151861
110349
34430
64670
68643
12245
17810
31399
14037
27156
74270
24075
112054
203213
111058
67282
22206
76238
133654
233307
35878
10927
62008
34108
18978
89640
8470
99762
40731
22070
15372
170255
25689
68062
27477
41207
209965
11663
13024
348654
54039
42308
166200
89035
45888
22982
130942
20730
11848
48657
94495
94920
25578
37497
30004
39569
73897
27588
6758
51908
63112
64332
165648
78791
107408
32959
28920
204752
85829
160638
150308
28487
73491
150646
30202
48064
7594
27784
58420
29967
23381
87053
66223
64474
70157
100167
76645
11682
20084
16522
8202
29695
29692
28215
83346
157476
7981
29149
89100
116593
19370
34401
25087
27278
119865
36730
133806
73521
33090
73639
66448
95998
148518
31012
43582
143563
108984
22326
80431
43906
73947
68382
48662
97659
74682
76262
49458
47998
52739
149541
141952
18275
62483
85795
104472
45889
92975
29784
47237
36944
59045
12304
75911
18440
58090
48681
80929
178547
26367
52289
76196
65376
12920
108518
25640
52911
37701
45727
36444
11661
91686
170694
27057
53509
82294
144764
205557
85795
41937
48643
58118
14703
28640
24203
231640
29724
26058
16840
167550
297190
120214
132498
20345
44442
113578
146631
142316
12005
28162
95469
176813
66065
65292
163163
18797
25353
88080
128535
7900
34109
167604
49637
34734
172857
61504
46610
18814
227651
64174
18829
23417
113012
229656
122542
51171
70722
34624
46461
10057
4646
80302
55841
27861
40285
191209
159284
162258
88014
69800
179032
224909
19848
145473
14833
74314
49470
117663
27725
27920
8687
48533
40263
39251
46470
26365
79779
51682
37971
61132
159494
97948
133757
70220
42557
45858
75355
92353
63074
137767
166112
59044
37988
108758
40573
44412
36702
93584
36984
50245
21467
71583
14683
54605
29775
140532
22967
311315
105962
13036
53893
35209
58330
20392
32751
31709
98603
137088
38530
27517
58919
109383
20788
70540
26547
99205
41777
42472
62998
16011
29153
273404
58502
56877
16671
45443
20846
48740
31369
56336
29799
63109
95605
86298
44698
87813
24652
101164
30738
40942
43896
71944
30947
24975
89403
70586
25287
11929
55475
38260
36660
33699
96682
75909
14758
166325
27129
8885
23127
194738
9047
26094
72968
43371
52855
87223
116054
97235
25463
28044
46399
69650
38030
38637
54683
42462
46496
9220
139740
121886
25795
25699
14858
21418
98847
56071
7027
40606
94481
84777
75131
22796
184562
27743
16063
73354
54962
60027
7651
9937
122505
66218
47908
26960
19327
11166
112587
93963
60419
18037
84301
38232
19933
264078
211580
223459
90320
80912
24946
196919
76981
97125
81435
93106
19046
26551
133044
14341
29132
35154
33721
249484
15881
24981
108364
12850
34891
98343
164420
144743
70272
174598
21910
152618
30091
8702
11766
123282
19707
24515
146082
51247
107624
101508
225055
42791
53613
17908
75419
20595
74504
26945
45075
125288
25386
21732
33149
19226
51669
39151
73110
39807
24417
32000
60656
26378
6647
26006
36930
27520
65451
174852
47255
138256
18913
16898
51177
16052
42020
135296
35966
171974
81945
111606
36135
48526
61373
19415
52950
104987
129063
31471
27295
42759
56326
98461
52389
161737
209902
53990
36629
74604
64592
34944
29239
28312
38692
82985
116943
54951
36712
11518
113141
16798
18999
67448
76546
9170
70437
88956
104499
22345
18679
67747
32460
44627
37638
87125
15031
25868
86927
84523
20138
22476
163315
22273
158468
23407
212531
81065
59240
47351
96828
52996
27043
10449
139419
18209
31732
68289
107143
12277
36751
71664
209019
101824
9460
17965
24153
137791
132513
87747
21533
77956
72748
45683
84296
16645
71252
39197
41607
43732
165865
67636
48366
19263
39809
19680
2992
9187
127780
56516
45896
123908
118821
47746
45722
41067
103770
106204
145358
116749
35132
113062
127719
109550
82897
12620
11813
37656
123717
56069
39927
80392
71066
176761
54121
16910
90756
33510
16209
95703
41938
65365
26749
29158
58456
37070
20754
74427
40221
23186
65524
67661
126654
18997
98426
37828
77431
31459
94126
40826
103412
31955
57691
105683
138125
24788
215935
123139
19268
6241
84167
71951
90435
32776
70301
198027
60690
78381
18953
78491
26460
92478
234694
70624
21015
135794
11121
94153
71308
319968
66361
34917
107884
36612
22982
72120
114708
21348
91370
45718
74721
48815
35846
49989
31905
109828
40261
27654
18617
70448
63466
42651
92714
133913
26694
91525
101740
53829
33593
138021
114392
9888
423416
26105
93946
52280
82792
125082
33147
61098
28093
132587
95959
39150
97975
67044
65474
231054
116115
95220
31393
37198
26979
91033
66657
51340
36419
258463
102729
53756
14135
96296
49336
131152
94152
25215
44027
15392
39949
25847
162112
69344
32234
65613
13848
50080
44958
343611
54454
29097
58207
143047
35174
179510
31166
36187
14601
25401
60035
23651
35008
37606
131016
64039
15809
36925
73314
74292
61297
92980
90140
212006
65382
349470
80006
53853
95538
103511
10444
45425
202399
83849
55225
45676
99706
52245
46288
43134
56891
17288
107315
178036
123369
56051
53127
31620
14343
28785
127772
126246
50262
5591
22180
27509
92405
23802
28634
21084
148190
13601
17235
175572
31957
21151
30985
57415
19034
68823
17139
150639
16968
85050
27332
30638
47917
58336
26214
58678
258350
42500
178346
28604
87771
25923
41662
89755
39706
192582
30022
31823
68702
49434
20193
117532
50889
94681
64936
35190
95085
45239
23735
25738
23538
9828
84131
21957
79191
157735
48182
31643
68754
25220
51374
79490
19958
31852
26830
98033
26287
34671
89436
53024
77041
168595
110667
121505
79614
179354
9559
35688
16682
125471
57951
55810
121146
95087
50141
356494
35664
108790
70431
57325
45144
52826
89941
62851
30073
48259
58757
13060
6924
20179
40695
94793
46785
35397
15859
49554
11571
121229
39512
55119
33867
23418
196452
50663
76239
44860
28206
26426
10383
24970
54082
9720
24812
27683
80129
42206
310049
45777
125662
68158
47810
6053
104721
7458
49487
170376
93377
159923
68786
28097
69621
163054
59924
6175
21976
99103
51461
14611
40799
146015
94337
37018
6980
56699
188699
92781
64350
143878
59874
44767
28011
214329
92358
68937
78688
25723
208332
33096
105216
56759
57004
10000
75432
30449
57575
224864
56413
72099
159522
56683
11993
205971
19816
54135
59975
189853
73878
64213
52222
47007
130685
31810
15662
17365
36025
84812
60160
133399
33386
121513
101966
101247
81649
35306
58650
60011
8575
27702
210052
76880
266833
67161
190775
133386
81140
162241
35188
42687
157386
31987
40699
194102
69032
213148
109526
121061
31441
14380
23474
23091
243377
145338
61537
52233
93160
87196
4937
34693
46428
59499
57580
59176
54057
138199
59582
122453
114175
24808
35984
17639
30580
200287
76064
97756
92241
34383
41753
9883
217295
26726
5005
91418
44804
9669
42768
9224
80294
302955
59197
125704
8356
18954
126516
22556
168184
44392
158914
97786
70136
26950
165341
50490
52613
154020
43579
34592
109771
60993
39905
20658
97181
94417
86242
147244
6635
13641
10682
51625
53867
165642
83310
23193
35390
125673
23555
103127
106789
64468
83130
42482
123739
139436
32197
250998
65114
60871
78630
102997
15187
7862
43478
70056
184401
180687
43238
27337
24677
26566
13993
214850
10894
24250
106395
83787
80896
28100
16114
30160
23455
71582
14702
131513
47494
28739
26900
66644
11472
40505
15396
111691
19526
32136
87088
48419
4718
67786
167848
38920
82058
56754
107497
178522
68813
110476
75516
69547
41462
149928
10185
61900
31072
105584
16371
100180
108723
47691
53806
66671
36267
77276
50416
101970
85463
125731
205868
113506
76682
37839
84424
56986
128460
49394
88552
77436
61103
96857
49537
4189
17592
66253
56647
75519
165314
63105
9126
67331
34988
112001
32712
48626
26666
40161
132317
30055
43657
222882
24022
94042
51074
26311
180009
81608
58461
148725
86664
114808
94996
95754
106116
126729
50427
54436
74257
77731
26538
124383
73214
24384
47317
29882
70399
13269
11662
184116
53045
169284
19383
64960
16082
55336
81386
55665
44483
45975
13096
90008
93835
137728
18835
96284
16906
158734
41319
83050
103437
8014
13371
12570
72646
138010
51461
59967
72957
35416
7797
67146
167119
37895
27533
25416
26629
130924
14239
29803
17238
87511
34195
100104
44439
28700
16363
28361
71270
16520
240158
70319
128129
8973
136051
59827
27418
83892
25970
93490
75754
34355
21133
31760
234934
10263
13165
33915
123355
14054
124603
118094
15354
38251
63343
16829
124453
28589
42432
62982
46636
245282
39733
350274
42128
58752
87225
67540
30715
66859
10783
95512
22771
36159
128012
26997
27135
35167
102512
88462
23824
170574
121177
34390
53388
18177
14805
52249
44204
40942
21312
55146
65880
100955
40172
107294
15108
18460
170965
42787
63216
65440
49155
12358
42751
40144
9301
47953
15334
283456
64306
55270
62487
141587
18168
25772
7989
75937
111486
58373
71726
49538
125144
19642
9708
73724
17249
66541
4923
15318
17858
39362
61824
95999
50817
47414
132248
24073
28617
60074
15885
22893
17798
40283
45247
116171
114504
92064
45748
26615
19326
138197
69358
147640
187133
25861
16631
121259
183052
33474
95421
114978
31778
44077
94257
27899
29246
64804
9489
99189
36369
31439
73464
24705
38512
163636
72697
141763
24062
91005
79705
34303
26283
65287
114576
120973
199664
26166
67980