16574
16570
16565
16559
16556
16552
16550
16544
16541
16539
16537
16531
16527
16519
16512
16507
16503
16502
16500
16494
16494
16488
16481
16477
16473
16469
16468
16466
16462
16456
16449
16449
16447
16443
16442
16434
16430
16428
16422
16420
16415
16414
16408
16400
16400
16399
16399
16398
16396
16394
16391
16384
16380
16376
16371
16365
16363
16358
16354
16346
16340
16338
16338
16334
16329
16325
16321
16313
16309
16307
16301
16297
16289
16281
16279
16275
16272
16268
16262
16257
16252
16243
16240
16236
16230
16224
16220
16214
16212
16205
16203
16199
16193
16187
16183
16182
16180
16175
16169
16165
16160
16158
16157
16151
16146
16140
16134
16129
16125
16118
16117
16114
16110
16103
16101
16100
16096
16094
16088
16082
16078
16076
16073
16070
16064
16061
16056
16054
16048
16045
16041
16039
16034
16032
16026
16018
16017
16011
16007
16003
16001
15995
15990
15986
15982
15981
15979
15972
15970
15965
15963
15960
15956
15952
15950
15948
15940
15935
15931
15929
15924
15918
15914
15911
15906
15903
15896
15892
15886
15880
15874
15874
15872
15868
15863
15859
15851
15845
15839
15834
15829
15826
15820
15816
15814
15810
15805
15805
15800
15792
15791
15785
15781
15777
15773
15770
15765
15761
15757
15753
15748
15743
15740
15735
15731
15723
15719
15713
15704
15701
15695
15693
15688
15682
15678
15671
15667
15663
15661
15655
15653
15652
15650
15646
15642
15637
15633
15629
15626
15622
15617
15611
15611
15609
15607
15605
15599
15593
15589
15582
15580
15578
15576
15570
15568
15561
15556
15552
15546
15543
15539
15535
15533
15527
15521
15515
15509
15505
15503
15497
15489
15481
15477
15475
15471
15465
15461
15455
15451
15447
15445
15443
15440
15436
15434
15426
15424
15419
15417
15407
15405
15399
15396
15392
15390
15385
15379
15377
15370
15364
15362
15357
15351
15347
15340
15334
15330
15322
15321
15315
15313
15311
15309
15305
15303
15297
15292
15287
15284
15277
15273
15267
15262
15258
15253
15249
15247
15239
15236
15231
15227
15225
15219
15215
15212
15208
15206
15198
15195
15193
15187
15180
15175
15172
15164
15160
15158
15155
15149
15144
15140
15140
15135
15133
15129
15126
15120
15114
15112
15109
15101
15095
15089
15083
15076
15068
15062
15054
15051
15045
15042
15040
15038
15030
15027
15023
15018
15009
15005
15001
14994
14992
14990
14988
14984
14983
14979
14979
14977
14973
14973
14971
14969
14964
14960
14956
14950
14946
14942
14939
14935
14935
14933
14929
14925
14922
14916
14912
14907
14900
14894
14892
14889
14887
14879
14873
14873
14870
14870
14868
14865
14863
14861
14855
14852
14844
14842
14837
14833
14830
14826
14822
14817
14816
14810
14805
14797
14790
14781
14775
14769
14766
14763
14761
14757
14751
14749
14747
14741
14741
14734
14732
14726
14721
14719
14716
14716
14711
14709
14707
14700
14696
14689
14685
14679
14678
14669
14667
14661
14653
14651
14647
14643
14642
14638
14634
14632
14624
14622
14618
14614
14612
14612
14610
14608
14606
14600
14594
14591
14585
14583
14581
14579
14577
14575
14573
14567
14558
14558
14558
14554
14548
14546
14543
14541
14537
14532
14530
14527
14523
14515
14510
14504
14502
14498
14493
14486
14481
14477
14477
14474
14471
14466
14460
14458
14456
14452
14446
14443
14439
14433
14431
14426
14420
14416
14411
14407
14403
14401
14397
14391
14391
14390
14386
14382
14374
14370
14365
14363
14357
14351
14347
14342
14338
14337
14334
14328
14324
14322
14319
14315
14313
14309
14304
14301
14296
14292
14286
14284
14281
14278
14274
14270
14270
14266
14264
14264
14259
14253
14249
14245
14238
14234
14230
14224
14222
14215
14213
14211
14207
14202
14198
14198
14196
14194
14193
14193
14186
14182
14178
14174
14171
14169
14169
14162
14157
14155
14151
14141
14139
14131
14125
14119
14119
14113
14107
14107
14104
14101
14096
14090
14089
14083
14081
14073
14069
14067
14063
14056
14054
14048
14043
14042
14037
14031
14025
14020
14020
14016
14012
14004
14002
14002
13996
13990
13984
13984
13978
13972
13969
13969
13965
13958
13954
13953
13947
13943
13943
13941
13938
13938
13938
13934
13929
13923
13919
13917
13913
13907
13899
13893
13891
13883
13881
13875
13875
13871
13862
13859
13851
13846
13842
13836
13831
13829
13823
13819
13814
13810
13804
13800
13798
13795
13786
13784
13782
13775
13768
13762
13758
13756
13754
13749
13747
13738
13736
13729
13724
13720
13717
13710
13710
13700
13695
13693
13687
13681
13680
13677
13673
13671
13669
13665
13662
13658
13656
13652
13652
13650
13646
13644
13644
13640
13637
13635
13627
13621
13621
13619
13616
13614
13612
13608
13602
13600
13596
13590
13590
13582
13579
13577
13569
13569
13565
13561
13561
13561
13557
13555
13552
13550
13543
13541
13539
13537
13535
13533
13529
13521
13516
13511
13509
13507
13503
13499
13495
13491
13487
13479
13477
13475
13471
13467
13461
13459
13455
13449
13444
13440
13436
13432
13428
13425
13423
13419
13413
13409
13407
13406
13401
13401
13401
13397
13393
13389
13384
13383
13379
13373
13370
13364
13360
13357
13355
13355
13348
13341
13335
13331
13327
13325
13323
13320
13316
13310
13307
13306
13302
13299
13294
13292
13285
13283
13281
13278
13275
13267
13265
13263
13256
13253
13251
13247
13243
13241
13238
13235
13230
13226
13226
13219
13217
13215
13209
13206
13198
13196
13192
13188
13184
13176
13176
13174
13169
13167
13167
13164
13159
13155
13153
13152
13146
13144
13140
13133
13129
13127
13125
13121
13119
13114
13112
13107
13102
13100
13098
13093
13088
13082
13078
13074
13071
13064
13062
13054
13054
13050
13050
13046
13040
13038
13030
13028
13024
13020
13012
13009
13004
13002
12996
12992
12988
12980
12972
12968
12962
12960
12957
12952
12948
12945
12943
12939
12937
12929
12928
12926
12923
12918
12918
12918
12915
12913
12909
12905
12901
12898
12895
12891
12888
12886
12883
12879
12877
12873
12867
12862
12860
12858
12855
12851
12847
12844
12837
12833
12829
12819
12817
12812
12808
12803
12802
12796
12787
12782
12778
12772
12766
12762
12762
12758
12756
12754
12745
12740
12735
12729
12721
12718
12712
12708
12704
12698
12690
12684
12681
12679
12677
12673
12667
12661
12661
12658
12652
12647
12643
12643
12638
12636
12631
12627
12622
12621
12614
12608
12608
12603
12600
12594
12594
12589
12581
12579
12574
12569
12563
12555
12553
12551
12545
12541
12535
12526
12525
12519
12515
12511
12508
12506
12503
12497
12493
12489
12485
12481
12481
12479
12476
12470
12463
12461
12457
12452
12450
12446
12442
12438
12433
12429
12422
12420
12418
12414
12408
12404
12401
12394
12385
12378
12373
12367
12363
12357
12353
12349
12345
12341
12341
12335
12331
12325
12317
12311
12305
12303
12299
12293
12291
12283
12281
12281
12277
12272
12268
12261
12256
12255
12248
12240
12238
12238
12235
12230
12226
12221
12219
12212
12206
12199
12199
12198
12195
12188
12188
12186
12181
12178
12176
12169
12164
12162
12159
12154
12152
12144
12139
12134
12134
12128
12128
12127
12126
12122
12122
12115
12109
12108
12104
12098
12095
12093
12087
12079
12079
12073
12065
12063
12058
12056
12052
12042
12040
12033
12028
12024
12016
12010
12006
11998
11992
11990
11990
11984
11976
11972
11970
11965
11961
11957
11953
11945
11941
11938
11934
11930
11929
11921
11919
11917
11917
11914
11910
11903
11901
11899
11891
11886
11882
11876
11872
11870
11866
11863
11858
11854
11852
11846
11844
11841
11837
11834
11832
11828
11824
11822
11818
11818
11814
11812
11806
11804
11800
11791
11785
11783
11777
11771
11769
11763
11759
11757
11752
11748
11741
11739
11734
11730
11724
11720
11718
11714
11708
11705
11699
11694
11692
11688
11685
11682
11678
11678
11670
11668
11662
11658
11653
11648
11646
11640
11636
11631
11629
11629
11626
11622
11620
11617
11607
11602
11598
11594
11588
11584
11579
11573
11566
11564
11560
11558
11551
11544
11534
11528
11524
11523
11519
11514
11510
11507
11503
11499
11497
11493
11491
11489
11485
11483
11478
11475
11472
11469
11463
11461
11454
11452
11449
11443
11437
11431
11429
11429
11427
11422
11419
11415
11409
11405
11401
11401
11397
11388
11388
11384
11377
11370
11366
11362
11360
11353
11349
11346
11338
11331
11327
11326
11321
11319
11316
11311
11306
11300
11295
11289
11286
11284
11280
11278
11276
11270
11267
11261
11259
11257
11256
11250
11246
11245
11239
11235
11226
11226
11222
11217
11217
11211
11209
11205
11199
11194
11192
11190
11187
11181
11178
11173
11167
11158
11156
11152
11149
11143
11141
11135
11133
11128
11124
11119
11114
11111
11102
11100
11092
11088
11086
11081
11077
11073
11066
11063
11060
11058
11054
11049
11049
11041
11041
11038
11036
11030
11028
11025
11019
11012
11008
11005
11001
10997
10995
10993
10987
10984
10982
10975
10970
10964
10964
10961
10956
10953
10947
10944
10942
10938
10931
10925
10924
10920
10918
10914
10912
10904
10900
10898
10894
10890
10887
10887
10883
10874
10872
10867
10862
10858
10853
10849
10845
10842
10840
10836
10832
10830
10824
10818
10814
10810
10808
10806
10802
10798
10791
10787
10781
10777
10770
10766
10761
10757
10751
10749
10743
10743
10740
10738
10735
10729
10725
10722
10716
10713
10708
10703
10698
10689
10681
10677
10673
10669
10665
10662
10654
10651
10649
10646
10643
10640
10640
10634
10627
10619
10617
10615
10610
10610
10606
10601
10596
10594
10589
10583
10576
10571
10571
10567
10565
10561
10558
10554
10554
10552
10546
10544
10542
10538
10534
10530
10527
10525
10521
10520
10519
10513
10507
10504
10500
10496
10490
10489
10486
10481
10477
10473
10464
10458
10449
10447
10440
10438
10433
10433
10427
10425
10418
10410
10409
10405
10401
10394
10386
10384
10381
10377
10373
10365
10361
10355
10351
10351
10347
10341
10335
10333
10327
10323
10319
10317
10312
10311
10305
10298
10296
10291
10285
10278
10276
10273
10271
10269
10266
10262
10262
10259
10251
10248
10246
10242
10238
10233
10233
10226
10223
10219
10216
10215
10212
10210
10208
10202
10196
10191
10187
10185
10180
10176
10173
10169
10164
10162
10159
10154
10148
10146
10144
10142
10140
10138
10134
10134
10133
10128
10121
10118
10113
10108
10101
10096
10090
10084
10082
10077
10077
10075
10069
10067
10064
10062
10058
10055
10053
10047
10044
10040
10035
10031
10028
10022
10018
10016
10014
10012
10006
10002
10001
10001
9996
9994
9990
9983
9981
9971
9969
9965
9959
9955
9953
9948
9948
9944
9943
9939
9935
9929
9927
9925
9920
9918
9916
9916
9909
9909
9902
9898
9898
9894
9894
9892
9886
9884
9878
9878
9871
9867
9863
9856
9850
9848
9847
9844
9843
9839
9833
9833
9829
9823
9818
9812
9806
9802
9798
9796
9794
9792
9786
9784
9777
9770
9769
9768
9762
9760
9755
9750
9748
9743
9737
9737
9733
9729
9724
9720
9713
9705
9703
9700
9698
9696
9692
9690
9687
9682
9678
9677
9675
9675
9671
9664
9660
9658
9658
9652
9644
9642
9642
9638
9628
9628
9622
9622
9620
9616
9611
9608
9606
9604
9602
9594
9592
9586
9584
9581
9577
9571
9567
9560
9556
9551
9545
9544
9542
9538
9537
9533
9527
9524
9520
9515
9512
9508
9506
9502
9502
9496
9496
9490
9484
9478
9476
9476
9472
9470
9468
9461
9457
9452
9446
9442
9435
9430
9427
9423
9422
9418
9416
9412
9406
9404
9402
9395
9385
9381
9374
9374
9370
9368
9362
9362
9356
9352
9346
9345
9341
9337
9333
9326
9326
9320
9318
9314
9311
9306
9302
9300
9297
9295
9291
9287
9287
9283
9277
9273
9271
9271
9269
9267
9263
9257
9251
9249
9247
9240
9237
9233
9229
9223
9221
9216
9211
9206
9198
9196
9194
9186
9180
9178
9174
9170
9163
9160
9158
9152
9150
9143
9143
9141
9139
9137
9135
9133
9129
9127
9125
9124
9120
9116
9113
9105
9103
9103
9099
9094
9090
9084
9079
9077
9069
9069
9065
9061
9057
9053
9051
9049
9045
9039
9035
9032
9024
9015
9009
9007
9005
9000
8995
8988
8982
8975
8973
8966
8962
8956
8953
8952
8948
8944
8939
8935
8927
8923
8918
8916
8914
8914
8910
8906
8903
8903
8901
8894
8892
8888
8884
8882
8878
8873
8870
8868
8864
8860
8853
8852
8849
8849
8846
8844
8844
8843
8840
8834
8832
8827
8822
8818
8815
8813
8810
8805
8802
8795
8791
8790
8788
8780
8774
8767
8765
8761
8757
8753
8749
8747
8743
8735
8731
8729
8723
8716
8710
8708
8704
8700
8694
8686
8683
8680
8678
8676
8672
8666
8661
8655
8654
8648
8643
8640
8634
8630
8626
8624
8624
8618
8614
8610
8606
8605
8603
8597
8589
8587
8585
8580
8578
8572
8566
8566
8566
8560
8560
8552
8548
8548
8543
8537
8537
8534
8532
8528
8524
8517
8513
8511
8508
8502
8493
8488
8486
8482
8474
8471
8469
8463
8463
8457
8451
8445
8443
8438
8432
8430
8426
8420
8414
8409
8407
8402
8397
8395
8390
8390
8385
8383
8381
8375
8373
8369
8369
8363
8359
8357
8355
8353
8351
8351
8349
8340
8336
8330
8330
8328
8322
8320
8314
8310
8308
8306
8301
8299
8295
8291
8288
8282
8280
8275
8275
8269
8267
8260
8254
8250
8244
8242
8242
8238
8238
8236
8232
8230
8226
8218
8212
8205
8204
8198
8191
8186
8184
8184
8182
8177
8171
8165
8165
8163
8156
8154
8152
8150
8144
8144
8139
8137
8131
8128
8124
8124
8120
8115
8115
8109
8105
8100
8098
8094
8089
8088
8084
8078
8076
8068
8068
8062
8062
8059
8054
8048
8045
8041
8034
8028
8026
8023
8021
8015
8011
8010
8008
8007
8005
8001
7997
7993
7987
7986
7980
7974
7968
7964
7959
7955
7947
7941
7935
7933
7927
7923
7919
7915
7910
7907
7906
7902
7902
7898
7898
7894
7892
7889
7887
7887
7878
7870
7868
7865
7856
7851
7849
7846
7841
7837
7829
7827
7827
7821
7819
7819
7815
7811
7802
7796
7791
7783
7781
7781
7777
7775
7771
7767
7763
7761
7759
7755
7752
7749
7747
7741
7741
7737
7735
7732
7727
7721
7715
7715
7715
7713
7707
7705
7700
7696
7692
7691
7689
7687
7684
7678
7675
7673
7669
7665
7663
7660
7658
7658
7656
7651
7649
7642
7640
7636
7632
7629
7623
7617
7612
7606
7603
7599
7597
7593
7589
7582
7582
7576
7572
7570
7566
7560
7556
7554
7552
7549
7546
7540
7534
7530
7526
7523
7520
7516
7510
7507
7502
7500
7498
7492
7492
7485
7478
7475
7471
7464
7462
7458
7454
7447
7443
7437
7433
7428
7426
7424
7422
7420
7418
7410
7404
7404
7400
7398
7390
7386
7378
7373
7371
7369
7365
7359
7353
7348
7343
7339
7335
7331
7329
7321
7319
7315
7314
7314
7310
7308
7306
7303
7295
7295
7294
7294
7291
7289
7285
7283
7275
7273
7269
7265
7263
7261
7254
7250
7248
7246
7238
7234
7234
7230
7226
7224
7220
7217
7215
7210
7204
7202
7199
7195
7188
7182
7181
7177
7175
7169
7169
7163
7159
7157
7155
7148
7146
7142
7136
7131
7129
7125
7119
7119
7116
7112
7109
7105
7101
7097
7096
7091
7089
7087
7083
7076
7074
7070
7064
7062
7060
7056
7054
7050
7047
7041
7033
7029
7020
7014
7014
7010
7005
7001
6999
6990
6988
6987
6981
6979
6973
6971
6968
6963
6957
6951
6947
6945
6938
6936
6934
6928
6926
6922
6916
6911
6905
6904
6898
6897
6893
6889
6887
6883
6878
6874
6871
6865
6859
6855
6849
6845
6839
6832
6827
6820
6813
6810
6806
6803
6799
6797
6795
6793
6793
6789
6787
6783
6779
6771
6763
6762
6755
6749
6741
6738
6733
6729
6729
6725
6723
6723
6720
6718
6712
6710
6706
6704
6704
6700
6698
6692
6686
6684
6684
6681
6677
6673
6673
6671
6671
6668
6664
6659
6659
6656
6651
6649
6646
6637
6634
6630
6626
6624
6620
6620
6616
6612
6608
6606
6604
6602
6600
6594
6592
6590
6584
6584
6576
6574
6570
6563
6558
6558
6550
6550
6544
6540
6534
6532
6530
6526
6524
6524
6516
6516
6512
6512
6508
6507
6502
6498
6494
6490
6484
6480
6476
6470
6467
6464
6458
6454
6452
6449
6445
6440
6439
6439
6438
6434
6429
6421
6414
6412
6406
6401
6398
6396
6392
6390
6385
6383
6381
6375
6373
6368
6363
6363
6356
6356
6352
6348
6344
6340
6338
6331
6328
6320
6313
6309
6307
6302
6299
6297
6291
6291
6290
6288
6280
6278
6272
6270
6267
6265
6265
6261
6261
6257
6249
6248
6248
6245
6241
6233
6227
6222
6214
6206
6201
6199
6197
6191
6187
6183
6178
6174
6173
6171
6171
6169
6167
6163
6160
6160
6158
6156
6152
6148
6146
6144
6144
6140
6138
6136
6133
6131
6131
6123
6119
6119
6116
6112
6108
6106
6102
6096
6090
6085
6082
6077
6077
6074
6074
6071
6067
6065
6058
6056
6050
6050
6048
6046
6046
6046
6044
6043
6039
6031
6029
6025
6021
6015
6011
6006
5996
5992
5990
5983
5979
5971
5963
5961
5957
5951
5946
5943
5939
5935
5929
5929
5929
5927
5925
5923
5917
5912
5909
5903
5902
5895
5895
5891
5891
5888
5887
5885
5881
5879
5873
5866
5866
5861
5857
5855
5853
5849
5847
5843
5835
5835
5833
5825
5817
5813
5808
5806
5806
5804
5800
5791
5789
5783
5777
5773
5771
5769
5762
5760
5754
5747
5744
5739
5733
5731
5731
5727
5720
5713
5705
5703
5699
5696
5691
5688
5684
5683
5681
5677
5673
5669
5665
5661
5659
5654
5650
5650
5648
5644
5640
5634
5628
5625
5621
5614
5614
5612
5612
5608
5608
5607
5605
5603
5598
5594
5589
5585
5583
5579
5577
5573
5567
5563
5561
5559
5557
5549
5549
5545
5541
5538
5538
5536
5536
5532
5532
5530
5528
5524
5518
5514
5512
5506
5501
5499
5497
5494
5492
5488
5487
5487
5483
5483
5479
5477
5475
5469
5469
5467
5466
5463
5462
5462
5460
5457
5457
5453
5446
5444
5442
5438
5436
5430
5428
5428
5423
5421
5417
5415
5407
5406
5404
5401
5401
5393
5388
5385
5379
5379
5377
5371
5367
5365
5363
5363
5359
5356
5354
5348
5344
5342
5339
5337
5332
5332
5330
5324
5319
5317
5311
5306
5300
5297
5295
5293
5289
5285
5281
5278
5272
5272
5266
5264
5258
5254
5252
5248
5248
5245
5243
5239
5237
5233
5230
5226
5223
5221
5216
5214
5212
5206
5202
5200
5194
5194
5194
5188
5185
5178
5170
5170
5166
5160
5154
5152
5150
5146
5141
5140
5138
5136
5130
5126
5126
5124
5116
5112
5107
5107
5107
5103
5100
5095
5087
5083
5080
5076
5076
5072
5069
5065
5061
5059
5055
5051
5044
5044
5040
5040
5038
5034
5030
5025
5025
5021
5015
5009
5005
5001
5001
5001
4999
4997
4994
4994
4993
4990
4990
4984
4980
4977
4972
4970
4966
4962
4956
4955
4953
4953
4950
4950
4945
4943
4941
4933
4931
4927
4919
4915
4913
4911
4907
4906
4905
4901
4896
4892
4892
4888
4888
4884
4878
4874
4873
4872
4867
4864
4856
4853
4846
4842
4840
4838
4836
4832
4828
4820
4815
4811
4804
4802
4795
4795
4789
4783
4776
4772
4768
4766
4763
4761
4759
4751
4749
4749
4745
4741
4739
4739
4733
4731
4723
4720
4718
4718
4716
4712
4708
4701
4696
4690
4687
4681
4681
4675
4674
4670
4668
4661
4661
4661
4657
4654
4649
4647
4647
4644
4640
4640
4638
4635
4633
4632
4632
4626
4624
4622
4616
4613
4609
4602
4599
4599
4594
4589
4585
4581
4576
4572
4572
4571
4565
4563
4562
4558
4558
4554
4551
4550
4546
4544
4542
4540
4539
4534
4527
4522
4516
4512
4510
4510
4510
4507
4499
4497
4495
4493
4489
4487
4486
4483
4483
4481
4473
4473
4473
4471
4471
4471
4469
4467
4465
4462
4461
4459
4455
4455
4451
4449
4449
4447
4445
4443
4437
4431
4424
4422
4420
4412
4406
4402
4398
4393
4391
4387
4383
4378
4376
4372
4369
4361
4356
4352
4350
4348
4346
4340
4340
4336
4332
4328
4320
4320
4319
4313
4309
4305
4302
4298
4296
4291
4288
4286
4284
4280
4278
4272
4272
4268
4265
4261
4256
4254
4251
4251
4245
4245
4243
4238
4233
4230
4224
4217
4211
4209
4209
4203
4203
4201
4198
4193
4187
4186
4182
4182
4178
4178
4172
4172
4170
4167
4163
4161
4157
4153
4151
4146
4142
4140
4136
4134
4130
4128
4128
4124
4124
4118
4112
4109
4108
4102
4097
4093
4090
4085
4081
4078
4074
4067
4065
4058
4058
4050
4044
4041
4036
4032
4027
4023
4019
4013
4012
4006
4004
4002
3996
3996
3992
3988
3988
3984
3980
3978
3972
3969
3965
3961
3959
3957
3950
3944
3942
3942
3942
3939
3936
3930
3924
3922
3918
3915
3909
3904
3902
3900
3897
3895
3893
3893
3889
3887
3885
3883
3882
3878
3874
3870
3864
3859
3854
3850
3850
3848
3844
3840
3839
3835
3832
3832
3832
3826
3820
3814
3812
3806
3804
3802
3800
3797
3795
3792
3784
3777
3776
3770
3765
3760
3754
3754
3752
3748
3744
3737
3736
3736
3734
3730
3724
3720
3714
3712
3710
3707
3707
3702
3696
3694
3690
3688
3684
3682
3678
3678
3676
3672
3668
3662
3662
3658
3656
3654
3653
3645
3641
3635
3631
3625
3622
3618
3614
3614
3610
3610
3606
3601
3601
3598
3592
3584
3582
3580
3579
3576
3574
3572
3570
3570
3564
3558
3554
3552
3552
3545
3543
3542
3540
3538
3531
3528
3525
3521
3518
3514
3511
3504
3498
3494
3489
3487
3486
3482
3478
3476
3472
3470
3464
3462
3455
3453
3451
3444
3440
3434
3432
3426
3422
3420
3417
3415
3411
3409
3407
3403
3396
3394
3389
3383
3379
3374
3374
3372
3369
3363
3357
3352
3349
3347
3342
3340
3336
3328
3323
3320
3320
3320
3320
3318
3314
3310
3309
3308
3303
3302
3300
3293
3285
3283
3283
3283
3278
3273
3266
3265
3261
3258
3258
3252
3250
3250
3244
3240
3236
3234
3234
3228
3224
3221
3215
3213
3211
3209
3207
3204
3202
3202
3198
3194
3194
3190
3184
3183
3179
3171
3168
3161
3161
3159
3153
3150
3147
3145
3145
3140
3138
3134
3132
3126
3120
3116
3113
3112
3110
3108
3100
3100
3096
3092
3090
3088
3082
3081
3075
3073
3071
3067
3063
3059
3054
3051
3049
3048
3043
3038
3036
3029
3023
3021
3018
3018
3016
3014
3012
3012
3010
3008
3008
3002
2999
2993
2989
2987
2985
2977
2973
2969
2963
2960
2958
2954
2954
2950
2942
2936
2934
2932
2928
2926
2921
2919
2915
2913
2907
2904
2902
2894
2894
2889
2888
2884
2877
2871
2865
2863
2858
2858
2852
2850
2846
2842
2839
2837
2835
2833
2833
2825
2821
2819
2819
2819
2815
2809
2803
2801
2795
2792
2786
2784
2776
2771
2766
2764
2756
2752
2750
2746
2739
2733
2727
2727
2727
2727
2723
2721
2716
2708
2705
2703
2703
2698
2698
2696
2694
2692
2686
2681
2675
2671
2667
2661
2655
2653
2651
2645
2638
2638
2634
2627
2627
2624
2619
2618
2614
2608
2606
2604
2597
2589
2589
2584
2584
2580
2579
2577
2573
2568
2566
2562
2557
2552
2544
2542
2535
2530
2527
2526
2522
2518
2511
2508
2506
2497
2495
2488
2486
2482
2478
2478
2476
2474
2472
2468
2464
2462
2456
2451
2447
2444
2440
2437
2437
2435
2429
2429
2427
2423
2421
2421
2419
2417
2413
2409
2409
2401
2399
2399
2394
2394
2390
2382
2380
2377
2377
2376
2368
2362
2356
2354
2352
2350
2348
2345
2345
2341
2339
2331
2325
2323
2321
2319
2312
2310
2306
2300
2295
2289
2289
2285
2283
2280
2280
2278
2269
2266
2258
2256
2250
2242
2238
2237
2234
2232
2228
2226
2221
2217
2213
2208
2204
2203
2199
2196
2192
2189
2185
2182
2182
2180
2176
2172
2168
2168
2164
2158
2157
2155
2151
2147
2143
2143
2143
2137
2133
2130
2122
2120
2115
2115
2113
2111
2106
2102
2097
2094
2090
2090
2088
2082
2082
2079
2072
2068
2066
2066
2066
2062
2060
2055
2055
2049
2045
2041
2039
2035
2033
2027
2023
2019
2019
2015
2009
2007
2001
1993
1989
1983
1979
1974
1970
1963
1961
1957
1952
1952
1944
1942
1941
1937
1930
1930
1926
1922
1917
1913
1911
1910
1910
1910
1905
1901
1896
1896
1894
1890
1890
1884
1884
1882
1876
1874
1871
1864
1858
1856
1852
1849
1848
1841
1836
1832
1826
1826
1825
1822
1814
1808
1805
1799
1794
1790
1788
1786
1782
1782
1780
1776
1772
1768
1767
1760
1760
1756
1756
1752
1748
1744
1740
1733
1727
1722
1718
1714
1708
1704
1702
1702
1696
1690
1685
1683
1681
1679
1672
1671
1669
1666
1663
1663
1657
1655
1651
1647
1645
1641
1637
1633
1632
1632
1626
1622
1620
1618
1614
1614
1611
1605
1605
1605
1603
1601
1601
1596
1588
1587
1586
1578
1569
1566
1565
1561
1557
1557
1555
1554
1546
1543
1539
1538
1536
1532
1532
1529
1522
1514
1507
1505
1503
1499
1497
1495
1490
1486
1482
1480
1476
1475
1472
1469
1469
1464
1464
1463
1463
1458
1454
1447
1446
1443
1439
1439
1435
1431
1430
1427
1425
1415
1409
1405
1403
1403
1398
1396
1393
1391
1387
1383
1377
1373
1369
1368
1364
1362
1362
1360
1356
1356
1354
1352
1351
1345
1343
1341
1339
1335
1334
1331
1331
1329
1325
1321
1316
1312
1310
1310
1308
1306
1302
1298
1298
1290
1286
1281
1279
1277
1274
1272
1269
1269
1263
1259
1257
1254
1252
1246
1244
1240
1238
1234
1230
1228
1228
1224
1224
1224
1222
1220
1220
1218
1216
1214
1209
1207
1205
1205
1201
1199
1193
1187
1183
1177
1174
1169
1167
1163
1161
1161
1159
1154
1148
1142
1140
1134
1130
1122
1119
1117
1113
1109
1103
1103
1098
1098
1094
1090
1083
1079
1073
1069
1067
1061
1059
1054
1050
1050
1044
1043
1036
1035
1035
1035
1035
1033
1031
1025
1025
1025
1017
1013
1006
1000
993
992
988
984
981
976
972
970
968
965
960
952
952
948
944
944
939
935
929
921
916
913
913
908
903
903
903
898
894
890
889
889
885
879
873
868
864
862
862
854
852
846
840
832
829
823
819
817
813
809
807
806
806
804
802
798
798
796
794
791
789
786
778
772
772
772
768
764
758
754
750
744
738
733
725
720
715
707
701
697
694
692
690
683
677
674
670
666
658
654
649
649
645
644
644
643
637
633
631
627
619
617
615
615
608
602
600
598
595
595
593
589
589
581
579
579
571
566
566
566
565
561
557
553
549
547
542
539
535
533
528
525
521
517
510
508
504
497
493
489
485
485
485
483
481
477
475
471
467
463
461
461
459
450
448
442
437
433
431
429
427
421
421
421
419
417
411
410
404
403
401
399
399
399
395
393
392
386
381
373
369
366
366
360
354
347
339
337
331
330
328
328
322
320
318
316
314
313
309
309
307
305
300
300
300
296
294
292
292
286
286
282
279
272
272
272
270
266
264
255
251
251
242
238
234
234
229
221
215
213
206
204
199
197
197
197
195
195
193
192
190
188
188
188
183
183
179
177
177
177
173
173
171
169
165
159
155
148
147
142
140
140
135
135
134
128
120
120
115
111
108
102
98
94
94
90
90
89
85
85
79
73
73
71
69
63
59
56
56
56
51
46
46
46
42
33
31
30
30
30
27
27
27
27
23
23
21
21
21
21
21
21
21
21
21
21
21
21
21
21
21
21
21
21
21
21
21
7741
7737
7729
7727
7723
7717
7709
7705
7701
7696
7694
7688
7686
7684
7679
7675
7669
7669
7665
7660
7652
7647
7641
7635
7628
7625
7625
7617
7613
7612
7609
7605
7602
7598
7596
7594
7592
7590
7586
7582
7580
7577
7574
7568
7566
7564
7562
7558
7552
7547
7541
7534
7531
7527
7525
7520
7516
7511
7507
7503
7497
7492
7488
7484
7478
7475
7469
7462
7460
7456
7453
7445
7441
7439
7435
7433
7431
7428
7426
7424
7419
7415
7411
7409
7403
7399
7397
7395
7388
7386
7384
7376
7372
7367
7365
7362
7354
7350
7348
7342
7336
7329
7327
7324
7319
7311
7305
7299
7297
7294
7286
7284
7278
7274
7267
7263
7257
7250
7248
7243
7243
7240
7234
7231
7225
7223
7220
7214
7212
7206
7203
7201
7199
7198
7190
7189
7181
7174
7170
7170
7168
7163
7157
7155
7149
7143
7138
7136
7129
7125
7123
7119
7113
7105
7103
7099
7094
7090
7088
7086
7082
7074
7068
7062
7062
7060
7055
7052
7048
7043
7038
7030
7026
7024
7020
7016
7014
7013
7007
7003
7000
6999
6998
6992
6986
6982
6975
6969
6963
6960
6958
6955
6947
6942
6938
6934
6931
6925
6919
6915
6913
6909
6903
6899
6896
6891
6889
6885
6877
6875
6873
6869
6864
6857
6849
6846
6839
6835
6831
6826
6824
6818
6814
6812
6808
6800
6795
6787
6781
6776
6774
6772
6767
6761
6759
6758
6756
6753
6751
6744
6742
6738
6734
6731
6728
6726
6721
6716
6713
6711
6703
6698
6694
6691
6685
6683
6677
6674
6668
6666
6659
6654
6646
6644
6641
6637
6635
6626
6618
6613
6610
6607
6606
6602
6597
6591
6591
6585
6583
6581
6578
6570
6564
6560
6556
6549
6547
6541
6535
6532
6528
6522
6519
6517
6509
6508
6502
6497
6489
6481
6477
6476
6468
6462
6462
6458
6454
6448
6443
6439
6431
6425
6423
6419
6411
6408
6402
6396
6390
6383
6379
6375
6369
6363
6359
6354
6349
6347
6341
6333
6329
6324
6322
6314
6311
6309
6301
6293
6287
6278
6278
6278
6275
6269
6265
6262
6258
6253
6249
6245
6239
6237
6228
6225
6217
6215
6209
6200
6196
6194
6190
6190
6188
6180
6173
6169
6166
6162
6156
6153
6147
6143
6135
6133
6126
6126
6124
6120
6118
6113
6111
6111
6109
6105
6103
6099
6096
6093
6087
6083
6079
6074
6070
6064
6058
6057
6056
6054
6052
6043
6037
6035
6029
6025
6019
6015
6011
6003
5999
5996
5994
5992
5991
5987
5981
5977
5971
5967
5965
5959
5956
5954
5948
5946
5941
5941
5939
5937
5932
5926
5920
5916
5911
5909
5902
5896
5889
5885
5883
5877
5873
5866
5866
5861
5859
5853
5849
5843
5841
5834
5828
5823
5818
5810
5803
5803
5800
5798
5794
5787
5785
5779
5777
5775
5771
5764
5760
5759
5757
5753
5749
5745
5739
5735
5734
5732
5730
5726
5722
5713
5707
5701
5696
5690
5687
5683
5677
5673
5669
5669
5665
5662
5662
5657
5652
5648
5644
5636
5636
5632
5629
5624
5622
5618
5616
5612
5608
5604
5602
5601
5598
5591
5589
5583
5579
5576
5572
5569
5567
5561
5554
5546
5546
5544
5542
5541
5539
5533
5529
5527
5525
5523
5517
5514
5508
5504
5500
5497
5495
5490
5486
5480
5477
5473
5469
5465
5461
5459
5452
5450
5443
5442
5438
5432
5430
5426
5424
5420
5416
5416
5409
5402
5396
5396
5392
5387
5383
5381
5375
5371
5365
5363
5363
5361
5355
5351
5345
5343
5341
5341
5341
5339
5333
5327
5319
5312
5311
5307
5302
5300
5295
5293
5292
5290
5288
5281
5276
5273
5267
5263
5259
5254
5248
5246
5242
5238
5233
5229
5229
5223
5217
5210
5206
5204
5202
5200
5198
5195
5191
5191
5188
5185
5183
5180
5178
5174
5171
5167
5161
5154
5153
5151
5147
5143
5139
5135
5135
5133
5127
5121
5121
5118
5112
5109
5107
5105
5101
5094
5093
5090
5086
5086
5079
5073
5068
5067
5064
5060
5058
5056
5050
5048
5044
5040
5036
5035
5032
5030
5026
5024
5022
5017
5017
5011
5008
5004
4996
4989
4987
4985
4981
4977
4975
4973
4968
4964
4964
4962
4956
4954
4952
4948
4945
4941
4937
4937
4931
4928
4926
4922
4922
4918
4914
4908
4906
4903
4901
4892
4891
4889
4884
4879
4877
4877
4871
4871
4863
4862
4858
4854
4848
4846
4838
4834
4832
4828
4824
4818
4816
4814
4812
4807
4803
4799
4794
4793
4789
4783
4779
4775
4772
4768
4768
4768
4762
4758
4758
4752
4750
4743
4739
4735
4733
4727
4721
4711
4709
4701
4697
4693
4689
4684
4680
4678
4672
4666
4662
4655
4654
4654
4654
4650
4648
4646
4642
4633
4629
4627
4622
4615
4610
4610
4604
4600
4595
4595
4589
4589
4585
4582
4580
4576
4569
4563
4558
4556
4554
4551
4549
4545
4541
4538
4533
4529
4523
4521
4516
4510
4506
4497
4491
4491
4485
4479
4477
4470
4464
4458
4456
4452
4450
4446
4438
4430
4429
4429
4421
4417
4409
4405
4397
4391
4385
4379
4375
4368
4366
4365
4359
4357
4356
4350
4346
4341
4335
4329
4326
4320
4315
4310
4308
4307
4301
4296
4292
4284
4280
4278
4273
4268
4266
4262
4260
4256
4253
4248
4246
4244
4242
4238
4234
4230
4227
4227
4223
4223
4221
4215
4213
4208
4204
4199
4199
4193
4189
4189
4188
4186
4186
4179
4175
4171
4169
4163
4157
4151
4149
4147
4145
4137
4133
4129
4127
4125
4122
4118
4114
4114
4107
4102
4097
4097
4092
4087
4079
4075
4069
4065
4061
4059
4053
4049
4044
4039
4038
4033
4031
4026
4022
4016
4010
4004
3999
3993
3989
3983
3979
3974
3967
3964
3961
3959
3954
3952
3949
3949
3943
3941
3941
3935
3931
3927
3917
3911
3908
3900
3899
3895
3890
3888
3886
3884
3883
3881
3877
3873
3869
3864
3857
3856
3852
3850
3848
3844
3835
3826
3822
3819
3819
3816
3814
3807
3802
3795
3791
3787
3779
3773
3767
3766
3764
3759
3753
3747
3739
3739
3733
3731
3729
3722
3722
3716
3714
3710
3710
3704
3700
3697
3691
3689
3683
3680
3678
3676
3672
3665
3663
3661
3655
3653
3649
3647
3640
3636
3632
3624
3621
3615
3611
3609
3607
3605
3602
3594
3592
3587
3585
3585
3584
3578
3574
3574
3568
3566
3564
3562
3557
3553
3549
3543
3541
3539
3535
3533
3528
3524
3522
3520
3518
3516
3513
3513
3510
3503
3497
3495
3493
3487
3481
3479
3475
3475
3469
3469
3463
3463
3463
3457
3457
3455
3451
3450
3442
3440
3438
3436
3432
3426
3424
3422
3420
3414
3410
3408
3406
3406
3404
3401
3397
3397
3393
3390
3390
3387
3382
3378
3372
3368
3366
3362
3360
3354
3349
3347
3347
3343
3339
3336
3332
3328
3324
3320
3316
3308
3303
3297
3294
3293
3287
3285
3285
3280
3276
3272
3266
3262
3258
3252
3250
3248
3243
3242
3234
3229
3228
3224
3218
3212
3212
3208
3205
3201
3199
3193
3186
3182
3177
3171
3166
3164
3160
3160
3160
3152
3152
3146
3144
3136
3134
3134
3130
3130
3126
3120
3117
3111
3107
3101
3099
3095
3093
3091
3091
3087
3081
3077
3075
3074
3070
3065
3059
3054
3054
3048
3044
3036
3029
3027
3023
3020
3017
3015
3011
3009
3008
3008
3008
3004
3002
3002
3001
2998
2996
2990
2986
2982
2978
2974
2972
2970
2968
2963
2963
2961
2961
2961
2956
2952
2947
2947
2940
2938
2934
2927
2922
2917
2915
2915
2913
2905
2901
2901
2894
2890
2886
2886
2885
2883
2879
2875
2869
2866
2863
2856
2855
2851
2847
2845
2841
2837
2835
2831
2826
2826
2822
2818
2816
2814
2814
2808
2805
2801
2801
2801
2799
2796
2792
2786
2781
2773
2767
2763
2759
2757
2753
2749
2748
2745
2741
2735
2733
2727
2723
2719
2719
2715
2711
2708
2704
2702
2696
2696
2693
2693
2689
2684
2674
2674
2669
2668
2664
2664
2664
2657
2650
2648
2642
2638
2631
2630
2626
2623
2621
2621
2619
2611
2607
2603
2599
2596
2594
2593
2586
2583
2577
2574
2574
2569
2565
2563
2559
2555
2551
2551
2549
2549
2547
2546
2545
2543
2537
2531
2529
2528
2526
2522
2518
2515
2508
2504
2502
2499
2493
2491
2491
2484
2478
2475
2471
2467
2467
2467
2462
2456
2452
2449
2447
2443
2437
2433
2431
2423
2420
2417
2412
2410
2407
2401
2399
2396
2392
2390
2385
2385
2381
2375
2371
2370
2369
2363
2360
2354
2354
2351
2351
2345
2339
2337
2337
2333
2333
2325
2322
2322
2319
2313
2311
2305
2305
2299
2295
2293
2287
2287
2281
2278
2278
2271
2263
2263
2263
2261
2259
2253
2248
2244
2240
2238
2236
2229
2224
2224
2220
2213
2212
2212
2206
2204
2200
2195
2192
2188
2184
2179
2174
2172
2164
2159
2157
2155
2147
2147
2147
2141
2134
2127
2125
2125
2122
2120
2118
2115
2113
2108
2106
2102
2098
2091
2086
2083
2079
2076
2071
2071
2070
2064
2058
2052
2048
2043
2040
2034
2030
2028
2025
2019
2016
2010
2006
2004
2002
2000
2000
1994
1990
1988
1984
1982
1976
1969
1963
1960
1955
1949
1945
1943
1941
1939
1935
1929
1925
1923
1921
1914
1914
1912
1909
1909
1903
1903
1901
1901
1900
1895
1891
1890
1884
1880
1874
1872
1864
1858
1858
1856
1852
1846
1842
1840
1834
1831
1827
1822
1816
1814
1813
1811
1809
1807
1807
1805
1799
1799
1797
1795
1791
1790
1782
1776
1774
1772
1764
1760
1756
1752
1747
1742
1742
1742
1737
1734
1730
1726
1724
1720
1716
1712
1704
1698
1697
1697
1693
1691
1689
1687
1683
1681
1681
1679
1672
1667
1659
1657
1654
1653
1648
1648
1644
1640
1634
1630
1624
1622
1620
1613
1610
1605
1605
1605
1599
1597
1596
1589
1587
1580
1574
1568
1560
1555
1553
1547
1543
1535
1533
1532
1529
1525
1519
1518
1513
1509
1506
1506
1504
1500
1500
1496
1491
1491
1489
1489
1481
1481
1472
1465
1461
1459
1451
1450
1448
1447
1442
1435
1433
1433
1429
1425
1423
1415
1409
1406
1405
1401
1395
1393
1387
1380
1373
1366
1362
1362
1358
1356
1352
1346
1345
1345
1339
1335
1331
1329
1329
1325
1322
1320
1316
1314
1312
1312
1309
1303
1303
1301
1299
1296
1293
1287
1282
1275
1273
1271
1271
1269
1268
1265
1263
1263
1259
1258
1258
1254
1246
1242
1238
1236
1232
1224
1224
1224
1216
1213
1211
1207
1207
1207
1197
1195
1193
1190
1186
1185
1183
1179
1178
1171
1167
1166
1160
1158
1158
1154
1148
1143
1141
1136
1132
1128
1128
1126
1123
1119
1116
1114
1114
1110
1110
1108
1108
1101
1099
1096
1092
1092
1092
1087
1082
1080
1078
1073
1071
1071
1068
1065
1059
1059
1054
1051
1044
1042
1040
1038
1034
1034
1028
1020
1016
1011
1011
1005
999
995
994
988
984
983
980
972
967
963
959
953
949
948
945
943
939
939
931
927
923
919
917
915
913
909
909
905
903
900
896
893
889
887
881
881
873
869
863
861
857
857
850
846
840
832
830
830
828
826
824
819
813
805
801
795
795
790
787
782
776
770
769
767
767
765
763
763
759
759
755
751
751
749
746
738
738
736
734
732
732
730
729
721
714
714
713
709
709
707
707
707
705
697
693
691
691
689
687
683
683
683
679
674
673
668
664
660
660
654
652
652
650
650
644
639
633
626
624
624
624
624
618
612
610
608
600
594
591
589
585
579
577
575
568
565
563
559
554
548
542
540
540
540
538
534
534
532
527
525
521
519
516
514
512
509
508
508
506
501
492
488
481
474
474
466
464
458
451
451
443
439
433
429
429
429
422
419
413
411
411
409
406
397
393
386
382
382
382
382
376
372
368
364
364
362
360
360
360
359
359
353
353
351
347
345
337
333
329
323
320
316
314
308
302
302
298
294
288
288
282
282
282
282
281
275
270
268
260
260
252
248
244
238
236
234
230
228
221
219
214
212
210
205
205
200
200
198
196
190
188
186
183
180
176
173
173
171
170
165
162
160
155
151
147
146
141
141
137
131
127
127
121
115
114
106
104
98
96
90
83
77
75
73
69
65
60
55
53
47
47
47
47
43
43
43
43
40
36
36
28
28
28
28
28
28
26
24
24
24
24
24
24
24
24
24
22
22
21
21
21
21
21
21
21
21
21
21
21
21
21
21
21
21
21
21
21
21
21