12162
12154
12154
12154
12154
12154
12154
12152
12152
12152
12152
12148
12148
12148
12148
12148
12148
12148
12143
12143
12143
12143
12143
12143
12143
12143
12143
12143
12143
12143
12143
12143
12143
12143
12143
12143
12143
12143
12143
12143
12143
12140
12140
12140
12140
12140
12140
12140
12140
12140
12140
12140
12130
12130
12130
12130
12130
12130
12130
12130
12130
12130
12121
12121
12121
12121
12121
12121
12121
12121
12121
12121
12121
12121
12121
12121
12121
12117
12117
12117
12117
12117
12117
12117
12117
12117
12117
12117
12113
12113
12113
12113
12113
12113
12113
12113
12113
12113
12113
12113