18832
18830
18817
18811
18805
18794
18781
18773
18767
18765
18752
18736
18722
18703
18701
18694
18690
18684
18669
18660
18660
18642
18629
18624
18609
18593
18586
18575
18567
18561
18551
18545
18531
18522
18518
18510
18506
18500
18498
18487
18481
18468
18460
18452
18442
18430
18421
18417
18409
18402
18386
18373
18373
18371
18361
18350
18340
18328
18326
18309
18296
18292
18281
18274
18258
18252
18252
18240
18233
18222
18208
18199
18188
18173
18161
18152
18147
18130
18117
18108
18098
18087
18077
18067
18063
18059
18056
18049
18045
18035
18022
18019
18011
18000
17985
17973
17966
17961
17953
17949
17939