356
719
342
3233
759
3503
3168
2262
511
597
1029
2490
600
432
5284
3273
3552
1205
4088
1133
542
1372
1591
3428
1355
1963
1167
2352
1146
1366
163
2189
2689
948
455
1269
2566
321
434
675
1709
549
782
1760
692
2321
387
2318
316
1642
338
300
3999
2811
435
1409
1421
1184
1321
392
2523
1064
627
1395
1400
2323
2149
736
5214
3121
980
420
4183
1154
3263
1395
2006
850
1454
3065
2749
390
490
226
1359
854
2512
1559
625
1178
990
3112
3008
1641
506
4099
968
2063
807
601
1610
3039
779
353
2472
6100
2971
2956
1113
1712
1686
1385
771
571
2224
476
537
822
1046
943
1738
4428
4847
1597
592
3085
1371
875
777
591
2732
1749
508
312
850
8653
1790
3061
240
2856
3323
1141
2088
4966
2900
1048
1446
869
614
1027
541
2415
783
1951
798
2712
525
331
1023
4965
1813
331
6170
316
2009
1591
774
1761
2083
1170
1459
483
2289
440
992
2213
493
1448
6182
2638
2722
660
274
1833
1241
1600
2507
832
1044
2557
1012
1564
2188
382
1524
458
756
329
970
1725
5916
389
945
1182
1560
3578
2083
630
2607
2789
1570
756
2438
2041
706
3593
518
537
1844
3179
810
877
1202
2709
1153
2806
7238
789
987
2541
1010
921
3870
1533
1473
613
2708
482
2937
3851
244
7104
774
1212
2074
2108
301
1123
779
1651
1589
2746
3393
1298
573
4373
1006
746
691
768
494
809
1898
1589
1651
914
254
1748
645
1232
1765
5281
418
2216
2122
1748
1298
1154
405
965
1980
574
952
1032
829
1015
4573
3995
3061
1391
911
601
429
2865
569
3598
497
2972
913
285
5716
506
515
327
1085
490
537
4108
5036
282
1526
1084
2821
777
185
5063
3321
3137
1762
756
1077
423
2123
5863
685
623
1155
3127
476
5213
1957
574
407
962
340
2312
4347
792
914
966
674
594
216
246
896
2175
1175
1365
1022
457
1245
1471
714
1408
1334
5893
1600
1455
426
4783
3024
1436
1046
604
635
5681
2138
738
525
292
3810
1675
2277
888
2223
1525
3174
1235
2369
5961
792
745
1022
1339
1351
650
215
1201
1138
12004
2853
407
1370
286
2125
256
1803
2056
263
3932
1058
724
447
371
4772
1766
401
8010
2625
1769
483
2901
1972
450
2719
1856
937
370
696
2828
3114
5108
2098
7147
2601
1253
1774
10699
4582
3215
5253
691
1718
1388
1058
970
1466
7051
523
299
339
303
1257
495
798
3129
2293
178
3445
4393
3093
1575
603
1439
756
1958
2768
1438
2782
880
1110
775
1260
1306
198
3199
729
4049
857
1478
838
4177
3233
2284
9525
3661
400
724
342
550
820
2029
1015
925
618
222
435
507
7734
382
1055
1308
997
1010
667
2245
611
3613
432
454
666
736
7117
2257
1426
362
352
1456
1775
3414
2963
6299
853
6980
962
486
2385
1804
318
624
2829
967
3416
2790
2918
2868
436
1004
1519
1119
1004
6635
1664
1430
4138
1185
785
3272
673
3409
4004
2230
4103
7172
2283
726
2892
1196
1684
1729
1793
571
496
258
4320
1236
5822
1820
4634
655
478
764
282
2855
242
906
854
472
1667
2230
593
1075
542
2210
1930
475
750
532
764
2436
610
2647
1764
2418
2207
712
1266
3200
599
1451
3270
3744
1647
619
1744
888
3527
411
808
1335
305
431
197
2751
406
1270
867
5444
952
1943
1398
1254
2413
1644
680
657
2971
1008
4507
1430
3580
146
2348
710
2434
1659
3747
4038
3107
859
5675
2429
774
1249
343
2306
2711
1352
297
2837
3861
1695
1253
976
760
533
7190
1222
2432
9271
5390
278
306
1406
1368
733
287
724
1270
1697
847
955
3151
405
1704
1813
3238
1369
1097
1243
681
1850
3959
3595
623
502
462
9173
3191
838
4414
4203
4054
1012
187
3087
3377
3293
531
5420
12782
1719
725
2367
1472
677
1911
1387
1461
2561
1610
2897
206
3241
2733
4845
3642
449
3052
921
946
3531
3455
1874
179
3830
2951
3573
1510
2095
465
1408
2694
819
366
735
533
5665
2579
2062
1517
3437
792
350
1173
2808
904
2280
3110
5854
4001
455
389
981
3501
2052
636
830
9318
1139
678
3530
3428
542
1458
6655
2383
588
3100
1342
1123
726
1454
2355
753
4806
1187
1037
1838
892
5477
3804
567
681
5429
3434
172
7542
2018
468
718
976
257
7729
2288
486
670
4991
628
727
2025
3625
278
4887
554
1332
1595
3711
1593
880
1299
6334
815
2864
1242
2133
761
249
1764
1321
294
213
554
1942
4354
6069
486
1626
1326
321
4946
2486
3164
1185
1842
1159
1652
452
434
1244
1509
788
1082
383
1220
1690
1992
429
536
2322
2420
297
2474
569
3192
628
2921
2779
606
2671
356
936
785
271
2253
1004
446
987
875
1096
1244
570
1575
1539
2214
7175
540
2470
1643
1943
212
744
703
1273
592
4420
520
1940
4008
1378
169
1259
619
2110
2394
345
8033
3318
4217
3729
3432
1380
354
667
827
640
893
2840
5156
1934
1654
1569
1301
2599
6231
1256
6346
1987
3292
1638
459
4113
3002
443
1302
406
536
7399
2141
239
557
630
4917
1383
3920
1985
7439
3303
971
1030
2244
5398
183
708
2168
492
749
1403
348
2202
192
1684
754
433
951
486
2196
4811
7505
3385
437
1865
668
4419
1089
2113
406
1780
1834
5189
1626
172
1588
254
1214
1399
2202
770
233
931
222
470
1911
667
919
420
2943
4648
1809
1894
2979
393
648
2976
838
6841
203
3281
6823
1802
4103
1187
557
582
1972
3935
1957
681
1638
2662