67
2661
1048
982
522
1540
3575
1267
3711
686
1432
444
166
110
800
1068
577
303
927
1709
418
676
261
1475
1420
205
252
384
1446
295
319
829
435
3577
3032
2042
2896
767
651
388
539
709
1243
728
217
513
1117
3314
1094
154
424
826
313
1134
2695
2395
2243
308
4944
720
1105
412
431
1330
470
1484
3893
192
761
724
426
2654
834
1761
432
621
232
5585
1870
503
222
2364
305
472
878
961
383
238
522
1392
1642
1191
858
243
575
1560
445
1971
454
762
235
710
562
588
1146
784
729
3057
1693
974
400
136
514
313
1544
899
370
895
1555
6387
4375
3014
2334
2898
1657
480
1665
5793
1257
1894
568
547
213
1027
1188
267
786
640
912
2347
952
331
1983
212
2811
287
330
4495
414
1379
446
270
714
432
784
300
1094
1478
376
1774
369
983
871
159
179
2053
3261
632
4830
1363
320
512
228
997
577
751
1550
495
261
426
4073
407
2120
164
1836
1319
720
918
527
783
1061
285
125
1803
606
1040
1144
514
805
3078
482
334
865
711
445
901
1228
3784
409
197
1350
216
2790
444
1341
719
1607
4082
1380
636
514
1262
295
372
576
604
2469
1401
780
548
1753
1821
174
313
269
502
317
517
1792
1422
1432
4209
1713
639
1012
834
653
3307
372
516
1746
518
568
1369
336
2608
266
2312
353
2473
764
2150
1953
96
415
696
1947
2912
1173
1028
9597
393
116
2034
408
1978
681
618
839
967
1624
1458
631
1089
277
96
1507
1423
555
117
3055
969
171
335
405
394
302
581
828
112
151
176
895
721
517
1906
171
542
3924
1448
1426
1697
788
512
3469
805
467
1837
1102
2184
5317
1310
393
1956
4620
1936
3336
535
211
1043
1325
4243
199
2761
879
428
563
342
1227
3226
321
226
2117
508
2369
401
2118
1727
2139
562
1758
1138
4658
406
212
1790
1378
4097
849
341
277
1372
1644
877
1915
384
4860
274
1529
4958
635
144
154
522
418
3808
1866
903
659
915
1514
346
3130
102
894
316
621
773
4492
1165
1926
1212
682
735
1228
7527
1636
852
485
1737
2109
1025
682
2471
657
513
356
189
1120
3797
804
690
1250
335
892
4564
564
1595
454
295
619
3344
203
1444
2129
187
1317
3845
329
1061
766
626
309
3740
642
933
742
910
1192
733
762
445
2372
2724
1431
863
3407
555
285
1089
449
424
1018
389
336
1336
2481
837
4364
1251
225
1389
1940
454
904
579
542
443
2360
1510
289
2026
1822
1030
313
1054
3388
5151
2843
1487
1432
1633
1411
194
603
6282
375
922
1857
521
6963
1984
938
4242
1310
1997
1777
595
513
678
391
323
545
467
720
1134
255
476
556
1372
2259
517
254
137
3377
5829
622
558
794
1419
6262
232
2468
2300
472
1862
1737
377
711
1802
1671
552
152
765
1029
3857
816
825
1934
2684
222
603
1976
266
674
991
5943
275
6403
611
1115
270
1346
549
610
441
4949
2436
80
1139
366
2865
246
1865
1000
208
3405
3953
245
1632
1276
308
227
99
587
575
840
2951
3036
221
1286
3495
320
754
506
264
698
583
1820
1584
529
526
279
384
1233
204
4129
4515
705
1700
2125
608
1460
584
448
162
1452
906
1060
494
1846
346
389
105
4089
1465
3851
492
682
2699
1397
1262
1562
425
2468
2860
290
2430
362
643
5533
1711
3662
1640
610
980
484
578
1364
213
861
545
247
499
158
676
670
626
2348
1965
650
433
887
286
869
697
524
170
1538
429
4523
466
1401
1555
2133
739
691
628
838
283
1454
1053
4827
433
1408
333
598
545
5427
809
946
378
2056
2020
374
1040
878
229
486
1491
6740
194
315
273
733
712
231
1507
1627
1832
1039
638
1300
1226
320
1378
340
676
1563
185
156
1175
430
3024
2206
3624
739
728
531
1686
656
314
1360
2107
436
2333
1100
2370
1221
1482
2164
268
2475
375
390
329
1512
492
289
1128
546
2477
992
1834
653
422
918
4343
4826
1270
4547
1024
1743
857
676
1582
581
1079
2902
2395
3033
7405
747
1362
5893
926
522
2871
1201
135
2695
1927
3167
613
540
390
460
514
630
2199
603
1193
644
3306
218
1113
485
529
1371
1287
961
351
115
926
2281
2150
2743
485
2517
185
247
300
177
378
3598
273
1057
2769
1743
2471
383
2293
1746
862
270
487
1242
1067
682
703
1604
896
176
130
277
853
1496
68
1820
6571
2021
676
2632
3660
2780
1106
776
543
1381
616
997
333
535
1506
606
1148
854
595
606
1544
7327
593
1710
1221
2441
247
563
2658
4951
515
536
1347
254
341
1264
539
1394
1018
282
895
939
296
743
889
423
596
714
471
261
714
1692
481
5452
671
814
122
369
185
4285
579
135
1849
1860
209
2454
460
782
1532
157
1211
623
1668
2903
657
764
794
9280
1382
5545
4187
593
2246
2431
566
196
1477
253
940
739
330
1934
1948
872
265
3629
138
889
513
3716
599
804
4100
604
915
90
774
234
1016
2219
325
1112
1043
981
1191
1157
1451
287
539
1353
1983
1217
791
407
690
1972
732
326
913
976
1989
618
1256
1407
2536
910
801
782
1194
2971
428
3215
892
5638
2244
380
324
1275
257
1545
1347
4210
292
659
1771
2408
2402
247
1974
1771
476
321
1386
1500
494
445
401
2096
187
667
636
2523
2484
556
2097
259
696
218
428
1628
1809
117
303
262
2330
1455
389
657
683
4809
1119
514
1103
1465
205
1427
4058
881
1710
3186
806
4494
737
265
1835
429
257
521
1282
1468
1546
224
234
783
494
1188
1405
375
380
4690
746
2805
1029
4088
661
4733
234
5229
224
582
532
3923
1936
2623
1189
338
1499
487
359
470
561
609
123
283
891
2303
321
271
1809
1325
1762
312
1413
1805
3215
239
103
459
273
278
5751
1986
314
2000
262
1463
1524
791
961
754
1508
774
5273
723
3494
4815
1883
1811
723
347
224
3193
1381
4820
1437
1273
489
295
1082
689
2034
372
4909
981
936
394
1362
504
1425
329
705
304
1660
493
2185
2033
3515
167
573
682
214
1963
2973
580
576
180
1574
288
1731
990
443
1928
753
3496
512
1042
785
2300
321
326
1301
956
324
327
682
884
680
2335
919
846
636
1733
833
333
607
403
390
726
285
1732
385
188
1197
1251
2181
1217
3834
663
1277
993
591
843
1517
891
2897
553
590
246
193
515
2945
2792
3916
689
188
233
889
2600
1394
566
537
248
927
3402
1737
449
880
2393
8058
1665
425
1177
200
456
617
723
269
208
1381
628
312
1788
360
376
856
1843
139
757
3761
551
329
444
1691
1839
1162
459
538
1690
3581
2757
2033
2734
1291
522
422
516
1998
160
2972
1044
1550
525
1212
3453
1168
737
721
2347
336
112
684
3589
788
1046
1752
1040
709
364
612
170
365
423
1610
679
539
306
691
176
2331
2721
1360
299
563
689
622
756
1670
343
666
961
129
2170
288
515
284
246
696
4095
2963
1540
2828
2943
298
3119
1323
2044
293
3460
520
558
1107
2016
1682
358
1194
1522
310
1142
1274
541
697
778
812
1241
374
201
1519
487
3330
882
594
1004
1794
393
411
2172
1168
1557
871
379
946
2998
442
1865
1003
1880
2183
2381
3828
1507
1831
1285
701
2590
314
3455
435
1286
1206
731
349
1079
1402
2683
2258
1052
1813
564
611
1076
268
150
4013
1241
769
993
330
620
1973
3109
225
216
1140
970
508
2336
1483
429
942
371
788
1243
2248
552
2052
531
151
2352
378
1006
3262
1606
920
1271
1452
941
748
383
1161
886
1124
1236
266
1461
316
357
1897
1438
1705
917
439
426
784
1333
287
405
761
814
422
761
1248
1760
2329
1377
358
684
681
113
870
1162
1256
677
325
97
2177
2778
475
1585
599
2402
499
383
702
1721
3844
317
1389
494
1618
2173
806
265
285
3832
2049
4466
588
4750
1663
936
1458
407
195
507
289
838
180
4265
757
215
517
653
1370
4982
1327
1194
1111
157
2096
454
721
6586
785
811
2194
1592
646
370
2096
781
1709
96
834
1290
101
934
5424
724
3344
499
1584
922
253
2379
1083
1321
313
1498
300
2834
1666
871
804
833
924
293
1460
396
410
2470
789
762
967
188
405
314
7057
3965
911
2772
4774
381
5876
194
815
693
2071
3413
1022
296
3085
1278
670
2910
463
924
652
1121
4108
521
508
329
212
278
4205
353
3491
266
330
2531
647
343
821
563
771
1158
322
669
930
451
674
227
539
2029
745
166
2076
394
1638
2653
825
182
447
1725
1305
244
814
165
2021
10321
984
684
1165
284
4940
708
789
668
909
1884
2995
478
885
229
270
2337
634
989
174
3315
2447
829
555
409
1440
4000
1914
258
2887
2814
348
3648
705
2116
1989
314
4109
1155
1326
304
671
347
1116
174
1270
651
5772
525
2484
543
1815
1965
872
2939
3470
1239
631
675
2787
151
1799
314
457
715
430
717
796
892
1840
1097
651
251
1143
975
912
1137
1268
422
4034
2150
3372
1082
921
900
573
825
576
985
974
368
1066
291
351
749
1307
1063
579
1123
308
4390
1388
846
956
377
2016
2612
197
1488
3176
322
236
3629
541
4924
745
3343
356
131
1196
498
1257
356
1611
579
817
453
572
733
611
1994
2060
380
2158
402
1502
355
144
247
608
591
1377
780
1154
761
293
615
3883
1170
982
2227
1664
932
2017
550
536
716
520
1332
2832
425
104
999
2879
159
634
332
568
466
1664
1674
697
750
1313
1290
1228
2246
526
621
1756
469
1885
230
574
1833
736
3377
522
1786
90
536
369
256
2932
2619
1026
1501
822
668
400
728
742
248
367
923
957
473
206
260
3038
3490
1298
827
3536
580
3122
2493
527
1295
2791
2095
721
2950
3027
1651
611
953
1849
1223
356
924
163
3544
382
964
626
1797
2528
145
347
635
598
2255
4218
1252
553
712
986
604
305
2298
414
318
831
1570
2208
2561
462
264
183
382
1613
3328
1220
818
2620
4883
322
2585
1158
454
614
185
459
263
4283
638
1550
1902
8500
2348
296
1003
2604
943
7189
304
471
2284
3780
663
120
4044
836
1063
179
1561
1047
1153
1604
134
1668
755
1406
155
556
288
2157
1356
1380
2198
338
460
937
1243
935
617
2701
702
764
519
799
775
315
1630
192
673
2708
739
536
530
235
305
329
626
4193
251
496
120
1109
619
4197
237
253
755
1001
262
2056
1323
1323
358
633
1088
1841
2816
74
942
5037
1381
4414
1799
1494
2590
632
1135
2234
279
745
1091
1349
814
3560
754
672
861
559
485
878
3083
2547
2883
1255
1294
660
2706
1383
321
440
314
1495
1228
289
2377
865
391
683
719
199
425
5893
1598
1504
848
943
585
3336
947
1285
4466
437
2993
2520
166
1709
795
531
1776
420
665
876
283
1354
336
276
1404
1922
329
1094
648
131
1012
2405
949
1578
600
955
396
429
1633
292
709
893
763
114
305
329
917
1109
942
1272
1809
458
1651
1088
583
929
1053
2448
464
1212
769
222
190
854
920
1503
3617
662
738
591
1198
228
2096
561
2637
721
1093
1022
1148
278
552
646
945
1572
682
881
1966
815
3026
2172
534
805
184
2152
563
213
294
908
286
1226
502
530
475
1078
358
850
1797
1192
480
145
497
575
117
572
164
312
1433
1079
2474
2500
1659
1246
2133
882
189
450
436
922
836
846
586
2089
1234
314
1275
850
467
736
3077
987
445
1453
417
270
4357
651
363
398
1044
2234
438
1920
915
2379
861
212
486
1026
545
271
850
833
1689
1114
615
2878
2638
3067
1191
4633
395
1888
3782
238
254
2326
514
548
415
1173
650
2187
2452
849
575
2767
2403
326
1235
1080
508
1522
1332
661
9764
357
1284
1425
1470
637
322
1505
312
640
1226
1937
1372
746
1878
2549
121
1647
2079
1317
718
594
827
1365
601
547
2332
600
155
436
806
279
681
220
427
2054
2724
1743
2336
200
683
3031
490
449
1726
1301
1100
439
799
261
1498
3001
339
263
1249
1524
416
1108
460
5114
5106
3679
1432
564
5543
1595
1350
559
380
1097
291
122
301
336
944
3422
316
905
1998
391
2005
1006
1343
2068
579
3214
1195
3412
111
365
1961
746
677
786
746
661
322
512
3070
894
543
517
640
1212
1042
1036
6446
522
5115
577
2079
945
398
1379
1968
460
239
460
3071
167
553
332
1322
529
306
2876
416
217
2370
341
1774
2817
2588
3313
259
2921
295
228
1065
2628
3149
807
546
3607
1573
111
280
575
6894
2065
999
452
996
1364
256
1302
1993
833
169
553
1484
498
295
963
3905
685
298
295
2450
624
450
479
903
1001
3151
268
1999
958
791
497
735
4204
449
656
2851
1153
258
240
2100
148
3237
1464
351
1826
164
1366
3829
323
729
1875
989
957
455
1959
4311
839
381
653
263
220
563
1078
346
3386
419
326
133
1197
511
1031
807
794
3464
484
796
1166
578
754
217
108
282
1058
859
120
3123
808
172
1051
2427
2714
733
214
1100
643
1866
212
443
474
324
390
217
591
2282
356
339
1196
515
424
510
639
961
3509
673
979
774
344
1710
749
2178
542
2595
803
1323
1377
396
846
2150
2380
1740
714
3467
442
474
1783
198
831
1866
520
479
872
3559
369
1888
530
360
1749
138
967
659
204
198
1216
3396
287
2162
332
239
467
471
2026
1089
1413
2453
1125
689
86
4749
758
540
1262
1458
916
2835
192
901
2376
422
4975
490
969
4618
1085
407
2343
269
133
1879
275
693
554
534
1716
468
851
2616
724
302
1639
808
403
486
163
337
759
1323
2569
510
993
876
438
421
899
564
6460
837
1836
1647
9015
480
506
774
3612
2586
553
521
923
662
312
183
6541
368
452
395
1144
479
1056
1698
1555
3651
1798
2649
1456
767
1340
335
748
205
1489
779
448
524
2902
698
6033
573
4499
283
1183
504
3449
302
612
686
2104
793
3600
665
955
380
3139
2716
7032
377
5668
3247
1250
1694
1489
328
2065
607
364
413
643
3041
167
524
1407
998
1218
1065
394
462
2327
727
653
2376
1234
2378
332
2017
312
3016
301
3586
877
207
2286
249
758
822
416
624
5604
1347
1717
148
1777
937
1768
282
2095
1821
725
520
464
337
202
295
1119
524
722
2116
3984
233
590
831
556
947
1607
473
480
1406
285
331
704
1726
600
1033
1609
304
265
1174
667
921
1191
1126
947
447
2266
485
571
483
521
302
267
308
895
251
402
604
557
797
606
232
3722
694
360
3238
577
418
2355
1166
197
1162
633
254
2875
572
4880
171
2806
1391
435
2131
2531
421
429
913
695
1521
1179
295
1467
767
702
360
1066
750
964
741
1542
864
3536
1028
737
1471
389
548
707
6533
156
2709
2600
2207
147
244
930
2176
3119
2976
291
372
98
2537
800
692
1216
1104
1962
1647
635
1888
742
143
314
1335
3074
4997
856
794
577
1211
806
1140
705
1264
851
696
889
4026
1027
697
1653
421
2620
1478
226
1849
1328
1472
840
1244
1598
1206
2381
1479
492
224
5114
1481
5703
2023
1882
10422
428
375
904
794
1410
1783
500
987
1676
499
666
1726
2344
162
931
1248
504
424
218
356
719
985
674
509
2122
315
4408
642
541
2792
2031
1377
746
2304
326
5012
1635
1527
293
370
807
348
1229
348
1013
218
491
6080
1099
2995
1465
288
1481
83
408
724
1126
1930
309
485
1960
3665
2802
448
405
753
352
961
364
928
245
1247
268
1073
267
505
199
290
489
1029
163
4504
293
1687
2491
91
3313
238
804
616
931
1938
684
384
419
962
588
732
1549
360
3340
603
280
1407
1177
614
283
322
605
1122
699
705
2476
270
160
314
611
378
1874
5707
1973
946
338
2142
775
459
932
137
2339
548
1456
134
822
1339
589
876
2355
1205
1958
2041
445
1782
1555
240
484
249
1302
131
1676
603
422
2171
1244
2036
1141
288
1054
1384
951
142
834
3035
2252
1063
1069
835
2157
1417
1018
1447
751
496
1157
1532
565
1302
684
398
361
1380
2966
2229
1286
3316
239
707
2098
1431
388
159
371
405
2152
3521
225
1481
3516
932
366
430
1237
3222
1382
2634
261
220
482
383
497
3417
1034
1136
1454
412
1330
1089
1771
2422
2165
1127
694
2333
177
935
528
416
1541
3432
1630
936
498
1924
966
866
1740
2114
1571
820
401
438
984
165
121
198
1791
675
1542
540
311
1933
3747
1165
443
3317
182
1235
351
1519
307
312
1075
385
3034
741
1777
765
220
1454
360
8510
2765
1220
359
1163
1054
558
1271
2640
3969
3330
607
342
181
273
366
1251
998
1675
1317
858
438
1843
5126
328
396
1063
662
776
317
2907
367
2910
1261
1023
1219
440
712
934
244
1864
985
249
628
449
462
1775
520
536
1131
645
254
336
5812
1280
469
273
1313
699
1268
754
2597
766
390
1335
1836
531
1660
372
463
858
1655
814
1607
2145
665
589
390
217
1167
679
2456
965
3486
849
2115
1350
563
2321
274
392
3565
1489
550
2496
236
291
2194
1324
1661
250
546
2222
383
537
1293
930
932
807
139
2590
1094
1556
373
1399
524
191
1171
220
3395
710
268
504
1992
525
1983
204
493
2663
395
2047
491
773
972
1853
596
227
576
1672
592
599
1502
890
2623
1027
1489
2936
300
639
409
953
358
637
1912
836
447
528
2771
775
1716
1189
279
354
198
1127
445
786
2255
1161
848
2749
647
523
2010
2658
757
681
675
812
1002
234
4473
4329
917
4375
2991
194
821
596
536
1265
303
474
1518
720
2557
543
270
860
531
2452
823
2022
542
177
980
1667
1702
154
133
3534
368
388
1793
1987
528
1959
260
690
499
1596
142
6687
1373
346
703
227
774
2024
2070
1147
333
409
299
2278
737
855
1440
222
1303
829
192
2640
3046
3166
1413
978
517
665
589
753
3003
1166
264
376
134
1971
1348
874
708
358
2004
518
1103
613
2200
2019
276
212
745
2217
657
1178
290
1039
487
602
311
2150
1466
292
438
1874
280
1353
711
2862
1850
3040
1564
309
2515
743
1736
2183
324
220
1119
603
151
402
4711
412
180
789
2251
471
499
332
1031
305
243
153
1810
2011
2116
419
1398
1333
647
2612
901
5115
210
204
5597
547
668
955
1129
2144
123
1361
7191
1826
1690
1398
259
3014
664
137
175
2436
547
613
1223
382
891
1856
3068
200
1976
913
548
1233
277
360
565
874
760
2747
411
520
1229
354
107
3886
1262
3845
877
4731
1500
5159
627
588
236
2449
314
186
3193
3087
5313
397
1124
1853
929
1510
1249
308
250
2723
420
1014
514
2855
4975
802
2740
189
3705
910
448
988
776
185
297
195
762
688
395
1679
755
2167
827
1377
416
1822
794
2119
214
950
526
3532
265
785
171
492
889
547
484
584
412
72
225
516
465
917
957
310
330
1590
307
2533
228
2571
180
1123
83
647
759
855
414
1772
1952
420
752
1146
325
722
2048
1443
1790
1586
72
1364
261
1603
602
1209
1237
290
1394
366
491
457
590
1375
1104
698
468
1586
657
1167
204
1864
747
1885
253
1264
536
1721
268
1999
1273
2288
475
1798
975
2356
596
144
335
1236
603
1325
762
3825
1740
263
306
683
1507
539
404
1601
3860
2337
3616
632
576
261
628
3369
1323
1072
261
947
983
984
659
267
392
1264
222
587
435
1376
523
138
1621
186
168
1032
1220
1461
6399
328
771
225
476
1071
486
1151
165
85
1594
473
713
911
1418
327
693
926
120
2183
1212
974
4964
1373
1391
196
318
2740
949
329
1232
3408
737
2577
1621
364
555
284
694
261
1285
285
1028
817
176
1175
967
1558
1887
219
260
1593
1636
1031
626
1367
414
1618
114
608
793
297
791
1505
1567
587
2841
908
412
173
250
1058
553
2062
1969
1038
421
258
739
363
457
1247
2221
1942
442
272
224
401
1825
2211
334
2047
249
3369
815
462
573
1317
323
1182
408
2038
918
2678
127
1635
308
356
4246
327
800
266
1006
502
2376
478
999
2455
7672
3483
431
540
1644
2326
747
919
1334
1048
358
248
539
242
3255
515
441
783
614
450
508
854
545
271
2309
2284
542
695
131
1643
846
522
252
795
595
1633
2958
393
215
628
1685
779
332
1464
816
819
1829
2358
11704
1357
1674
2670
146
381
461
462
1060
1466
189
574
540
887
3004
940
588
514
1098
1003
1702
4770
885
2708
234
562
160
167
429
1451
1172
2746
1710
2572
981
1805
340
214
565
629
200
3457
1953
627
668
934
298
971
2436
200
1212
2702
310
2681
1584
2045
309
1385
631
5452
272
441
373
1000
398
2772
2593
1939
1410
1357
384
761
606
1728
518
2147
116
611
2386
1013
283
841
1013
1134
2326
318
2463
1367
393
533
742
613
368
738
379
608
536
2480
3032
489
202
276
195
928
1293
367
436
1662
1430
2562
4448
1398
1482
1405
198
339
957
137
482
238
649
205
314
1017
543
507
1013
2717
402
255
1379
277
925
995
397
992
791
2664
606
528
170
2171
338
1801
160
1800
6093
1840
479
1414
7600
3100
945
177
302
693
1927
335
1061
453
223
850
978
4127
470
1573
724
2534
1322
536
1433
315
1572
1125
946
1587
1385
1343
550
983
530
2344
820
380
227
928
842
1223
810
502
740
452
797
1091
368
394
943
2757
1537
337
661
1239
4053
1024
2392
519
1048
670
563
438
560
2498
833
1492
1003
258
811
439
1387
182
2927
304
283
181
190
282
1028
2999
2165
4066
1120
1185
952
2587
690
1926
1681
232
1472
1657
1103
340
638
793
2886
384
768
354
897
946
519
6328
2231
1085
1408
87
1817
724
164
985
370
1570
1468
1751
1704
3941
1764
1959
2449
935
3663
1041
219
1780
533
614
1247
273
985
991
336
542
848
459
1678
381
391
397
532
126
4278
288
2586
367
642
189
357
1058
1155
579
909
413
2095
451
896
297
1161
3190
2252
2017
479
981
1291
1006
4960
323
638
1092
202
579
1206
119
859
315
608
965
621
615
502
1540
274
889
712
1382
1473
2187
2897
408
535
953
1060
1026
1184
527
357
3958
451
897
840
1568
3113
317
1158
1795
4364
477
1141
1218
393
283
299
1473
2717
187
1528
3001
4659
543
1549
513
1060
2056
875
2083
550
336
239
2381
814
3255
1669
2509
1736
3663
1568
1500
268
158
4412
237
862
1302
2457
1563
2050
884
2804
3176
1261
685
1866
1358
538
3976
3548
611
462
2644
1235
799
2639
620
228
541
1044
287
485
840
488
619
744
803
3385
3945
1747
2681
197
484
1435
935
349
193
350
773
4668
374
439
375
418
1826
345
394
184
2470
1496
867
813
2204
1302
1504
752
656
4920
5938
728
1057
973
445
265
5847
308
6261
1013
360
632
3443
600
1177
665
600
491
4601
2579
714
1382
3412
211
3445
124
822
655
340
4519
2118
321
3441
500
1122
1155
1304
4291
569
179
790
1674
1090
1632
766
6866
1055
1334
964
779
1053
813
3398
223
1615
447
1407
565
567
339
1748
1854
393
453
2248
315
322
590
1956
377
2902
103
1017
964
222
197
542
631
2474
1465
660
1595
123
2459
3567
1787
630
233
515
1796
1036
645
713
1112
275
609
2091
600
2100
593
329
1428
911
6170
4366
1703
769
1090
426
1009
2486
959
417
490
5634
386
908
629
252
288
3539
1087
6555
853
354
3515
3757
1488
937
1349
1439
710
1327
1495
354
580
1930
499
946
298
1254
910
2276
576
695
840
3084
675
878
4140
289
898
122
2368
385
312
3245
815
1183
1908
2375
500
278
560
954
404
264
148
4144
328
1371
548
167
1249
1245
1444
652
856
938
1415
1638
583
1005
1270
1799
455
2404
414
1213
129
401
1050
2190
3119
2528
1533
2732
378
271
3647
953
153
913
1722
3347
629
2890
199
1001
733
2475
2154
3644
817
788
1954
2694
1451
1355
1488
511
775
894
5565
1468
1678
671
1490
2367
3870
425
902
893
1672
611
832
665
1651
685
280
373
1415
299
1187
962
476
2908
588
1478
298
2006
2275
679
1431
2234
1134
525
274
1435
569
1015
453
885
670
2538
739
601
387
2263
206
91
313
171
943
244
2327
421
554
2516
4169
994
1843
166
284
296
573
1732
247
1086
2845
5855
1611
1304
223
311
1345
188
820
1705
261
742
497
4945
1866
2648
939
1356
3011
677
201
2041
167
774
263
767
325
1044
878
2303
129
1121
1032
613
979
1375
439
558
1820
4062
2145
798
299
691
966
129
2093
365
447
856
2180
518
884
1423
569
126
3025
1241
1941
741
1232
555
500
2711
1042
486
1208
1381
638
1593
848
330
234
117
197
1681
2024
1711
1007
537
3050
2538
846
2217
142
3476
455
4066
952
1365
1196
4542
2373
2626
536
1592
2130
228
627
215
1330
498
1756
863
665
2565
469
849
3195
460
484
2569
319
841
590
3809
335
737
233
655
1589
538
427
517
732
1997
2517
523
3361
6277
911
419
1116
2127
722
585
1422
3122
1833
457
2115
2546
530
1429
3687
635
222
2206
274
436
1950
302
634
734
312
1468
160
729
3085
1348
904
1472
918
830
1633
4062
708
811
1264
103
606
1402
1917
322
367
1038
392
609
1630
197
5388
1412
1186
502
911
332
4298
146
2645
184
683
1185
422
4695
1379
1678
662
907
1885
2790
327
487
598
2174
2291
578
609
1611
1135
1405
622
2641
245
1554
927
2471
3039
1752
756
245
340
780
242
422
2528
767
1971
343
1302
742
2247
331
180
1998
334
1328
157
409
210
2309
425
375
1338
388
327
787
976
1729
1619
1288
225
899
2149
1050
831
882
963
1940
2472
307
633
828
634
3495
3319
3056
2379
835
3014
1176
1389
3749
286
2707
1058
1042
2175
488
383
3458
639
477
2675
704
480
745
418
912
1929
1217
432
339
1329
1862
511
1857
1419
327
1302
2928
2506
2486
352
1944
1546
824
1116
3967
1495
1672
2783
1110
576
419
275
2081
295
11384
1014
941
344
1559
241
2773
1045
930
954
174
85
671
886
4369
359
558
505
144
2525
713
1102
5093
1202
315
1393
379
353
386
562
947
370
1344
1413
150
2455
899
2146
1255
569
4294
671
1592
791
429
2305
133
2433
1095
1682
1187
601
543
1083
346
1668
879
2265
483
372
2116
364
355
1966
420
1075
773
728
1557
1045
411
3685
794
769
532
434
1412
220
521
247
1213
180
1729
724
127
381
742
2929
3099
2941
651
316
1349
1930
737
1193
325
263
567
402
513
1001
813
659
520
753
1481
1341
691
1951
2514
513
748
888
652
483
749
1497
1091
1526
920
603
195
358
1747
1155
800
1311
1157
797
1533
374
813
2003
988
1197
804
869
2078
772
649
919
287
777
984
546
465
1134
920
313
1494
538
476
6958
379
613
1470
1551
733
471
713
1301
169
1187
2884
201
297
1629
1023
473
181
228
1392
284
360
549
872
1221
120
1517
182
4695
820
933
1233
648
1798
1446
1629
1373
1931
1771
975
1483
563
875
498
1367
916
1287
884
560
1557
471
854
471
711
136
900
735
1434
534
2154
2583
507
997
1777
1369
3473
1583
1209
2661
420
472
727
1021
1832
327
646
321
256
915
5036
825
759
8614
763
1324
1411
275
1282
3397
695
3467
1173
177
2270
302
860
1044
867
1503
608
718
1534
363
2936
5414
413
490
847
1464
411
4013
3150
472
1244
3781
586
701
1548
1214
600
882
596
2996
242
1223
3069
406
917
1434
1036
699
2552
537
520
2057
2310
1410
629
3156
114
550
5966
2288
1975
1181
365
1724
1299
1712
1740
1643
1122
883
1911
1264
405
404
3424
498
489
2339
299
558
723
290
1492
508
1939
278
292
629
495
343
484
378
1282
511
1012
951
710
973
2256
1081
4590
730
917
1020
505
190
727
327
152
777
951
568
227
406
7303
1998
783
1607
751
2568
2132
1107
242
1990
400
3012
1980
3210
2847
399
3185
435
202
1256
336
964
1877
3307
287
1051
885
789
3100
2651
512
3222
1401
2544
346
605
3088
3762
343
681
1700
778
263
848
424
974
903
2983
450
376
1288
5915
825
950
1220
729
686
389
8909
1206
2797
1099
851
1220
782
661
1623
159
1343
470
368
410
1273
2423
1003
262
262
1862
3637
627
1237
1981
1869
1702
2759
1186
3002
863
702
254
183
288
1706
496
2008
2726
1373
5592
2883
1514
556
1038
1438
344
179
2310
2837
476
2303
497
1830
992
1260
799
753
330
838
862
467
854
504
598
712
315
521
4208
612
4071
472
1201
445
217
603
315
304
508
1142
560
1263
2336
1004
1752
2629
528
3444
88
187
645
1211
965
406
1043
2581
354
982
611
2523
362
3719
686
469
1244
984
7075
1160
147
1767
4117
1219
500
449
2433
151
741
587
838
1052
674
212
467
614
1382
1114
332
168
253
1706
2978
1613
1308
1313
763
752
2474
843
1216
1277
174
3290
2057
774
432
2558
282
622
1391
195
2285
215
1382
1517
3415
486
984
477
114
1982
1124
116
520
446
2101
1620
1670
515
391
699
267
236
1426
330
428
1171
300
797
547
317
158
948
294
621
1364
3797
4324
2092
2651
1575
1471
356
2604
546
1961
1916
372
532
1014
718
374
554
1071
1129
602
499
330
120
958
190
475
1034
2243
1147
768
182
746
880
3656
128
679
2447
865
4119
590
302
1464
1584
1619
2802
520
683
2601
430
571
173
1046
1327
2410
145
2666
279
353
726
341
2764
449
598
5522
668
486
1607
4365
248
472
443
1048
290
401
2684
2812
592
339
1656
288
758
752
423
1609
2181
865
253
839
925
4966
1440
5316
334
870
1714
495
1079
898
1812
581
577
157
856
426
167
704
9714
3174
386
205
3004
1613
782
914
1303
514
911
216
2006
708
99
2659
831
2424
4358
421
495
211
1612
665
3113
212
284
794
332
139
88
135
1106
6334
203
3105
1209
803
1286
574
412
955
591
959
537
880
1130
663
784
1449
978
344
1311
1430
1168
4035
2002
1130
477
763
3868
490
1886
1668
1858
460
2618
5448
1186
3657
556
182
835
129
394
231
1431
1220
3007
281
2660
101
519
741
1622
4105
1456
679
7149
1625
2281
657
1045
326
918
347
852
177
1350
1113
1732
626
784
248
586
1080
798
757
685
2400
148
4218
278
1483
187
1825
1314
1804
761
465
1351
518
584
3113
3310
1052
176
4648
852
636
399
1113
3368
4088
589
469
5964
3356
727
402
190
3804
315
1446
915
1203
362
1153
255
1595
2230
1841
2288
536
2055
4677
1111
446
2334
108
505
1575
327
2256
419
3593
821
6120
2835
431
851
2435
1877
2661
2858
1565
1505
1146
257
811
898
539
555
1279
3940
177
2860
2253
3175
298
482
2035
1519
303
695
1464
473
1058
2717
1218
5477
923
5340
841
860
1225
886
1079
218
862
1666
1508
167
644
212
2595
1222
256
5864
6481
602
578
2655
304
2177
265
2841
1781
340
2967
1648
2514
749
724
922
264
669
454
288
794
550
1311
913
1869
3737
217
429
1164
3656
283
957
419
867
1014
315
1379
1035
634
1635
1014
3332
1256
1053
1310
263
1262
3030
2664
2906
71
2092
5871
648
2036
2266
1404
226
2730
1349
1357
969
1661
753
3480
250
776
1423
929
538
573
1062
833
2185
478
1259
412
1169
148
2890
2087
474
1714
418
254
567
496
3892
375
457
2905
2700
893
4212
586
1050
352
513
850
783
1124
461
1046
1928
2573
542
449
1394
1592
961
247
2007
1511
1212
2128
1160
417
2987
1527
1429
673
1891
364
850
1634
863
704
667
2301
735
3980
536
519
704
195
3478
351
2051
848
254
503
780
401
737
315
1291
540
287
943
289
718
673
1876
452
456
635
356
3685
1527
5195
2079
415
217
1438
2728
1323
1390
1716
3990
243
562
915
240
678
4178
2307
586
4917
900
291
902
3662
630
95
445
982
359
185
652
1321
2794
1000
472
2776
694
4326
1167
1820
1445
756
993
392
624
1753
967
276
479
588
477
1579
1474
978
418
478
3052
2600
910
577
396
1238
289
2514
2029
227
594
860
604
1404
3237
2195
181
1250
345
2942
490
1178
1885
1703
2393
392
1558
1746
797
500
1022
1994
961
2839
1870
724
206
1455
1940
586
683
329
439
2465
215
4713
266
2171
3413
2944
900
367
1139
540
2019
2087
587
498
2569
408
1585
2049
597
361
2491
306
258
3187
186
2387
1364
2965
784
697
1285
684
2961
2210
577
2649
342
575
988
2016
3282
365
723
997
3287
1660
389
2068
1272
493
257
1400
4322
378
3475
119
1094
2331
3529
235
1015
705
2837
1529
362
333
2521
1490
1013
327
801
740
869
459
632
409
1823
3302
286
1025
1652
375
1836
570
362
878
1013
3912
886
167
2981
605
2074
2154
1188
1070
267
341
2909
509
3939
247
2751
158
1192
2255
2013
2860
1593
208
1082
460
1499
373
878
3413
6645
640
3082
3699
1335
660
252
377
729
1926
2693
828
3567
1348
542
386
581
562
1665
527
3459
1659
2047
1375
451
1659
331
2157
384
537
653
540
639
6164
664
634
4753
249
1569
168
911
1904
2286
341
1932
3120
858
520
891
826
710
719
462
153
476
380
295
1078
363
610
769
476
229
347
1889
5122
2405
750
2899
451
1851
748
1022
959
212
2936
2834
2675
657
376
499
253
819
628
1235
910
615
1856
1187
1722
1132
6168
484
169
3238
368
344
257
1178
4284
276
775
3314
297
1569
407
603
455
478
823
290
3489
3227
859
3792
560
2287
327
367
245
1734
427
215
2074
4357
3050
2040
1320
1144
1924
2333
1046
352
1185
1414
1501
806
1284
1505
219
2755
639
741
1722
898
532
533
224
1414
397
237
3711
1554
791
1519
740
2004
1325
3880
2421
284
1037
627
7028
452
2895
199
2427
820
645
1603
1030
1764
1564
229
973
656
946
2122
896
1054
862
885
489
272
4508
725
774
1777
496
1028
2853
3916
250
1022
1531
258
147
278
752
658
695
531
2052
1423
795
790
590
1354
1851
506
1414
241
185
1342
157
1734
422
339
1262
844
1343
750
1363
249
594
469
1193
1150
588
397
1111
1053
1492
3367
183
302
689
798
257
398
424
233
264
1304
1294
884
2331
3593
631
1659
325
1149
649
325
835
1910
275
263
1271
1240
1497
1510
580
1652
1049
444
1068
552
1166
845
528
298
3309
2858
131
247
1455
152
1399
399
312
363
3705
3470
4984
450
449
583
366
1264
608
320
2366
987
244
336
343
224
4669
1020
1365
1960
525
2816
1138
787
2122
1140
394
2981
1120
215
527
1929
2246
2608
149
1621
1492
1854
1734
1950
382
1242
283
1524
186
2637
1337
364
777
493
323
3933
2773
1050
220
866
525
607
1008
1146
837
344
1381
1046
643
4456
1451
420
734
1381
416
820
309
508
1735
2332
4435
326
876
1070
1443
1209
1750
864
278
838
689
478
2256
1280
762
252
1075
496
1626
556
998
1603
905
1838
2758
525
377
2772
372
3405
3237
1831
5073
634
2583
408
2012
573
3643
6336
261
821
193
1872
1689
682
872
1074
1602
1491
2634
568
2394
2328
3304
327
2105
705
1273
1534
381
1244
428
1013
132
432
275
323
926
1480
1593
1483
1525
1120
1653
620
635
504
341
255
445
706
169
1392
225
570
334
2666
155
5276
1466
482
263
483
1604
806
1351
936
960
560
766
636
1018
393
1633
749
294
2576
2996
1168
291
890
2392
1478
596
1306
1925
5458
1518
553
526
348
1925
730
875
1359
187
1165
874
233
534
443
1876
1345
2288
2294
322
485
651
1380
234
1651
714
90
362
2376
1694
861
573
1850
879
543
903
933
483
621
844
2647
295
3535
890
415
323
542
746
1202
642
309
268
612
1126
1572
893
270
2281
1788
428
522
514
397
586
381
277
1493
942
314
2000
238
442
1621
176
2917
1278
487
363
1076
330
581
2901
163
556
487
1796
471
2422
400
2053
1108
215
8367
312
1771
550
865
478
1683
1226
1174
918
1985
368
802
1503
1516
900
298
8609
408
3311
1853
1078
696
2291
505
951
902
1564
333
744
299
1174
1711
754
285
1807
907
593
692
2604
492
4047
529
108
3707
286
3138
582
818
528
635
1080
982
1934
2349
326
810
577
1437
4448
550
2246
551
641
933
378
4462
1885
951
423
392
181
269
286
1661
1122
876
463
2475
503
627
879
661
1136
397
288
775
117
378
1612
323
846
2731
1427
1158
476
712
841
1410
1001
343
2020
3073
1095
455
633
2070
349
495
2038
387
1937
881
1707
2061
128
1449
1508
600
3074
904
191
546
1610
85
102
1963
2180
3427
3476
975
238
329
5970
904
922
383
930
1328
625
1307
722
1854
1091
791
916
491
203
479
1913
1824
1706
235
405
3099
2081
378
643
2280
3591
496
180
901
1655
3912
1507
1351
4947
994
1860
1010
888
1031
1573
621
717
679
675
235
1531
2098
754
1191
1358
460
571
427
376
860
1977
6724
343
1225
2335
403
244
336
381
1886
1139
1897
4033
403
276
3261
467
960
461
4360
234
300
166
1810
920
253
492
358
369
318
353
1752
230
253
826
1311
1979
4216
971
570
717
3341
1658
3297
2720
1889
868
2218
3605
1380
361
880
1671
1944
313
203
792
288
1836
536
260
1409
352
865
496
493
466
768
379
1341
1913
587
4139
1144
287
964
1008
520
324
821
1924
1261
1752
1314
544
788
3974
293
3327
292
296
3036
535
426
875
885
1893
846
430
3100
498
866
85
3002
768
2573
1052
729
1172
1151
84
2564
835
1283
677
1386
1319
3466
3145
486
311
564
540
1049
1852
498
1350
471
680
1538
2974
915
879
316
1615
866
2156
2223
256
407
2548
2483
452
1747
343
2950
3400
751
2244
1052
357
238
137
481
850
235
671
1034
824
1299
1449
2169
819
898
2390
742
501
524
2404
1118
3872
1421
113
3326
2493
572
1130
1522
1002
325
254
919
4919
274
4103
378
1970
405
371
640
152
517
745
2460
899
249
683
657
2396
708
2197
435
1897
476
588
3842
2829
391
2402
702
1170
875
1202
344
316
1162
64
474
760
2294
1147
500
446
384
1016
2160
1291
3098
150
1006
2120
181
678
1229
2198
306
602
2218
476
830
872
4442
353
1295
1544
2500
2610
295
3143
249
558
1428
263
467
1424
1433
4337
290
1198
1475
4630
1006
225
601
525
495
237
2369
982
1047
1402
4274
2559
581
186
1934
510
4552
3018
4815
301
394
2063
367
1370
2759
484
1808
693
1142
226
1822
771
802
720
1571
237
2194
712
161
271
250
628
2823
585
721
682
1343
784
1271
996
1174
440
799
1733
1180
850
700
2639
890
1375
2024
1648
1298
951
246
689
848
662
420
903
1064
3186
1048
383
2388
382
3718
1097
1093
1079
98
394
350
390
992
705
1012
3175
1456
384
644
3522
3035
3080
1580
1841
2561
1520
449
375
2902
2392
178
2169
2876
1989
86
1537
1681
1697
1263
717
499
710
992
731
285
5968
693
666
646
424
198
3021
1552
2093
1394
1896
2324
1838
426
3974
1026
1540
1065
1348
368
1170
1921
351
3111
436
941
991
532
936
777
1028
172
1349
2253
1117
647
1527
767
1688
821
1556
451
668
962
449
2094
463
1753
1575
414
2652
1954
230
1405
239
616
756
485
4857
1922
930
1272
4680
458
537
393
2363
1564
847
291
366
1164
332
891
476
480
1511
1323
2583
968
1581
1907
601
800
3064
307
268
2789
3433
306
1011
3456
1047
767
940
2602
494
301
634
245
340
780
1012
404
329
421
1467
1345
750
3220
1435
433
1472
2959
1512
2891
572
519
2950
291
725
1049
4773
658
275
4199
1137
1656
736
368
546
2608
739
981
319
2369
1618
490
252
191
857
505
521
161
2508
2407
1211
794
192
204
2519
172
790
276
1533
876
252
1507
206
864
1918
506
2322
799
1863
2193
2367
1470
328
1077
710
1214
584
4880
3575
234
1952
398
976
2970
910
1577
539
4631
2630
4121
2029
627
324
4948
1786
384
1557
748
548
572
2104
388
321
486
780
1091
2068
4683
1717
5069
1242
1204
752
881
135
323
246
276
1074
496
2418
784
1552
544
1327
725
576
2321
981
1166
496
262
2209
924
376
210
2029
2167
533
4946
207
798
302
4160
1334
402
4213
1050
792
116
1307
326
613
1939
2717
593
3959
678
308
2222
294
885
662
330
362
860
1429
908
401
8573
661
424
3492
551
341
1252
691
611
3884
210
175
831
747
4257
424
1929
5793
3871
3891
327
2216
354
680
334
194
771
2415
1251
1649
1390
4199
664
165
605
1406
1210
397
920
2749
257
1100
237
1426
1976
581
1419
992
293
461
254
215
702
3162
2952
452
1207
2768
718
2203
1641
476
4237
2517
578
228
966
706
1083
3490
1011
748
343
2941
2400
1753
959
390
1095
412
2463
1826
731
1401
666
1228
648
1230
2283
1434
2172
515
227
583
1661
606
1808
208
692
2491
800
99
1678
819
2412
1048
555
387
282
699
1397
1521
748
435
460
1481
210
744
401
513
3793
246
479
348
587
924
917
441
431
242
646
1508
5339
1079
865
393
346
545
1995
1130
5316
525
733
268
1117
502
1313
380
777
1137
624
876
164
1117
767
1779
3216
260
810
1037
2362
603
692
1037
2102
811
838
1233
1748
237
1477
901
5543
553
3413
3933
259
379
574
790
1017
664
887
1738
723
287
1228
3257
1328
140
254
1690
829
2665
237
3739
1736
838
3934
945
584
605
2122
179
959
825
326
1191
2018
462
568
761
740
393
2130
478
2377
1026
3215
411
164
567
824
605
441
901
2295
556
239
468
1565
1558
321
669
216
619
1463
1377
269
1166
2296
3168
2679
2173
203
582
477
818
781
6706
679
2962
953
208
1461
196
185
737
552
173
653
255
3703
1624
1298
267
1043
470
836
843
413
6198
827
1195
460
4011
152
1806
455
973
322
1505
905
492
665
2126
2295
598
1751
4264
1225
4095
1975
1320
443
258
2876
838
745
823
766
1973
1698
214
3319
1437
483
1403
162
679
2843
488
851
2372
1766
2321
371
149
265
786
1811
555
1830
590
565
1977
1830
1190
918
198
1498
2918
702
611
878
193
628
135
819
228
1557
1096
219
342
1880
2683
2094
1848
402
2537
2417
638
461
192
1146
511
1595
1233
1016
1309
4918
4423
623
744
2710
3519
1717
1930
930
388
1405
304
984
1492
770
617
382
3737
1272
147
3352
269
579
2312
631
4582
1756
3876
610
327
824
3322
1747
3369
392
3720
230
466
2823
1066
779
2845
852
4590
3374
1214
2825
284
664
1094
618
269
477
1630
410
334
942
2910
719
601
1334
933
207
607
1193
860
1661
2412
749
2181
2894
2860
510
3887
4787
269
1891
1600
2112
2085
157
1397
1754
351
2710
702
114
926
859
378
286
1163
3305
1314
664
604
2752
930
2866
1228
1214
1052
1114
566
407
306
1006
2451
314
851
1027
385
4317
1341
1148
1684
1724
457
105
574
444
307
1206
406
705
730
2703
2281
4313
2278
945
909
798
679
1140
669
799
483
2927
357
680
703
692
840
590
331
663
515
160
1816
627
1866
2029
903
4223
2366
1687
402
451
2469
1974
7478
543
706
305
406
104
1363
797
961
1389
540
1380
258
238
1609
544
2195
621
935
2156
1301
270
253
897
475
1063
581
2244
776
396
2630
497
1178
4000
2261
251
449
1130
1927
2751
621
8713
484
761
551
215
2543
305
861
175
1049
284
692
214
3345
1621
715
201
361
3057
658
2198
4278
258
5836
973
806
3389
942
385
565
503
3343
191
863
1123
721
267
410
683
117
6340
622
5930
470
2280
418
517
417
1450
300
1224
424
411
410
167
1232
164
2866
774
1781
2913
2034
2755
1648
218
2353
647
861
3118
158
3736
446
655
193
979
766
121
1144
462
1091
593
804
2057
1559
967
4785
1841
2038
582
1081
1980
2046
420
1468
1330
1318
912
289
293
1809
1157
1030
1083
1225
566
890
1751
1861
689
507
414
222
609
559
171
232
395
857
361
2439
389
886
1580
1531
796
582
228
624
912
447
603
848
288
348
3518
382
809
750
1077
599
459
603
534
1282
463
2859
993
2637
1081
615
1217
702
597
3343
549
760
1127
1324
1209
515
447
1656
3110
2259
1389
776
757
1438
465
404
261
779
1676
4071
1896
272
165
2762
1750
435
1499
2261
599
665
3386
767
605
712
133
2309
257
1440
747
335
311
128
403
218
485
762
386
6670
786
1738
541
1706
417
1204
237
318
503
312
233
1770
2013
730
568
428
1617
6846
149
1934
584
427
793
1236
695
740
266
621
466
282
862
278
617
308
550
469
2417
383
4770
3759
621
4340
2895
415
2989
394
673
498
594
1053
143
363
474
3012
1481
1810
630
557
387
782
1933
2054
2284
1968
4266
741
3529
432
1526
1269
2342
2857
671
364
1647
499
1306
213
2942
3055
4527
590
1362
826
333
188
2623
404
1874
384
1828
594
224
205
1308
1637
7165
2775
1808
1886
583
242
2023
823
2084
355
393
1404
1558
476
3423
494
2894
700
521
2918
214
1569
204
751
410
1592
2196
3321
590
3175
1974
231
1156
550
529
870
2578
206
454
274
597
672
1547
354
1023
452
703
1172
6113
596
571
1544
1151
2684
421
2323
167
7529
507
273
2104
311
529
181
786
1625
607
2404
524
460
750
858
421
168
2847
1559
280
570
3477
323
204
731
1135
979
2772
425
128
875
633
351
542
2653
977
841
2297
300
1845
484
3461
135
4827
1580
722
1113
480
534
2798
698
228
3955
753
159
2150
867
432
1933
202
1153
856
2428
2608
3609
952
291
427
883
4200
773
1903
1353
3207
3984
116
1640
8038
579
885
4202
244
1255
1481
1430
144
1649
1322
3207
504
3760
489
250
330
1534
1219
1791
402
731
1542
1258
450
190
1908
2378
392
364
394
1908
1378
527
350
1270
742
803
461
682
418
579
813
173
1612
3647
1950
3403
491
608
298
1547
3156
1053
630
3284
2584
717
290
2648
2611
1333
2576
5611
735
1190
574
3126
763
1211
2154
1476
173
645
509
1544
2059
4014
800
4929
1159
1423
695
1357
219
2009
1920
780
1497
506
209
827
606
4314
3255
163
463
89
648
3070
4666
1596
161
587
365
810
2001
557
3250
393
5925
4190
1981
2804
1057
727
1912
1250
2982
1170
154
3798
894
1307
1119
219
264
1561
2460
1074
105
176
1065
2344
407
427
3948
1554
380
711
941
1034
756
1603
362
159
502
177
2753
700
1034
2622
785
1164
3019
274
701
1433
4159
1294
2878
257
570
259
667
598
644
861
1368
1793
1227
2158
367
961
1985
457
1655
835
1635
3828
4484
852
451
2094
740
3103
1318
568
769
883
1631
1714
686
847
302
635
1098
924
246
316
268
1867
839
1018
729
3496
1048
669
2037
3018
886
1601
356
485
1641
181
1933
971
646
2073
548
458
863
1097
919
5051
1460
323
997
2950
2915
621
1053
1051
1675
2168
2112
636
1917
193
348
1125
665
677
327
513
1999
321
1502
782
2116
421
356
1087
941
597
377
4089
1590
1335
3180
856
535
1354
801
428
799
291
2859
450
2315
467
831
219
549
435
2923
306
1676
332
1638
2132
2530
267
8507
312
882
3722
435
261
1464
3006
2630
256
3037
1319
139
681
170
1120
553
922
986
6168
1017
1520
1931
1098
208
315
417
404
361
390
1020
530
202
2062
1122
1044
442
3061
309
112
1286
2297
447
516
667
643
338
628
1089
173
1136
3029
5956
2907
1713
1169
905
802
278
1729
788
2362
229
2005
1957
416
903
2642
326
254
489
4376
973
3537
978
267
1028
1539
1531
278
943
714
1032
803
840
588
2547
1418
816
209
2818
485
451
1521
671
6169
1441
409
456
670
1707
152
690
3726
1029
477
250
1654
2415
4546
842
621
5895
312
232
718
1418
1515
818
1074
301
902
1992
256
1460
1058
1240
593
357
104
2241
1164
331
297
406
213
255
3135
373
210
2469
374
1743
601
7693
3576
563
1042
686
1666
529
1072
1871
320
636
2372
968
1699
540
143
238
1056
580
487
1135
291
463
1358
2273
454
501
176
478
4402
1307
3868
890
1091
3428
234
685
1387
227
418
1918
1966
268
357
303
337
3163
1113
375
1265
614
1236
303
303
687
322
1056
855
1425
921
306
1753
1435
246
373
806
3935
1532
514
3321
5498
305
613
455
3929
387
770
1184
221
978
5307
484
1268
631
426
3665
1045
277
2909
4527
891
1789
1785
182
1562
342
533
404
335
672
775
246
433
3242
1646
182
363
608
2089
952
1649
443
662
198
1419
3250
594
329
1631
167
2463
227
2835
3339
377
1590
556
3520
234
945
1725
875
173
136
1540
478
1788
1630
3421
1654
522
281
717
587
528
889
276
3125
386
497
1481
853
1931
488
1263
1402
515
755
178
1024
990
1188
233
1121
776
141
288
267
466
667
696
429
910
1979
170
515
3459
175
1487
746
3944
107
3766
357
1957
1470
1233
1847
195
2141
806
881
2704
660
3619
729
1027
2868
1045
1201
862
1387
567
235
2182
1564
253
110
848
420
1457
611
2095
1611
1038
2407
1299
2396
803
1236
823
1242
1644
397
979
1997
848
1132
2755
662
767
568
1192
612
423
1484
1018
411
116
2188
5104
4052
2626
621
214
842
455
1507
1177
883
1874
1485
1002
964
1231
405
886
812
568
675
322
606
912
669
3816
748
805
437
1184
3613
410
211
1166
884
1352
2240
1303
4350
1137
354
198
1251
1394
1678
1911
1862
879
374
416
489
2759
256
706
909
1124
1835
1395
372
534
830
870
5227
2726
308
425
1972
3902
656
1707
1087
827
328
791
811
1403
300
563
558
638
2319
319
491
166
2295
474
1682
3097
168
586
422
293
3049
342
252
3079
932
92
5151
1083
986
518
2058
4541
1311
1746
4236
2033
289
1978
1036
514
665
863
1119
1792
343
460
139
297
1025
1311
442
3439
665
1026
1522
407
557
282
738
2509
5269
278
353
3265
107
1991
216
955
2605
591
614
4236
1246
480
109
432
556
257
822
1615
294
1639
702
1664
1574
693
1898
134
347
3109
239
1128
10335
629
2583
2973
450
168
632
1405
2066
1229
520
869
1010
433
616
1728
6938
5135
192
1896
915
1132
320
144
301
1188
1189
1917
400
320
810
1822
1227
1091
575
1682
1385
147
803
1099
822
1137
2160
450
677
274
196
2245
652
1250
309
671
577
766
1803
1296
205
415
400
1587
1004
1709
403
5751
1032
266
766
3579
1383
838
1489
824
2537
663
2780
148
677
236
177
1445
1052
1028
1102
966
555
179
2373
2877
351
1674
2540
417
987
2368
649
3117
548
1227
315
2525
2242
2257
2052
205
894
3254
633
244
654
869
643
330
541
976
561
2659
340
1205
1492
2807
3288
862
2266
332
271
551
717
1037
435
862
661
3070
428
500
2019
1615
509
1759
641
398
994
272
4396
268
231
812
2996
1723
2636
316
2501
1573
3134
5687
523
226
1958
942
691
3789
6012
784
527
1127
863
494
282
106
169
2299
1066
744
632
384
745
675
3043
2052
157
2560
241
233
3822
927
922
1235
347
276
395
668
241
817
567
900
762
480
315
3985
1171
624
1002
1139
832
744
103
1918
912
325
3454
1042
706
425
2538
963
331
1527
1107
1292
1597
2026
215
675
5835
2369
681
253
376
1875
1005
471
435
1043
676
1300
1828
1086
894
233
2284
169
992
1235
537
1126
1769
313
1856
1551
1657
226
912
1140
667
469
3014
267
4000
2945
774
634
1098
1291
1234
158
3855
964
3908
820
424
599
3494
3770
526
1367
904
744
480
411
2344
933
124
255
323
360
2241
3258
2758
601
968
488
334
364
1313
3452
1507
513
4408
755
451
4668
1005
233
703
1483
1733
1592
470
2047
495
346
3468
396
161
1471
1026
1540
471
3600
260
991
1561
328
302
3291
3160
1738
685
1615
1259
812
1810
981
2980
155
1083
816
2931
3582
271
723
1136
90
1578
3384
922
240
3204
368
476
2679
1453
673
1151
6735
589
2599
879
1653
661
2025
1350
881
1651
319
3273
443
1842
321
652
260
741
2597
1991
1739
1044
133
209
75
2314
866
816
678
3814
2966
425
3192
757
739
379
1930
508
973
341
1671
713
553
303
542
755
1638
844
3152
1411
144
3549
3577
522
1805
1473
2895
1314
2819
986
2306
2755
2413
325
796
1870
2726
3382
1550
632
1552
3239
783
494
1122
703
762
429
848
836
3926
1999
405
533
509
1042
424
142
757
2446
407
826
804
3611
1176
439
3649
1737
441
463
1712
725
2319
2412
3273
1531
137
277
302
1220
1379
640
2080
2390
650
579
2715
1113
180
4895
1638
753
1186
759
5785
3882
225
326
2379
525
935
497
1563
2298
157
1332
205
354
2065
569
431
702
1939
1440
811
2976
1200
1607
1306
619
389
521
840
2524
561
548
339
1014
457
1356
282
335
552
1599
5754
1028
889
635
1346
362
3025
1675
623
1430
3106
1851
773
621
2564
834
604
1381
193
4037
818
290
519
2628
248
611
1205
399
360
1593
371
3462
1029
389
268
4987
2625
2809
828
3731
932
1395
2268
633
590
1764
800
1644
1504
699
647
1848
736
495
1611
429
358
2955
3637
646
2577
497
3826
1100
5387
521
2381
1070
892
1053
299
313
858
473
296
916
519
557
805
2654
2750
1237
316
1842
1521
3228
1726
576
780
1567
2019